4.227056 22.346338 -0.343805 30.915794 7.488162 -1.532517 37.282955 20.548155 9.308686 -12.952943
4.116979 21.956203 8.764688 27.360991 6.124187 2.698588 33.557732 10.772139 10.721316 -16.392540
2.527226 24.075848 4.587107 29.687302 4.538393 0.573274 38.583275 27.519690 15.046301 -28.014286
8.191012 15.605145 -1.668354 27.320026 11.424405 -1.474836 30.720522 5.624197 3.840828 1.477880
10.620851 8.706781 -11.716621 26.061266 11.966096 -7.251870 33.473763 25.028481 4.774481 -11.798679
11.926116 11.201230 9.984171 21.324291 10.337728 5.249043 23.521955 -10.405426 5.652836 -3.231883
23.574747 -16.180044 -8.367895 4.095870 17.172640 1.239331 13.444452 -0.678274 -3.652372 -11.620446
12.752798 4.708416 -0.027002 16.958370 11.157647 6.113909 19.151339 -3.018330 -1.609060 -4.114825
11.640965 8.708987 -2.469247 24.083664 14.008778 0.085698 24.469313 -7.436100 0.256117 10.113895
16.476635 -1.813360 3.623165 12.918320 13.387273 5.957533 14.615805 -15.135994 0.979974 -1.816329
22.237474 -14.237323 -6.342875 3.997361 16.489021 2.529633 12.219116 -3.304501 -3.705449 -9.355240
9.136809 8.900709 -2.734567 22.187862 11.874830 -0.374176 21.862886 -5.500492 1.205274 8.796427
4.751682 15.837362 -1.920638 24.005638 9.613345 -0.947854 23.904121 -0.676711 4.006312 8.296940
18.406731 -3.735618 6.031383 9.482122 13.442994 8.179340 11.528023 -17.839897 0.501767 -2.045871
7.423880 14.968186 -7.814941 28.586651 11.079021 -5.386533 34.006760 18.376320 5.832937 -5.028707
24.180668 -17.551189 -9.663324 3.517206 17.720068 1.082196 13.142493 0.166069 -4.763489 -11.753249
5.670467 18.484528 10.519190 24.644949 7.072126 6.567723 25.386948 -6.073896 5.177372 -3.221266
17.443110 1.270934 0.946290 17.501564 15.531117 4.866595 17.984148 -17.272535 -1.341272 11.251427
2.166588 21.765675 2.542521 28.226099 4.447880 -0.075101 34.944695 25.184319 14.064130 -25.499937
22.228973 -13.946783 -7.497860 4.579310 15.891438 1.621658 13.781561 -1.608663 -3.810117 -10.254691
4.950921 19.847906 -4.833784 29.738922 11.009216 -3.306935 30.522596 5.429717 4.467214 10.064479
25.674786 -18.746414 -10.916706 4.008624 18.586084 0.386468 14.347824 0.992632 -4.544461 -13.033541
5.422583 15.191136 15.279805 17.739882 5.244038 8.970974 20.266924 -8.319042 9.924270 -12.812625
16.075581 -3.217850 6.035185 8.711426 12.185687 7.846329 9.878044 -16.908466 1.290811 -0.688916
23.053751 -15.126132 -6.825238 4.334385 17.023220 2.740233 12.425436 -3.508747 -3.656590 -9.580571
5.504167 19.439888 -0.526050 27.677822 9.834748 -0.986237 31.078310 7.285014 6.061982 1.395801
6.999785 19.337294 6.439659 25.908232 9.013423 3.159262 28.655878 -3.423311 3.346236 5.254200
7.952224 16.917179 1.459012 25.687454 9.914763 0.606092 28.045717 1.367303 0.538431 9.035311
3.106575 26.804256 11.462313 29.242193 4.079225 6.251119 35.481941 14.320449 10.469713 -19.863611
6.938177 14.567609 2.338754 23.448786 9.658995 1.274302 24.551661 -4.508801 3.108660 6.076527
6.877895 11.012462 -16.231691 27.525272 12.765256 -11.597059 32.267162 25.411655 7.079865 -5.606434
11.896467 6.063917 -2.952345 21.521404 13.218820 0.086031 24.233242 -4.249945 -0.532826 7.145547
22.576244 -14.407696 -7.727909 4.201427 17.010830 2.026979 12.252844 -2.574711 -3.333992 -8.249465
4.273804 20.965660 -10.698730 32.994427 10.518744 -7.465624 36.880280 25.437418 8.468613 -3.922752
8.366076 12.609105 -17.885935 29.707916 12.369156 -9.964565 35.798473 34.496109 4.973621 -7.369639
13.050366 6.915912 -2.471570 22.955322 14.447228 1.134097 22.814604 -10.637110 -2.148188 16.382946
2.726919 22.883850 8.555152 25.643661 3.147082 5.619647 34.571159 23.458200 12.894213 -28.511871
15.209067 -1.736305 6.116442 8.911905 11.359204 7.920676 9.372231 -17.121700 0.714263 0.962390
23.527868 -15.747847 -9.034067 4.098457 17.525980 1.586832 12.820086 -1.269823 -3.972349 -9.634398
19.615694 -5.952247 2.406113 8.503248 14.832860 7.298580 10.951360 -15.632454 -0.984811 -0.724106
7.275767 15.738858 -0.513115 26.428965 10.768952 0.822213 27.851940 -1.093385 0.400115 11.058823
25.988068 -18.997473 -11.340999 2.886184 18.934340 0.611170 14.145807 1.948428 -4.966014 -13.120003
5.407345 16.753912 1.598476 24.800108 8.538410 1.421749 27.216986 3.631011 5.728621 -2.333443
18.467381 -5.261271 3.815949 8.695293 13.916692 7.516129 10.886718 -16.198334 0.087379 -2.593408
24.000441 -16.705425 -9.159026 3.669377 17.501249 1.518092 12.692959 -1.196018 -4.301223 -10.317125
16.569815 -2.741286 7.336564 9.190836 11.595515 8.749314 10.333189 -18.176842 0.135686 -1.252429
16.202497 -2.469396 -5.574225 12.964722 12.710361 1.573948 18.886023 3.192207 -2.916255 -5.587226
17.834528 -4.478791 5.701896 8.197757 13.115024 8.104414 10.791487 -15.717075 0.423263 -3.484932
24.582747 -6.356378 -2.902896 13.241860 18.796457 2.944937 19.340876 -9.111982 -2.726409 -1.174644
23.759340 -17.659290 -18.972345 3.007351 18.154329 -4.536396 13.644927 9.978091 -4.548401 -10.318795
7.459323 15.787805 -4.516599 28.299767 11.745435 -3.286377 30.484449 4.960348 2.509298 8.957427
22.570997 -13.168953 -6.188280 6.319059 16.930281 2.637612 12.765388 -7.277283 -3.474922 -5.827288
10.117059 11.181356 -3.057138 24.704582 11.702421 1.624354 26.235376 1.730570 -0.967085 2.843906
6.823639 16.050575 -1.831216 26.979721 9.423940 -3.798808 34.901432 19.137426 9.318646 -13.632787
12.598458 3.600291 -17.170273 23.994816 13.693526 -9.513448 32.046967 28.986792 2.737727 -10.500760
16.229536 -3.090363 6.926754 8.584389 11.803023 8.338058 10.434299 -17.192549 1.678637 -3.003949
15.016948 5.048612 1.002290 18.705221 13.401870 3.954664 19.338938 -10.637533 -2.680488 13.794155
10.737430 6.010553 -15.812095 24.589052 13.538941 -7.768626 29.212164 21.655210 1.321255 -2.278820
25.686787 -16.905151 -8.928634 4.331873 18.154432 1.482261 14.161120 -1.741370 -4.694658 -11.246893
15.870139 -3.941032 3.063785 8.495947 12.354989 6.699553 10.198381 -13.476368 0.538986 -1.596432
17.870047 -6.836999 2.051219 7.523851 13.601645 6.091305 10.834656 -12.916917 0.263023 -4.360251
5.192935 21.483990 10.646121 25.146149 6.334743 5.490512 29.493420 1.857134 6.950953 -8.126896
23.208208 -15.664431 -7.300309 4.500580 16.942392 2.069684 12.933086 -2.491086 -3.079594 -10.665090
13.668105 2.163222 5.783353 14.379577 11.137004 5.834721 15.996205 -12.174246 2.467747 -4.187217
13.741196 -1.275676 -28.826166 24.697433 16.533499 -16.445921 30.924711 34.606228 1.383457 -5.477631
18.977560 -4.309965 4.972195 8.930193 14.231717 7.685249 11.639735 -16.420734 0.291174 -2.310399
22.905806 -14.062905 -6.722197 4.758774 17.183489 2.076007 12.663263 -3.665170 -2.882150 -8.585367
17.593861 -5.248733 3.278116 8.682429 13.092556 7.172593 11.160677 -14.976892 -0.184131 -3.366825
14.633098 0.259523 8.454926 11.569642 10.715369 9.417936 12.094477 -18.034187 2.295013 -2.777802
11.711986 5.579901 0.882515 18.754284 13.314406 3.411935 17.647448 -17.828186 0.344062 14.977632
6.436145 17.009552 -5.756111 28.649776 11.012462 -2.245430 30.903021 9.178907 3.236646 5.127671
