3.212995 -20.147293 -1.065729 -14.574373 -0.674414 -19.439655 12.619320 -23.231236 33.444275 -4.433897
2.746196 -15.292107 1.501387 -13.082517 -11.742964 -20.736790 13.817669 -21.995384 33.462635 -6.849949
-6.011634 -17.661652 -20.021605 -8.696425 -5.279967 -29.009043 43.145939 -25.612265 77.873352 -21.282032
0.048292 -13.634730 -2.802848 -12.203574 -38.533436 -27.680864 22.282673 -19.083603 42.593975 -11.346403
5.024029 -22.036793 -0.203385 -16.508867 -1.060179 -18.974007 10.220468 -25.225161 31.419254 -3.214786
11.300135 -25.341709 9.820898 -20.637735 -3.536893 -17.749735 -3.612891 -26.951847 13.410956 4.332741
12.560091 -21.070835 13.564907 -19.272133 -16.861244 -15.022260 -8.818470 -20.917233 0.175216 7.197844
4.360092 -19.806980 -1.015737 -14.873873 -4.734345 -18.945322 11.067761 -23.126801 30.761028 -3.531918
10.482795 -20.028999 9.437422 -17.442640 -14.556023 -15.967393 -5.690408 -21.211807 7.127286 4.685242
1.532536 -19.979998 -10.312726 -11.775542 -6.790568 -24.268398 21.392868 -24.891296 49.094784 -9.098886
7.858400 -23.684334 3.651897 -18.515110 -8.749006 -20.328533 3.925518 -26.097517 23.953499 0.840208
9.250703 -23.456676 7.219985 -19.439625 -9.613651 -19.459843 0.602561 -26.095570 18.902687 1.995353
3.220077 -21.752609 -6.688946 -13.662904 3.817064 -20.263031 16.829622 -26.214760 42.570499 -6.762820
11.613484 -20.266161 12.039463 -17.970728 -8.068226 -12.454510 -10.291986 -19.594948 -1.584085 7.314100
10.083941 -22.824524 8.089070 -18.503506 -1.929392 -15.646851 -4.533086 -24.011463 10.413237 4.689917
8.025307 -18.653614 7.982378 -16.652925 -20.454636 -19.539124 -0.299333 -21.325445 14.632113 1.834545
2.362855 -20.069252 -3.150573 -14.620330 -11.272041 -23.397667 16.909435 -24.287724 40.194134 -6.485272
13.530574 -25.278004 11.734702 -21.220922 2.973993 -14.241260 -7.622652 -26.130095 5.594594 6.706101
-5.967694 -17.993938 -21.506544 -8.280319 -3.957238 -29.022388 43.760181 -26.285511 79.279770 -21.426680
5.369166 -22.488317 2.137818 -17.811354 -13.590935 -22.846554 9.595513 -26.049553 31.198750 -2.587257
2.491211 -20.862453 -4.320940 -14.596910 0.763467 -20.674829 17.475304 -25.408894 41.903339 -7.456097
8.880541 -22.289568 9.059786 -20.005178 -14.897633 -20.254982 1.387701 -25.461470 18.652660 1.288930
9.525196 -27.453953 -0.582958 -19.519619 22.211182 -13.223769 5.229235 -27.519787 24.708988 2.629389
14.346329 -21.726067 12.633855 -19.306612 -9.914660 -12.236732 -11.887994 -20.607183 -3.559581 8.681648
8.967436 -17.542582 11.420634 -18.151304 -32.058228 -20.559038 -1.385535 -20.080156 11.162573 1.879933
7.354107 -18.759174 5.112838 -15.937446 -17.828911 -19.394699 2.733492 -21.678791 18.779680 0.607388
11.686372 -20.840866 12.277240 -19.674994 -28.854502 -20.142658 -5.532453 -22.489923 8.083872 4.593305
8.971102 -24.974836 3.696483 -18.928337 12.936989 -15.392780 4.128681 -27.959087 23.684151 0.738611
2.276370 -23.307281 -8.084399 -14.813623 5.522518 -20.931618 20.205711 -26.683624 46.314701 -7.562144
11.749605 -23.646807 12.672639 -20.800062 -9.536971 -15.973894 -7.324307 -23.775944 5.067595 6.107852
11.551975 -24.157179 11.928395 -21.383642 -9.319300 -16.792757 -6.745631 -24.656021 7.720343 5.630573
-4.307806 -17.467278 -13.701538 -11.021209 -17.010590 -29.951405 36.756573 -24.951101 68.218506 -18.120802
15.157318 -24.420095 15.243627 -22.731943 -12.461623 -14.911111 -11.339111 -23.990036 -1.499093 9.322865
3.932156 -16.413795 1.475240 -13.956441 -24.324121 -22.954018 11.564712 -20.989841 30.550491 -5.061468
-2.126683 -19.727543 -17.434637 -9.804317 6.467190 -23.135479 33.198933 -25.630827 64.042854 -15.293903
9.613607 -24.340027 4.858370 -18.521557 2.787456 -15.921008 -1.048723 -25.411652 16.630833 3.316774
-2.304904 -19.681290 -16.448759 -10.713902 0.985031 -24.100941 34.043392 -25.236691 64.030518 -15.718125
0.824213 -21.780529 -9.919955 -13.329631 1.124428 -22.812889 23.016750 -25.898220 50.491680 -9.614116
12.067619 -24.024395 12.116563 -21.223928 -18.946156 -18.592932 -6.708914 -24.436153 6.924687 6.350097
2.796566 -18.704060 -5.888250 -12.478458 -14.879057 -22.593098 15.085567 -22.194849 36.845268 -5.866580
8.588484 -22.108854 4.635207 -18.117384 -6.624951 -17.105568 1.779858 -23.692091 17.936836 2.067430
4.639706 -20.891901 -2.036553 -15.032690 -7.721074 -22.080231 11.689239 -25.563065 35.307438 -4.110415
3.483916 -18.204861 -4.528099 -12.028337 -12.878662 -21.862497 13.998639 -22.291466 36.442692 -5.793385
12.615963 -22.531937 12.609433 -19.985254 -7.107401 -13.441121 -9.832674 -21.793079 0.098147 7.766154
-0.500984 -20.472816 -9.208184 -13.355241 -8.815314 -26.480858 26.266529 -26.136669 55.767971 -11.904079
9.969538 -27.179506 1.415620 -19.302561 25.647339 -11.842728 1.645897 -27.017096 20.043406 4.208734
3.292002 -20.076115 -3.892336 -13.978624 -5.077696 -20.520119 14.559549 -23.778736 36.512005 -5.522172
9.876698 -23.700790 9.612251 -20.137157 -6.246475 -18.640903 -1.536403 -26.502872 16.083065 2.647058
3.932579 -19.882818 -4.224875 -13.746789 -7.544317 -20.437752 12.535457 -22.846132 33.885326 -4.098148
1.666060 -16.547880 -3.934134 -11.823981 -11.312237 -21.269825 16.164064 -20.420471 36.786106 -6.997235
3.352268 -20.433834 -2.973322 -14.726382 -0.535015 -20.603489 15.959303 -25.299986 39.586323 -6.641870
13.537224 -30.206553 9.805744 -24.950085 9.720345 -16.034946 -4.158082 -30.506969 13.087855 7.365623
3.187978 -22.632832 -5.807524 -15.369136 9.580467 -19.063091 20.150223 -27.246557 44.712574 -7.865854
0.001431 -19.319994 -11.839662 -11.710515 7.438176 -20.497065 27.846840 -25.069298 54.736584 -12.487753
13.297812 -22.574518 13.916496 -21.451305 -25.149899 -18.322168 -7.989686 -23.167988 4.121273 6.324458
16.438419 -25.053505 13.798561 -21.994387 3.825341 -10.572028 -12.799315 -22.521553 -4.933808 11.703474
4.806374 -18.490623 -1.001381 -13.633534 -11.121626 -20.647182 10.441981 -22.956181 31.375837 -4.014891
-3.484361 -18.219236 -17.954796 -9.158765 -6.322315 -26.685234 35.841251 -23.982117 66.932922 -17.072346
5.008943 -20.524963 1.187977 -15.317677 -6.058636 -19.875278 8.395198 -23.830753 28.773201 -2.682885
13.937708 -23.769737 14.273180 -22.613237 -6.486018 -14.102714 -9.412646 -22.571301 0.087143 9.223173
14.034837 -21.707525 11.745452 -18.816517 -1.946477 -11.359674 -10.599023 -20.947479 -1.445779 8.496602
8.469721 -25.875298 3.550658 -19.557184 7.219917 -17.120596 3.481961 -27.583889 22.848259 1.745975
6.236332 -18.455044 2.859038 -14.373489 -3.369100 -16.134909 3.464480 -21.235016 19.722115 -0.069595
5.506761 -17.253944 5.833169 -15.784153 -24.265091 -21.108494 5.372560 -20.582443 20.890106 -1.196576
5.409374 -20.341110 0.462966 -15.491151 -10.028313 -21.287643 10.011504 -24.408192 31.272650 -3.544521
7.600524 -22.250313 7.588211 -18.750689 -8.668909 -19.505173 1.801026 -24.885696 19.778238 0.942862
12.724489 -24.505512 9.896739 -19.578255 5.096479 -12.840522 -9.278159 -24.270092 4.391384 7.609133
14.743634 -25.492584 15.947171 -24.204641 -11.636551 -15.839704 -10.402518 -24.646441 -0.019755 9.376783
5.956313 -22.408459 1.650331 -17.709486 -6.369345 -19.595171 7.701070 -25.220596 27.649286 -1.122447
6.675016 -20.533154 6.589486 -17.531414 -15.891605 -20.870262 4.345839 -23.561653 21.210182 -0.099281
6.804028 -23.013391 -0.761123 -16.557394 7.177611 -17.069820 7.369338 -25.960411 28.118546 -0.909941
