-10.301455 9.717014 -0.826311 2.238930 10.034734 5.158763 6.150778 5.252303 2.941157 -0.624791
-3.200403 39.610390 11.503220 5.995888 16.442287 36.232239 36.500641 34.688683 9.402320 -3.371604
-0.112095 57.634449 18.272337 20.847176 14.588648 65.938187 55.670090 60.529045 25.313274 -1.174836
-8.992262 12.970757 1.347993 1.098352 10.771089 7.302791 9.193489 7.229362 2.120243 -2.125259
1.017928 56.894482 19.293726 19.645494 12.419239 63.394493 54.134239 58.759693 23.008463 -2.406559
-0.465194 58.794407 18.767656 23.001753 14.609673 68.705559 57.080887 62.802658 27.545971 -0.626323
1.319692 56.379784 19.740536 17.500923 12.353803 61.352196 53.120842 57.237663 21.387621 -3.983422
-7.555215 14.652805 3.081154 -0.332562 10.805079 8.463603 11.601301 8.776083 1.186034 -3.763773
0.363103 55.951553 18.667677 20.769009 12.763510 63.817696 53.367348 58.567860 24.635387 -1.947132
1.068913 55.886246 18.800957 17.876911 13.077868 61.437321 53.169289 56.997765 21.921577 -3.329097
-9.747755 10.199465 -0.380344 1.762672 9.968999 5.292854 6.658669 5.375422 2.389496 -1.018922
-10.090414 9.712707 -0.542641 1.983709 9.952290 5.164256 6.273563 5.130301 2.927453 -0.814844
-4.680371 28.246300 9.251766 1.077746 13.081321 22.179867 24.732357 21.780142 2.924509 -5.504670
0.931810 57.524498 19.817499 20.558697 13.050158 65.437233 55.418877 60.488686 24.768932 -2.823389
-2.364396 33.957855 12.041519 2.501967 12.460965 28.184830 29.439781 27.640621 4.395643 -6.410722
-6.823500 18.172821 4.661506 -0.536381 11.382424 11.420815 14.502609 11.806995 0.794853 -4.461836
-0.030314 55.562836 18.003815 21.388542 13.895157 64.815475 54.344925 59.466965 25.843702 -1.068550
-0.318879 57.875862 18.408405 21.942390 14.491378 67.022614 56.020336 61.287895 26.443312 -0.784958
0.227927 58.574818 19.159193 21.083694 13.856391 66.564278 56.088909 61.223427 25.240973 -1.806823
-10.417250 9.306900 -0.936580 2.300139 9.942828 4.999648 5.882529 5.104585 3.199982 -0.534036
-2.184648 47.943863 14.211905 12.375105 15.378160 48.669987 44.694008 45.997513 15.650953 -1.708555
0.262093 45.791473 16.379261 8.163469 12.241187 43.366508 41.180714 42.007385 10.590642 -6.029717
-0.409286 58.271416 18.377485 22.229897 14.613376 67.537796 56.414627 61.801029 26.709213 -0.446686
-10.348389 9.600290 -0.871682 2.327850 10.025964 5.179010 6.036351 5.230907 3.097389 -0.600012
-10.094666 9.727531 -0.567795 1.904604 9.886012 5.156907 6.329666 5.208963 2.810374 -0.847493
0.343986 53.434772 17.770069 18.337679 13.503148 59.834690 51.562744 55.881306 21.957577 -1.731891
-1.294353 48.857918 15.380200 12.282057 14.239898 49.637943 45.432442 46.752716 14.854917 -2.535155
-9.530838 10.369886 -0.349984 1.769092 10.022531 5.515005 6.813303 5.398285 2.241607 -1.096818
0.429261 55.265205 18.824114 17.112211 12.864552 60.029682 52.498497 56.076485 20.644962 -2.901602
-0.282251 58.599232 18.895756 22.614208 14.439387 68.269585 56.788094 62.429188 27.168758 -1.085126
-8.554155 14.403372 2.455812 -0.120737 10.797333 7.930209 10.524226 8.227503 1.078936 -2.913474
-0.127904 56.464573 17.847143 18.753813 14.311727 62.447479 53.706264 57.823761 22.575291 -1.589306
-0.178197 58.980949 19.227358 22.782997 13.982908 68.495605 57.093670 62.799454 26.977802 -0.649725
-0.842687 55.567764 17.321791 20.021130 14.741201 62.903717 52.982098 57.787819 24.374199 -1.251749
0.089551 45.190327 16.465765 12.597910 12.051366 47.435215 41.477726 44.504166 16.067719 -5.222488
0.839705 52.652927 17.742743 14.669809 13.318757 55.582897 49.301498 52.391224 18.488388 -3.943554
-8.907131 11.503725 1.120250 1.630547 10.423464 6.855408 8.415149 6.802513 3.478747 -2.036849
-10.038530 9.941551 -0.035590 1.540093 10.084361 5.385481 6.932511 5.641507 2.834076 -1.366109
-9.660553 10.698032 -0.125252 1.485470 10.263043 5.657484 7.219153 5.642706 2.130196 -1.279936
-0.227631 59.126431 19.076735 22.385099 14.298771 68.332314 57.158360 62.620827 26.738916 -0.864003
0.666921 54.994904 18.247408 18.086779 13.217294 61.342342 52.912174 56.508537 22.605080 -2.318627
-9.238979 10.741775 -0.032332 1.281631 10.330203 5.716281 7.427265 5.581650 2.092596 -1.423852
-4.527391 36.235870 11.285325 4.927359 14.261800 32.060947 32.145180 30.601278 7.375112 -3.224702
-3.604249 37.867287 11.468391 5.299685 15.372615 34.219463 34.422768 33.032887 7.850839 -3.517512
0.555334 54.583508 18.331938 16.131136 13.605157 58.969990 52.035362 54.740234 19.942354 -2.747476
0.021430 57.705299 18.717146 20.802261 13.924746 65.536972 55.703072 60.458168 24.785236 -0.946288
-0.619571 58.344181 18.291105 22.554016 15.092650 68.131599 56.900646 62.251072 27.273396 -0.399652
-9.919553 9.801683 -0.577393 1.980755 10.100919 5.183167 6.357706 5.107309 2.844405 -0.867006
0.824571 50.846382 17.545580 17.917109 11.153319 56.877628 48.934250 52.788185 20.856701 -1.768381
-5.147436 35.244247 9.959443 5.163491 15.620624 31.788456 32.318516 30.023911 7.604065 -2.645587
-0.557005 58.723808 18.563503 21.995224 14.846568 67.681602 56.630806 62.079597 26.468243 -0.753054
-9.944851 10.093534 -0.385634 1.675817 9.933230 5.223872 6.679492 5.406004 2.419537 -0.994857
-0.043323 58.485649 18.887405 21.350319 13.953647 66.804024 56.327023 61.326691 25.718475 -1.227460
-7.010572 17.055021 4.066968 -0.092235 10.954230 9.821689 12.270998 10.387368 1.233211 -3.491621
-8.797247 12.418386 1.224129 0.452467 10.588698 6.580056 9.040127 6.621262 1.490547 -2.307546
-5.280635 30.011658 9.150952 2.204167 14.116939 24.907621 26.667288 23.854782 4.508077 -3.921831
-10.065948 9.953777 -0.436232 1.806341 9.954761 5.245948 6.423813 5.246949 2.789671 -0.915816
-8.434677 13.045464 1.411514 0.337549 10.815631 6.924652 9.434565 7.110115 1.400768 -2.492868
-8.201887 16.184141 2.863745 -0.061439 11.784215 9.442787 12.119282 9.393257 0.967362 -3.388859
-0.233845 55.555763 17.552515 19.456909 14.795242 63.004921 53.683094 58.334858 24.024632 -1.436069
-3.874283 38.242180 11.156951 9.071944 15.494393 37.907585 35.501347 35.933189 12.991975 -2.146460
-0.138626 56.472012 18.306108 20.594143 14.327722 64.569038 54.847321 59.799469 24.700962 -0.708434
0.135577 58.301682 19.399319 22.594900 13.897781 68.050499 56.745323 62.558594 26.963902 -1.413252
0.579606 56.198429 18.478037 18.609604 13.239794 62.068310 53.301823 57.753910 22.249668 -2.385798
-0.041538 58.972668 18.897728 21.165541 14.563775 67.265182 56.794884 61.983856 25.586620 -1.330844
0.436551 58.597137 19.662767 21.251427 13.700343 66.991806 56.495705 61.750488 25.535793 -2.017227
-10.053657 9.807440 -0.638165 2.026224 9.920619 5.170676 6.340088 5.369658 2.730975 -0.799535
1.773018 55.351036 19.883455 17.427792 12.279756 60.724739 52.393970 56.761490 21.220505 -4.677655
