0.001003 -2.002584 -10.454025 -16.614147 9.332678 18.206951 11.319445 -8.236509 -7.322628 11.304169
0.856875 -0.142363 -7.950932 -13.391062 7.586618 14.818567 9.196424 -6.316515 -5.039824 9.333582
-0.330191 -2.131115 -10.763628 -16.682793 9.487244 18.514009 11.422333 -8.263841 -7.511827 11.366475
0.500632 -0.534665 -7.585336 -13.306189 7.388318 14.872489 9.182959 -6.752452 -4.060000 9.608041
-0.055492 -1.189097 -7.635394 -12.926573 7.225146 14.449866 8.792388 -6.462553 -3.785098 9.260697
1.145138 0.942208 -4.593790 -9.480399 5.351982 10.798583 6.850982 -4.953950 -1.602009 7.658107
-1.312279 -1.499688 -1.387210 -4.253268 2.795600 5.444000 2.836230 -2.247224 4.228124 4.851507
-0.490542 -0.407143 -4.418455 -8.524190 4.935517 9.911050 5.723552 -3.743472 -0.459860 6.908767
0.823784 0.287505 -4.325713 -9.347734 5.161106 10.553163 6.513921 -4.714417 -0.947068 7.396134
0.496232 0.241907 -3.146387 -7.618001 4.266282 8.706402 5.396124 -4.001574 0.387926 6.609342
-0.945703 -0.790724 -1.048326 -4.041980 2.595909 4.934256 2.579878 -1.845119 4.113457 4.828226
0.415812 0.174066 -4.417953 -9.212017 5.136521 10.502164 6.582906 -4.999088 -1.191871 7.477698
0.639430 -0.723040 -7.559950 -13.319862 7.452732 14.851931 9.589199 -7.287572 -4.660602 9.735723
-0.311055 -0.720579 -1.489372 -4.841423 3.031696 5.898039 3.452147 -2.477318 3.602182 5.244302
0.050796 -1.574920 -8.864360 -14.383836 8.069034 16.174610 10.149806 -7.632662 -5.498653 10.364261
-0.995419 -1.460248 -1.713951 -4.494842 2.827305 5.353847 2.979861 -2.184776 3.697082 5.172889
1.308764 1.926560 -4.502605 -9.732611 5.463723 10.474322 6.563412 -4.396913 -2.352064 7.130513
1.165584 -0.099784 -3.953480 -8.699281 4.838928 9.520925 6.293417 -4.969166 -1.118947 6.859565
-0.598563 -2.328058 -10.938910 -16.945452 9.702413 18.825632 11.677677 -8.502899 -7.729254 11.752340
-0.252778 -0.702769 -3.135117 -6.682600 3.750578 7.586014 4.428061 -3.149076 0.652391 5.627964
0.101574 -1.964844 -10.300888 -16.505487 9.293228 18.374781 11.584823 -8.743142 -6.827981 11.589076
-1.039573 -1.437656 -1.986165 -5.584300 3.213520 6.844675 3.906846 -3.007820 3.420358 5.679564
1.131754 1.881244 -5.044821 -9.945284 5.834400 11.061296 6.743753 -4.452310 -3.051655 7.249377
0.141681 -0.432519 -1.092990 -4.092298 2.855075 5.387081 3.302316 -2.685401 3.813834 4.649067
-0.740748 -1.077818 -1.079693 -3.996764 2.598322 4.965177 2.673742 -2.001022 4.198462 4.704969
0.692090 -0.768376 -8.063795 -13.846674 7.741064 15.301756 9.730714 -7.240788 -5.004566 9.827001
1.698260 0.460991 -6.873936 -12.751036 7.059687 13.729075 8.529629 -5.982953 -4.479198 8.648829
1.023198 -0.580846 -7.274555 -12.986078 7.198909 14.218740 8.889935 -6.561455 -4.383449 8.964847
0.141448 -1.627813 -10.210330 -16.335220 9.248363 17.763107 10.916307 -7.693730 -7.462711 10.798886
1.321940 0.607545 -5.150775 -10.386912 5.727790 11.288791 7.254375 -5.328444 -2.745067 7.777864
-0.594461 -2.145865 -9.613381 -15.467912 8.719673 17.501450 11.004970 -8.251210 -5.716113 11.298562
0.777504 0.041244 -4.561418 -9.204345 5.204893 10.099036 6.377750 -4.659513 -1.442347 7.164289
-0.881615 -1.327972 -0.999655 -3.785443 2.660103 4.645559 2.675956 -2.075539 4.332181 4.725293
-0.451930 -2.560303 -11.137360 -17.446537 9.940194 19.449192 12.158628 -9.115435 -7.645410 12.141856
-0.545246 -2.517865 -10.427307 -16.344660 9.252413 17.931540 11.196431 -8.344003 -6.976153 11.142739
1.011093 0.239974 -3.951708 -9.026803 4.986207 10.007311 6.332627 -4.781343 -0.901214 7.050016
-0.120229 -1.499998 -10.167497 -16.390148 9.313963 17.726336 10.923067 -7.612619 -7.473330 10.813567
0.365572 0.198052 -1.137963 -4.440001 2.816611 5.314081 3.308896 -2.755874 2.381138 4.364645
-0.953614 -1.697235 -1.645649 -4.318419 2.836138 5.286079 3.090901 -2.452065 3.845006 4.944617
-0.511605 -1.060665 -1.336191 -4.264233 2.804822 5.168274 3.141712 -2.372258 3.939909 4.863572
0.777084 -0.354742 -6.900092 -12.505251 6.965997 13.565952 8.526278 -6.092990 -3.836177 8.862444
-1.118288 -1.530480 -1.468106 -4.403069 2.769331 5.298586 2.918866 -2.260361 4.270074 4.983047
0.418771 -0.195773 -7.084555 -12.549501 7.124879 13.909407 8.820032 -6.236581 -3.677274 9.161044
-0.226523 -0.506008 -1.258140 -4.538778 2.828192 5.648305 3.195695 -2.397794 3.604094 4.829971
-1.210818 -1.264862 -0.964679 -3.995878 2.425756 5.096629 2.795855 -2.209744 4.356676 4.618168
0.750714 1.344241 -1.457345 -5.140676 2.965356 5.686135 3.401145 -2.522134 1.726389 4.678409
-0.388145 -0.245800 -3.558462 -7.533827 4.246115 8.505635 4.777565 -3.165928 0.265956 5.852147
-0.852561 -1.245152 -1.182999 -3.976654 2.716008 5.156203 2.900743 -2.115131 4.096423 4.884862
0.330417 -0.708246 -3.097496 -7.354193 4.011982 8.376493 5.150479 -3.904305 1.303284 6.489350
-1.639403 -2.647511 -3.073292 -6.168324 3.752987 7.303280 4.602545 -3.964332 1.888330 5.713337
0.743927 -0.701365 -7.430185 -13.206289 7.384487 14.667582 9.256743 -7.039062 -4.352978 9.542023
-0.616940 -1.051755 -1.862183 -5.919771 3.354359 6.935751 4.159135 -3.192284 3.748539 5.958086
0.536511 0.321905 -5.275096 -10.155245 5.832093 11.120055 6.736434 -4.725514 -2.322809 7.275115
0.400253 -0.664704 -7.854071 -13.480291 7.611120 15.061531 9.384079 -6.749050 -4.631437 9.575821
-0.588748 -1.534422 -7.368231 -12.237606 6.999451 13.868371 8.348364 -6.179072 -3.323825 8.942831
-0.706570 -0.313759 -0.454924 -3.504031 2.343033 4.853662 2.508253 -1.873618 4.496338 4.492433
1.238716 0.122428 -3.830981 -8.395873 4.748140 9.118345 5.943383 -4.654771 -1.477583 6.394244
-0.655596 -1.393015 -7.325689 -12.592026 7.090631 13.871708 8.509887 -6.185029 -3.664746 9.071338
-0.785344 -1.066378 -1.796340 -5.624977 3.130597 6.645980 3.850578 -2.871889 3.977866 5.772460
-0.188878 -0.075815 -1.632122 -4.813311 2.964697 5.646731 3.115085 -2.022056 2.359374 4.644841
-0.263901 -0.503483 -0.836889 -3.939175 2.590481 5.105895 2.896678 -2.355022 4.246626 4.503379
1.343350 0.252070 -6.695557 -12.082832 6.753371 13.019132 8.058044 -5.534599 -4.227660 8.236196
-0.480058 -0.779766 -1.137732 -4.273593 2.808101 5.486383 2.948099 -2.256162 4.135592 4.881456
0.394654 1.069146 -2.679121 -7.100691 4.071325 8.268592 4.911238 -3.415211 0.541956 6.257874
-0.946725 -1.554282 -6.901585 -11.882940 6.749694 13.623438 8.459089 -6.551064 -2.682123 9.204326
-0.365700 -1.029195 -1.581836 -4.654263 2.911955 5.461406 3.327061 -2.676037 3.599471 5.086514
-0.584871 -1.203300 -1.169251 -4.173604 2.757174 5.079384 2.920716 -2.294299 4.169635 4.851628
-0.044963 0.060086 -1.572189 -5.386921 2.939760 6.036517 3.574704 -2.591018 2.940444 5.055188
0.974938 1.612635 -2.141782 -6.397913 3.623134 7.178253 4.271826 -2.986283 0.964456 5.427826
1.439783 1.272300 -2.864825 -7.578881 4.397490 8.392636 5.496301 -4.304375 -0.344064 6.127473
0.096826 -1.318223 -8.788274 -14.704498 8.212658 16.150284 10.059265 -7.390631 -5.394705 10.163117
