-2.552722 -1.901228 3.878952 2.975381 8.891799 7.967141 10.078224 -0.045429 -6.523539 1.654967
-2.169332 -1.133526 4.798445 2.775223 5.954265 7.988419 10.497318 -1.064135 -5.729864 -1.033065
4.141536 1.867077 -0.495718 -2.995545 1.707427 1.111079 1.750114 -4.552961 -1.008633 -4.713088
2.322903 0.401680 -0.573866 -0.998978 2.901043 3.433702 3.765030 -2.975726 -2.910240 -5.781048
-3.564028 -2.946488 5.558913 4.822170 12.548465 9.043631 12.003843 1.368600 -8.857892 3.744425
-5.075219 -7.491455 3.023724 7.580539 20.406378 9.501385 10.859055 5.363811 -13.026833 9.842394
-7.589620 -8.740313 6.863372 10.945103 17.708189 11.442327 12.721179 11.446639 -12.681003 11.491140
-4.084937 -1.895647 7.924985 5.118688 7.917634 10.950603 13.935778 1.180529 -7.622207 0.143293
-9.397424 -8.639100 10.059389 12.368335 11.814353 14.381374 15.769707 14.442874 -11.156386 9.651844
1.231314 -1.493846 -2.191093 -0.129991 5.493021 4.194262 3.741912 -0.743472 -4.519271 -4.433414
-4.366451 -5.816266 3.409889 7.420401 11.638143 10.214022 11.092964 8.040115 -8.893079 2.328040
-3.627774 -6.570204 1.455221 6.572462 13.200509 10.277828 10.674912 6.139581 -10.267855 1.847033
-1.142389 -0.759871 2.918692 1.800628 7.669568 6.696205 8.765743 -1.142383 -5.584766 -1.167430
-15.225782 -10.072108 21.651085 18.460918 1.024892 22.461306 26.803850 15.967788 -9.127733 10.167814
-11.220095 -8.011326 16.237719 14.455615 7.679532 17.756777 20.799135 13.468826 -9.470250 9.243597
-7.447279 -9.590646 4.376112 11.074190 8.796042 12.580586 11.355692 14.313256 -8.196791 4.182935
-0.072261 -6.688861 -4.695203 4.406524 8.373197 8.509830 5.807550 6.190780 -7.684073 -5.878084
-8.957206 -7.148796 10.733052 10.404409 17.911436 11.265959 15.592817 9.304686 -13.035912 15.738350
4.170777 1.704604 -0.810392 -3.042936 1.802832 0.996953 1.542866 -4.461459 -1.019399 -4.700540
-0.245515 -3.633032 -2.766669 1.904083 10.162862 6.144711 5.874797 1.408204 -7.396996 -1.355297
0.081088 -2.235872 -1.402002 0.872789 8.296185 5.154795 5.584208 -0.896116 -6.345133 -1.324613
-2.484487 -6.258645 -1.458312 4.325685 15.812291 7.649152 8.031297 3.283573 -10.365541 4.716815
-5.186978 -0.972219 13.384175 6.680510 12.960258 11.607799 16.614485 -0.144931 -8.999703 5.271718
-13.903172 -11.279240 19.263449 18.395363 6.359413 22.887838 25.148314 18.209843 -11.837870 9.621761
-7.714129 -12.669539 2.601058 12.364876 7.313913 15.529797 12.942537 15.917866 -10.297288 2.290475
-3.803482 -8.507878 -1.782545 7.231160 11.877231 9.406025 6.767008 11.053349 -9.345640 2.186040
-10.452332 -14.340352 8.445868 16.630432 9.454618 20.890675 19.148779 18.783100 -13.589348 4.618576
-4.672126 -4.601872 4.935699 5.606277 17.091421 8.290883 11.317911 2.098139 -10.820070 9.625889
1.271351 0.018193 -0.038898 -0.081390 6.674855 4.189373 5.263660 -2.383979 -4.345015 -2.978993
-12.042807 -10.375575 16.287935 15.869949 14.343829 19.206991 22.482220 13.855457 -14.506434 12.665021
-11.575191 -10.596227 14.640240 15.762993 13.724753 18.681940 22.975965 12.412730 -14.108762 11.065994
4.039160 -0.215728 -3.269653 -2.948175 2.762642 0.822335 0.421984 -2.961653 -2.177266 -5.657770
-13.361259 -14.918188 13.319314 17.892357 18.011911 19.096745 20.120512 18.728374 -16.874174 18.138586
-0.586595 -5.890428 -4.573367 2.889990 8.819573 7.249207 5.062828 4.455434 -7.714335 -2.157821
4.326232 0.831474 -2.365093 -3.179546 2.172778 0.528622 0.639057 -4.049478 -1.237160 -5.099801
-8.317524 -10.522918 6.489916 13.100039 12.943473 14.957205 14.228317 16.474724 -11.964992 6.681595
4.018303 0.872814 -1.881782 -2.833072 2.576252 0.867138 1.052611 -3.904058 -1.407696 -4.717458
3.174558 0.844135 -0.521407 -2.135690 3.029628 2.186457 2.679649 -3.880828 -1.906064 -4.104465
-8.185600 -10.846924 5.973701 12.725578 17.108152 13.870824 13.450470 15.214971 -13.431863 8.880692
-2.179623 -3.325926 2.990363 4.983927 6.337081 10.029881 10.768307 3.710865 -6.698365 -5.253286
-7.624479 -6.681597 8.544770 9.999889 11.473801 12.127613 14.761813 9.838168 -10.153485 7.458173
-2.196048 -1.225419 4.257326 2.740560 7.449407 7.758041 10.189888 -0.452638 -6.226850 -0.045412
-0.160367 -3.168849 -2.326260 1.351757 5.717680 5.981549 5.424359 1.176398 -5.865690 -3.731264
-16.476395 -10.398822 25.014040 19.001415 1.828828 24.259428 30.069210 15.010938 -10.290215 11.998278
3.077244 -0.867298 -2.746578 -1.781583 4.027381 2.153968 1.862820 -2.479753 -3.016453 -4.748815
-4.061702 -3.080608 7.108725 5.870675 14.951331 8.656508 11.750498 2.652995 -9.031087 6.030993
-1.103016 -1.329546 3.034006 2.451069 7.293906 7.661934 9.328499 0.084588 -5.911644 -2.478887
-4.303130 -8.312389 -0.804441 6.777372 17.028194 9.208376 8.379805 6.861422 -11.967586 6.432312
-1.380925 -3.585837 -0.070062 2.961380 8.156739 7.701253 7.925585 2.808868 -6.606808 -1.866225
-0.340381 -2.908376 -1.617527 1.998633 6.769729 6.925726 6.379962 1.069395 -5.752820 -3.972254
2.430617 -1.949640 -4.407430 -1.066288 4.467591 2.938017 1.723457 -1.282927 -4.110463 -5.733188
-5.635645 -8.465600 3.817222 9.023890 22.782095 9.947665 11.300190 7.621175 -14.494481 10.637817
0.219230 -1.346221 0.336080 1.009180 8.757422 5.494777 7.293644 -1.661175 -6.109000 -1.444887
0.881371 2.936480 7.073149 -0.036510 3.309340 5.500529 8.832078 -5.808042 -2.557278 -2.587902
-9.012093 -15.103154 5.078153 15.676091 14.491516 18.658995 15.794579 19.902201 -15.287929 6.385296
-14.076663 -16.931494 14.650933 19.813099 17.401007 21.199564 21.976898 19.880857 -17.205139 17.050671
-2.634274 -3.248102 2.592630 3.990585 8.254667 8.846594 10.165159 2.080572 -7.223323 -0.518771
4.172275 0.055522 -3.204556 -3.036965 2.534200 0.820588 0.266778 -3.140498 -1.928559 -5.618891
-3.586594 -1.902528 6.951852 4.808228 8.401426 10.523945 13.436504 0.609065 -7.331271 -0.050156
-13.819915 -11.691191 18.841930 18.016125 5.109308 24.101240 27.075092 15.552619 -12.495362 6.955029
-12.463323 -12.447537 13.926646 17.460590 7.953993 19.218216 19.074015 21.164330 -11.267856 10.641404
-4.896172 -4.435136 6.876787 7.107349 15.891107 9.830296 13.051880 4.234175 -10.279969 6.781312
-4.424304 -2.410887 7.661576 5.600196 8.579656 10.755157 14.053752 2.305829 -7.765515 1.932805
-5.925832 -5.977437 5.297806 8.104155 6.048823 12.341654 13.148851 8.347342 -7.291926 0.337759
-2.143824 -5.401802 -1.057599 3.588122 13.018137 6.989117 7.107281 3.417353 -8.874075 3.657528
-4.698850 -5.035244 4.664397 6.466146 14.516910 9.635408 11.745462 4.112765 -10.073238 6.025764
-13.180910 -13.741530 14.390184 17.835148 14.889878 19.364037 20.687368 17.996609 -15.179627 15.036410
-12.537541 -13.775866 13.841996 16.936028 19.952219 17.305639 19.961388 15.493168 -16.396845 18.252657
-3.521926 -2.653031 4.655046 4.336790 9.198619 8.845171 11.230787 1.861133 -7.152337 1.748338
-5.252895 -6.584380 3.078944 7.806792 10.481194 10.276020 10.567668 8.690164 -8.460311 2.701896
-2.212120 -3.368515 1.184441 3.409236 10.827685 6.968563 7.959355 2.434807 -7.069175 2.412234
