-3.601621 4.624245 -14.875545 3.235898 -2.225680 -4.815027 0.338141 0.762762 -0.715234 -16.623901
2.421840 -1.390228 -11.513787 3.491689 -2.204599 -5.973473 2.019325 1.308561 -2.488681 -13.641768
-8.003044 6.509162 -17.977015 2.604094 -1.175561 -5.196763 1.490824 -2.218510 0.553352 -19.771133
4.198829 0.874546 -9.645299 3.356900 -3.630876 -6.472010 -1.188326 4.204194 -4.460326 -12.228383
0.711010 7.243762 -10.472558 3.789509 -5.778880 -8.220837 -5.232848 4.993040 -6.291879 -12.140251
8.360659 -2.648136 -3.326325 2.059095 -1.707134 -2.450189 1.466114 5.577023 -5.105644 -8.245385
-0.494365 16.099373 4.938139 6.826524 -8.525293 -8.031000 -4.287443 11.947515 -11.620582 5.745303
1.133070 5.535661 -4.735799 1.664137 -4.571760 -2.703681 -3.753708 4.948243 -6.522679 -7.523144
7.279638 0.331771 -4.471544 2.806760 -4.641673 -4.612916 -4.039402 7.538795 -4.904042 -7.951489
9.975148 2.825967 -0.851742 1.146727 -2.773730 -2.700532 -1.567811 9.338021 -6.570468 -5.935377
10.155103 6.141556 8.327716 6.802242 -6.640061 -3.807492 -5.954247 18.982166 -7.759816 5.982830
8.114878 1.368652 -3.139293 1.040256 -1.783954 -1.171104 -0.660297 6.557452 -4.757039 -7.901787
4.803188 -1.837609 -6.258895 0.001073 3.147672 2.287393 5.644838 2.454399 1.378857 -9.295087
10.738003 -3.571573 1.839715 4.944503 -4.256582 -3.281102 -2.313062 11.901793 -6.484653 -2.687766
0.123884 3.665370 -12.178855 4.342610 -5.243917 -7.825482 -2.542963 2.393865 -4.867612 -14.485008
1.828686 12.762539 6.110944 10.421615 -11.422306 -9.901355 -8.525510 15.901856 -11.733898 6.960493
9.489898 -1.855996 -3.783526 0.811024 -1.178547 1.470744 -1.044714 5.877505 -1.007154 -9.252249
10.064700 -2.500995 -1.505975 2.262795 -0.832998 -0.205321 0.372235 8.183429 -2.954821 -5.939103
-9.942842 7.616613 -17.686871 2.009571 -0.504579 -2.872561 1.857774 -2.340807 1.354980 -19.497656
9.752106 10.276836 -1.951704 0.153175 -2.038426 -6.550064 -1.187593 7.792228 -5.964024 -2.029361
-2.872933 -0.347961 -14.592849 3.210485 0.005707 -2.518664 3.899815 -0.306074 1.260295 -17.105797
8.627505 13.087677 -1.000402 1.712903 -6.403659 -9.555747 -5.872854 10.468411 -10.089324 -1.869660
10.401518 -1.256844 -2.405813 -1.741893 6.879628 3.756616 9.180451 6.269848 2.125818 -7.201579
8.969275 -5.333453 6.955580 7.405667 -4.197624 0.110789 1.512267 11.899776 -7.492129 1.505355
7.367042 13.917171 2.065532 1.419134 -5.136281 -7.091029 -2.090725 10.597871 -11.129861 0.887740
1.299816 -0.693900 -12.124588 3.855267 -1.978998 -6.738372 1.918651 1.560118 -2.100386 -13.949574
4.087562 -5.554224 -9.246398 4.211582 -1.227441 -3.952438 2.847018 2.098253 -1.515828 -11.554159
3.850912 -6.229809 -10.453124 5.659220 -3.483514 -4.426445 -0.038457 2.225893 -1.221786 -13.125419
-3.112535 -0.893956 -15.171222 5.388725 -2.747623 -4.503383 0.780513 -0.383419 0.238913 -17.277161
9.249366 0.378194 -4.846129 0.137731 0.569049 -2.407691 3.768824 4.657912 -2.982003 -7.999340
-1.124930 12.056762 -12.584792 -0.625093 -0.983903 -7.448045 1.800350 1.373309 -3.410228 -13.789527
7.814537 2.801896 -3.367673 0.789407 -2.980518 -2.187217 -1.690369 6.303055 -6.489336 -8.199665
7.932292 9.983536 6.539023 8.160813 -8.865530 -8.965347 -9.440497 19.264196 -9.008231 6.783290
-10.130917 7.643269 -19.695934 3.181057 -2.041778 -5.649587 0.007831 -2.648408 1.283166 -21.690575
-7.812615 10.588301 -16.837124 2.786428 -3.306960 -6.847210 -1.108207 -0.737797 -2.044398 -17.882957
6.945532 -3.478760 -3.956438 3.467521 -4.740399 -2.317225 -3.206633 7.070015 -5.267201 -8.547484
-8.803531 2.979518 -17.923746 5.171297 -1.993122 -4.386763 2.088865 -3.082795 1.507674 -18.569935
9.379081 -2.295479 5.518684 3.596725 2.099496 3.678805 5.495788 10.321168 -2.077791 1.216286
4.315967 11.165213 8.127590 8.751356 -9.669090 -6.747825 -7.112894 17.226007 -12.186250 6.817261
9.089718 -1.019074 1.582551 7.579718 -7.536462 -7.871325 -5.207033 14.129561 -9.249965 -0.025331
1.022679 -1.433727 -9.967519 3.502864 -1.485115 -1.859072 1.248441 2.802557 -1.460452 -12.371606
7.298914 7.089924 1.981904 5.805533 -9.151984 -10.283607 -8.304152 13.141294 -11.425788 1.462920
0.804393 -0.862660 -7.536323 2.367696 -0.132907 -0.477725 3.956690 2.793864 -2.144472 -10.421726
12.369916 0.899686 3.052838 2.840112 -1.936480 -1.728973 0.679407 11.564958 -5.420681 -1.275256
5.490626 11.931429 4.985160 4.755893 -6.356895 -7.138264 -2.389015 12.659917 -11.615413 5.385424
7.454813 1.601959 -0.940485 5.497528 -6.918720 -8.974191 -5.119878 10.955427 -8.678975 -1.444725
9.263678 -6.454727 1.947990 4.846279 -2.579685 -1.338087 1.044412 9.355248 -5.711508 -1.490378
2.724176 11.171016 -4.494815 -0.599503 -0.324344 -2.223298 -0.013344 5.977512 -4.802697 -6.066679
9.411301 6.672583 8.778558 8.996264 -6.575047 -4.036096 -4.072321 19.950413 -7.838112 6.933674
7.296751 0.820127 -3.486629 3.426389 -4.762877 -8.395420 -0.719601 6.594960 -7.941518 -4.659227
-3.700668 14.803603 -4.353148 4.296531 -8.470845 -14.533599 -1.174127 1.977500 -14.499286 -1.847611
3.825103 -2.532583 -10.577596 4.183141 -3.717495 -5.711205 -0.189675 2.448115 -3.349646 -14.065332
10.208970 7.092337 -2.062434 2.802030 -5.885391 -9.717831 -6.350969 11.201167 -8.212666 -2.909256
2.325555 1.467822 -7.040201 3.943601 -6.504149 -2.925619 -6.381259 6.011602 -5.836278 -11.206211
1.791010 2.737522 -11.377214 2.594914 -2.851393 -8.458196 2.387870 0.790571 -4.820982 -12.599509
-1.169838 10.309280 -11.250839 2.871665 -6.119677 -9.510251 -4.506975 3.870451 -8.353578 -12.617755
12.409618 3.034348 10.220183 6.403180 -1.616528 2.062575 -0.336682 19.043329 -3.344932 6.838449
5.923897 -6.445686 -3.301212 4.821969 -2.674564 -1.941866 1.136530 7.068148 -4.275874 -5.384884
-0.120066 4.210577 -9.489066 2.696938 -2.934266 -4.161597 0.466339 2.397469 -4.862050 -10.783379
7.792822 8.778472 -2.060716 3.082645 -7.689931 -10.616065 -6.772906 9.479409 -11.222909 -2.395150
9.831878 5.335864 -2.375750 1.826138 0.352752 -5.622040 0.084874 9.473592 -0.873992 -1.753511
11.897593 1.777675 10.079247 4.264369 -0.190768 4.477843 2.827309 15.756757 -2.869618 5.191015
4.922543 -4.095110 -10.264192 4.223976 -2.064442 -6.606915 2.920871 1.539692 -2.228885 -11.766727
8.912806 3.795229 5.300596 3.904639 -4.312230 -3.108279 0.681041 11.934691 -10.070841 1.449787
9.481635 -5.925686 3.520898 4.388122 -2.059550 0.446897 3.151996 8.501750 -6.251748 -1.360271
-0.937174 15.125650 -10.027580 1.256054 -7.028938 -9.998879 -6.556666 3.873172 -10.635839 -11.637590
11.695344 -0.082567 -0.019198 6.282773 -5.919642 -9.296004 -5.519765 14.254525 -6.479352 -1.751472
8.970825 6.011921 6.576330 4.723679 -4.738205 -2.459783 -1.228534 15.132093 -8.567947 3.208453
13.506013 1.824646 0.797073 3.105404 -2.821877 -5.443158 -3.759886 12.506019 -3.019935 -1.181779
11.474680 -2.718917 0.947066 1.649020 -0.257243 0.963731 1.250126 9.400470 -2.490210 -4.947604
13.172748 -3.287173 0.234080 1.098163 1.978214 1.694456 2.462205 8.743981 0.191146 -5.027912
-0.191580 3.248925 -11.353139 3.069735 -2.342487 -3.220037 -0.718833 3.269732 -1.695505 -14.077052
