1.609783 1.767784 0.073839 1.164352 -3.428294 -2.130546 2.500408 0.843596 0.844615 -3.087262
1.397401 1.424234 -0.080554 1.081776 -2.860902 -1.971425 2.111359 0.660842 0.634619 -2.501485
1.520850 1.557512 -0.079095 1.072359 -3.204118 -2.145015 2.332451 0.771200 0.612429 -2.709503
1.484880 1.543478 -0.118992 1.049269 -3.189348 -2.056228 2.297492 0.743725 0.587846 -2.753154
1.574904 1.671894 -0.011032 1.105685 -3.396900 -2.197961 2.453832 0.837293 0.710820 -2.946219
1.518327 1.531198 -0.024038 1.007713 -3.008003 -2.074466 2.264292 0.890329 0.604183 -2.569657
1.612073 1.723974 0.058448 1.313413 -3.470259 -2.139739 2.544806 0.747480 0.919335 -3.086742
1.453297 1.479689 -0.123277 1.037160 -2.966278 -2.008988 2.218526 0.774481 0.593769 -2.536406
1.521388 1.653463 -0.006641 1.105570 -3.278457 -2.100451 2.383954 0.799927 0.732630 -2.913176
1.378688 1.457919 -0.084125 0.865813 -3.001245 -1.906146 2.121966 0.738624 0.491984 -2.532563
1.573462 1.636346 -0.030963 1.333558 -3.207727 -2.097869 2.522487 0.788554 1.040518 -2.955447
1.519935 1.615735 0.003480 1.226464 -3.275690 -2.066436 2.364462 0.698068 0.810284 -2.936180
1.603855 1.693904 0.067449 1.249771 -3.301068 -2.232051 2.497598 0.777128 0.829713 -2.988924
1.629132 1.775385 0.150618 1.182180 -3.393719 -2.119102 2.518717 0.875694 0.932981 -3.049334
1.582903 1.675512 0.058674 1.362507 -3.362901 -2.138736 2.503475 0.695974 0.955938 -3.011352
1.583409 1.755641 0.025845 1.099380 -3.342222 -2.136569 2.490103 0.898883 0.857295 -3.029417
1.614107 1.744740 0.055520 1.164710 -3.459353 -2.198491 2.509484 0.846879 0.810195 -3.069925
1.575850 1.709063 0.042061 1.258679 -3.345492 -2.089520 2.490795 0.709838 0.907749 -3.080782
1.592193 1.700709 -0.018300 1.128361 -3.403409 -2.206351 2.472826 0.867430 0.708943 -2.976879
1.402711 1.451354 -0.163951 1.005602 -2.959178 -1.959346 2.156906 0.660607 0.536017 -2.518420
1.617496 1.736715 0.097631 1.155289 -3.454394 -2.166032 2.507063 0.832717 0.825793 -3.056355
1.559695 1.607458 -0.018641 1.036494 -3.339386 -2.152848 2.389021 0.822758 0.600368 -2.812116
1.491144 1.535264 -0.104711 1.111385 -3.081319 -2.100182 2.338314 0.739263 0.688088 -2.680604
1.545127 1.681185 0.000797 1.008205 -3.418379 -2.125437 2.435231 0.855845 0.733398 -2.894028
1.463649 1.564392 -0.073129 0.932899 -3.057655 -2.033366 2.217980 0.885693 0.532521 -2.567672
1.632572 1.691249 0.021312 1.072934 -3.457684 -2.195508 2.467145 0.825950 0.632124 -2.923518
1.530372 1.659751 0.086089 1.128225 -3.189385 -1.993650 2.412416 0.845771 0.903342 -2.940588
1.446665 1.586859 0.089830 1.071342 -3.097992 -1.773187 2.271713 0.888621 0.864439 -2.831065
1.545513 1.626034 0.026693 0.976881 -3.272149 -2.124793 2.353433 0.848476 0.564916 -2.804552
1.533195 1.633353 -0.018380 1.145879 -3.268434 -2.166588 2.390233 0.786055 0.714470 -2.900293
1.516162 1.667345 -0.002990 1.141732 -3.302536 -2.026010 2.386833 0.754561 0.760871 -2.992901
1.595996 1.759422 0.068210 0.968522 -3.501977 -2.113041 2.456640 0.895604 0.750801 -3.008375
1.625748 1.679304 -0.058584 1.036231 -3.462347 -2.146228 2.430577 0.893091 0.645506 -2.880329
1.689774 1.775915 0.108732 1.065430 -3.561368 -2.282812 2.529218 0.884175 0.676495 -3.034622
1.565101 1.704060 -0.020202 1.222276 -3.482799 -2.099741 2.486908 0.679491 0.811567 -3.037255
1.365623 1.378282 -0.053327 0.915562 -2.864326 -1.937009 2.052493 0.704266 0.449661 -2.353360
1.585264 1.676770 0.111931 1.218120 -3.309642 -2.141683 2.452852 0.823453 0.873716 -2.995169
1.657379 1.707061 0.114868 1.126447 -3.192071 -2.201233 2.494121 0.941303 0.783373 -2.869429
1.616475 1.633447 -0.050806 1.177056 -3.191951 -2.193308 2.439858 0.902144 0.799296 -2.830267
1.515829 1.670498 0.106276 1.105005 -3.253428 -1.940443 2.392089 0.803816 0.888205 -2.967617
1.304247 1.255776 -0.170088 0.933597 -2.578632 -1.808981 1.913335 0.705386 0.460621 -2.140351
1.450632 1.452550 -0.100954 0.934405 -2.978535 -1.947793 2.160115 0.768782 0.499527 -2.483693
1.482029 1.630158 -0.019610 1.028153 -3.245136 -2.063319 2.327384 0.773630 0.654476 -2.902668
1.589332 1.729340 0.022364 1.032181 -3.395603 -2.196545 2.458393 0.917197 0.720119 -2.967133
1.560548 1.731786 0.056474 1.092973 -3.393787 -2.181896 2.476640 0.859116 0.765673 -3.005983
1.584360 1.737019 -0.057190 1.160708 -3.409189 -2.111004 2.493744 0.799275 0.834155 -3.046222
1.442357 1.465431 -0.092898 1.048061 -2.976574 -1.997121 2.212434 0.689870 0.542150 -2.529433
1.658962 1.764839 0.045660 0.898381 -3.573365 -2.179404 2.433392 0.923514 0.572596 -2.919489
1.698833 1.763425 0.005518 1.216052 -3.516455 -2.295224 2.605309 0.883673 0.791947 -3.027358
1.652717 1.815927 0.110343 1.020382 -3.555527 -2.283865 2.543207 0.987584 0.673279 -2.997222
1.631412 1.749562 0.187055 1.224464 -3.338247 -2.098080 2.505117 0.815101 0.992334 -3.010464
1.575205 1.704392 -0.037586 0.961102 -3.398668 -2.144759 2.419448 0.885754 0.657796 -2.893914
1.579868 1.674716 0.027757 1.327821 -3.339525 -2.174881 2.472579 0.696239 0.894800 -3.026226
1.532841 1.608363 -0.109766 1.239143 -3.229089 -2.136462 2.404450 0.702469 0.792808 -2.899543
1.581378 1.591472 0.155685 1.404327 -3.160645 -2.147098 2.502649 0.642419 1.150591 -2.852019
1.542816 1.716944 0.062554 1.003134 -3.433949 -2.132382 2.425101 0.906868 0.709904 -2.958153
1.500543 1.670594 0.118936 1.001139 -3.217846 -1.918180 2.344730 0.847497 0.849799 -2.891847
1.558302 1.741468 0.006747 1.101906 -3.452319 -2.132336 2.482240 0.810124 0.758772 -3.035590
1.611424 1.718731 0.062133 1.361725 -3.408943 -2.116373 2.516265 0.672256 0.940805 -3.121226
1.625255 1.687848 0.125047 1.309554 -3.333278 -2.172934 2.473883 0.771288 0.908714 -3.003715
1.522278 1.607126 -0.125177 1.145320 -3.075108 -2.052123 2.358035 0.863028 0.826177 -2.790283
1.536021 1.558993 -0.055950 1.156876 -3.259076 -2.071810 2.382893 0.728469 0.648014 -2.731689
1.618857 1.673976 0.014493 1.041313 -3.485689 -2.116890 2.423124 0.797929 0.623313 -2.925916
1.631338 1.744009 0.032295 1.222776 -3.531103 -2.170992 2.566549 0.765895 0.823072 -3.103370
1.591679 1.781917 0.130388 1.088622 -3.398619 -2.098398 2.470658 0.886727 0.876934 -3.003929
1.616607 1.735311 0.116813 1.329708 -3.385780 -2.040035 2.528531 0.677804 1.021697 -3.125720
1.586727 1.740259 0.046540 1.180044 -3.373350 -2.181878 2.542372 0.783349 0.804036 -3.078048
1.688147 1.814391 0.102859 1.159405 -3.553022 -2.283492 2.611832 0.884785 0.806858 -3.121921
