-2.036259 -7.509646 1.453668 -13.065022 -13.220723 4.629094 -3.010129 19.984598 -15.268730 -3.923077
11.283538 -6.861365 0.907788 -13.992249 -15.450991 1.454290 4.996418 18.392046 -18.549984 2.814491
9.269523 -25.369493 10.178749 -26.183741 -28.397797 10.149728 25.995012 41.113907 -30.726854 17.211563
23.753586 -14.558060 5.883130 -23.026743 -26.988600 -7.482654 20.416704 28.250111 -27.795853 9.778801
-4.733163 -5.958230 -0.315589 -10.639742 -9.894024 6.841617 -6.738092 17.337435 -14.251749 -10.342490
-12.808409 -1.667675 -0.920028 -8.120612 -8.827934 6.626270 -19.900394 13.500334 -10.844954 -13.743266
-10.966711 -0.957783 -0.219687 -8.108715 -7.749232 2.052374 -14.637190 11.404286 -7.807071 -11.867047
3.697021 -4.772528 -0.498310 -11.873312 -11.022777 -0.370787 -0.353210 15.568064 -14.925943 -8.190352
-6.323944 -0.109581 -1.136031 -6.400840 -6.444690 1.292485 -11.961108 9.172156 -7.974074 -11.508992
2.715430 -10.209233 5.945509 -22.203117 -21.770361 -8.815984 4.464676 26.628016 -19.349026 0.593081
-1.078024 -2.439392 -0.301058 -12.035831 -11.628650 -3.222019 -9.528006 14.264468 -14.056244 -12.710822
1.746754 -1.198523 -0.255987 -11.867031 -11.902293 -7.244719 -7.895435 11.855023 -12.842726 -12.036902
0.263336 -8.568181 1.289022 -13.716963 -13.805138 6.043167 0.319226 21.213636 -17.490622 -3.486348
4.714234 3.478956 -5.338189 -1.976011 -1.816406 -1.845347 -7.545144 2.745465 -8.217618 -16.534864
0.116948 0.359995 -4.199444 -4.791804 -4.414183 3.357008 -9.986069 8.056781 -11.245493 -15.575223
2.574976 0.333905 -0.241098 -10.936258 -11.841138 -8.429118 -7.122226 9.971671 -11.280123 -10.083779
20.182653 -1.225886 1.948286 -20.363363 -22.306215 -25.651737 3.552636 14.649369 -18.223970 -6.063072
-11.787519 -0.667580 -1.107947 -5.918713 -6.041367 8.235776 -16.860874 11.519738 -8.196409 -9.749413
6.535681 -25.485167 10.900778 -27.381451 -29.126513 9.435031 25.204008 42.248600 -30.221157 16.948050
-5.004512 -6.842386 2.984961 -17.625137 -16.427107 -2.971633 -4.918152 21.700037 -15.423603 -6.850173
1.467293 -7.681243 3.222388 -17.397945 -18.259491 -0.627088 0.980159 22.223368 -17.380661 2.001635
-7.459363 -1.225648 1.509480 -13.864312 -14.848891 -4.257701 -15.411538 15.011089 -12.170779 -8.267415
-15.832529 -9.918568 0.064346 -8.731354 -6.013610 18.824158 -8.169152 21.276138 -12.995011 -13.021284
-1.280372 2.157829 -5.322416 -1.596660 -1.274337 1.993050 -12.816483 4.775701 -8.468538 -21.873112
7.457856 5.563494 -1.307076 -12.382816 -12.564990 -21.209999 -8.961964 4.646287 -10.066598 -13.784807
1.262288 1.847792 0.687261 -13.504615 -13.358016 -14.668848 -8.475578 9.835670 -10.103123 -9.378228
10.959364 7.901881 -4.822371 -7.451800 -10.754787 -16.617798 -18.090096 1.712443 -13.230567 -23.998283
-13.346862 -4.561031 -0.260958 -8.850912 -9.653599 12.115005 -15.263521 17.234507 -11.754478 -7.632071
-6.745132 -12.236637 4.444013 -17.885313 -17.721891 6.868759 -0.559052 27.551947 -18.342560 -0.830160
-4.670577 2.611635 -4.926590 -3.124275 -3.166736 4.103376 -16.278048 6.355776 -8.924170 -19.918774
-4.349965 2.587060 -3.402000 -5.317626 -5.454091 0.399107 -16.311245 6.762830 -9.242184 -18.824373
21.824152 -13.126941 9.778683 -31.157766 -34.053677 -23.355526 21.196449 31.356720 -26.004074 15.444818
-9.405587 7.700496 -5.069534 -3.106419 -2.713815 -3.101167 -23.606216 1.490111 -4.372607 -22.803997
11.102792 -0.240070 2.368292 -18.917011 -19.976770 -20.978699 -0.792817 14.093833 -14.535284 -3.441171
-0.669545 -18.225624 9.644659 -26.497646 -27.238941 0.500357 15.698658 36.337135 -22.379248 15.431676
-1.785283 1.914100 -3.088580 -8.047243 -7.422866 -4.970243 -11.784062 7.991396 -10.194730 -16.803789
-1.890930 -18.958675 8.808405 -24.639078 -24.428730 2.913431 15.695793 35.477928 -21.928450 10.582247
1.072697 -16.432482 6.433547 -21.595856 -22.131376 5.308914 9.245953 32.087967 -23.133097 4.517233
-2.400479 2.485169 -2.953083 -7.914263 -8.544334 -5.023884 -15.548634 7.867076 -10.664248 -18.086809
15.392369 -4.875004 0.364855 -13.462835 -13.697328 -9.242809 6.628868 15.240438 -18.572184 -9.753875
-2.469837 -1.439784 -1.495140 -7.867933 -7.385767 -0.138143 -7.328312 10.208962 -10.449415 -12.785050
4.609400 -8.289557 0.154646 -12.924191 -13.106228 5.253492 -0.968276 19.810360 -19.510649 -7.519890
16.101500 -5.229384 2.554463 -18.049509 -20.066107 -14.440123 6.518097 17.603193 -18.450407 -0.537054
5.496519 1.894378 -7.213715 -0.186872 0.045554 4.189941 -8.926805 4.719577 -10.438386 -21.510798
9.936739 -10.970130 6.842083 -25.430939 -27.687811 -10.473199 5.862851 28.843073 -24.081171 5.048925
-15.080017 -8.001893 0.938913 -10.106717 -7.308766 13.356912 -7.808527 19.693426 -11.182566 -9.722146
3.949773 -7.699907 1.590317 -14.078747 -13.504001 -0.305450 4.010391 19.131903 -16.055056 -3.638564
-2.498252 2.449820 -0.197261 -11.428959 -12.751595 -7.722053 -14.988692 9.901631 -10.536829 -9.754311
-0.904037 -5.779737 2.066667 -14.310307 -13.724295 -3.694831 -1.637693 17.670893 -13.929243 -6.357394
9.388581 -4.463102 3.304512 -18.705976 -19.099344 -14.463589 4.620734 17.845655 -15.199308 0.889737
16.217779 -7.162840 7.037220 -26.891941 -28.921551 -22.999006 11.421612 24.340271 -20.063494 9.997780
-13.902436 -0.320232 -1.547082 -8.888105 -7.977459 3.104815 -20.397985 12.225963 -9.731861 -18.925852
-4.523185 -10.447391 1.582169 -14.366867 -15.244040 10.358227 -1.886597 24.518564 -18.180092 -1.611693
-4.910164 -18.646749 2.551988 -14.323782 -14.784072 24.659098 7.716288 31.968733 -22.925341 3.059520
2.683947 6.589952 -4.265574 -6.932868 -9.073943 -12.437804 -19.777992 2.816543 -11.230145 -22.668289
-9.937621 8.828491 -6.573769 -0.317224 0.134856 -1.230455 -23.896250 -0.528761 -2.508786 -23.835632
5.805382 -3.728971 0.842996 -12.700137 -13.197345 -4.427575 -1.460237 14.893453 -14.792606 -5.797465
7.892484 -14.002918 10.816930 -30.106461 -30.810747 -18.210882 17.622595 32.852150 -21.107536 14.371257
-0.867166 -6.323154 0.053876 -10.585332 -10.283282 6.045173 -3.417577 17.004717 -14.937899 -7.901899
7.577963 4.923236 -6.976357 -2.839063 -3.694284 -4.513115 -14.149360 3.320828 -11.977810 -26.777393
-7.081861 4.546964 -3.792889 -3.604260 -4.225325 -2.120097 -17.175644 3.451950 -6.042714 -17.464804
-9.775580 -4.096073 -0.784149 -9.171259 -7.626005 7.970097 -10.464269 15.486764 -11.538956 -12.080258
4.069869 -6.301489 -0.752513 -9.350508 -8.386431 4.088567 0.995956 15.229074 -14.527300 -7.573981
8.379489 -0.725278 -0.064366 -11.016340 -12.151602 -9.654630 -2.487876 10.238225 -12.761486 -7.944261
-3.033650 -3.017217 1.595702 -15.272343 -15.470660 -5.743038 -8.854583 16.643915 -13.556997 -6.723183
-1.694227 -3.051568 -0.852379 -10.451189 -11.250118 1.845888 -9.476782 14.314733 -14.159342 -10.561128
-4.053629 6.155989 -5.075804 -3.382880 -4.521168 -2.845020 -21.515327 2.930134 -7.617115 -22.518213
-12.943561 4.862579 -4.060385 -2.886113 -2.779553 3.175617 -23.562319 4.802990 -4.866405 -20.465240
-1.421865 -4.515816 0.030382 -11.477203 -11.492037 1.774724 -6.343376 15.897006 -14.644411 -10.235955
0.540945 -0.969054 -0.308950 -10.968581 -10.768419 -5.109477 -7.476013 11.228297 -11.999009 -10.445237
-9.861614 -4.834011 2.475682 -14.991461 -14.257112 0.223124 -9.084219 18.869967 -12.357977 -5.278398
