-0.918072 -24.234610 1.929151 -7.040678 9.536627 10.884188 -6.152396 10.035753 -25.819025 -16.299620
-1.112954 -21.649727 1.655518 -6.372565 9.108513 10.045097 -5.605609 8.867914 -23.330299 -15.042209
93.034241 -99.329453 -72.734421 -103.529572 124.037735 176.083008 93.734650 -65.482521 -75.845978 -144.257202
-1.161931 -21.649349 1.743070 -6.084247 9.061372 10.559402 -5.474892 8.650761 -23.144068 -14.757368
-1.047180 -22.623798 1.531423 -6.666070 9.363674 10.479738 -5.431314 9.343841 -24.073326 -15.629961
-0.866043 -23.779852 1.826374 -7.021654 9.271753 10.758058 -5.814368 9.778347 -25.312716 -15.933638
-1.093149 -23.120853 1.591169 -6.671093 9.621682 10.671921 -5.828826 9.714462 -24.720253 -16.059374
-1.125391 -22.583406 1.578574 -6.589777 9.429928 10.396557 -5.746285 9.397529 -24.130749 -15.539680
-1.074966 -21.630630 1.603556 -6.087576 9.061468 9.794554 -5.689023 9.214775 -23.435253 -15.095010
-0.632081 -18.902411 1.522145 -5.369655 8.149410 8.935893 -5.110653 8.206579 -20.943218 -14.028634
-0.952376 -21.214741 1.589109 -5.915299 8.829163 9.526078 -5.684330 9.082470 -23.002306 -14.696174
-0.993652 -23.159382 1.741643 -6.600426 9.272060 10.324303 -5.816071 9.659397 -24.819731 -15.582245
-0.897859 -21.586956 1.573776 -6.245632 8.701467 9.728454 -5.274047 8.906214 -23.174955 -14.565849
-1.091993 -21.362877 1.561984 -6.015192 9.066732 9.854412 -5.637556 8.908846 -22.991158 -14.747206
-1.041173 -21.858418 1.662208 -6.219684 9.094931 9.994250 -5.745118 9.215042 -23.538837 -15.126100
-1.121170 -21.879759 1.592707 -6.144243 9.194575 10.089002 -5.745504 9.191711 -23.548689 -15.101515
-0.951133 -23.692595 1.893207 -6.743328 9.440324 10.534230 -6.172935 9.975182 -25.464827 -16.047895
-0.990466 -23.453671 1.688192 -6.884352 9.510612 10.654583 -5.833396 9.769757 -25.038404 -16.071163
93.753113 -100.347969 -73.151421 -104.515137 125.046715 177.286133 94.626480 -65.914040 -76.517189 -145.557129
-0.938559 -22.846510 1.756770 -6.455486 9.091896 10.302025 -5.725386 9.623073 -24.592524 -15.418549
-0.901679 -22.932974 1.578667 -6.842995 9.240759 10.604663 -5.366562 9.401279 -24.287447 -15.563391
-0.987324 -23.762175 1.759282 -6.890779 9.493944 10.707340 -5.935335 9.912852 -25.388214 -16.037569
-0.933965 -22.561687 1.645082 -6.426773 9.167550 10.143169 -5.733605 9.525351 -24.319490 -15.449354
-1.106186 -22.440681 1.664390 -6.347342 9.377670 10.297113 -5.860101 9.408100 -24.172009 -15.509616
-1.069581 -22.818415 1.773025 -6.545795 9.355106 10.365487 -5.859776 9.360023 -24.513353 -15.576254
-1.076905 -22.527098 1.610464 -6.436233 9.374395 10.380274 -5.801270 9.511679 -24.196758 -15.622286
-1.043646 -22.427202 1.738813 -6.397233 9.168592 10.281038 -5.701132 9.330966 -24.135466 -15.345130
-0.919160 -24.086317 1.715727 -7.260265 9.560716 10.959150 -5.787753 9.889333 -25.581404 -16.328253
-0.747426 -23.519821 1.829517 -7.052973 9.457607 11.162152 -5.458448 9.722265 -24.891247 -16.251680
-0.996791 -23.303743 1.708704 -6.718614 9.442825 10.641529 -5.855949 9.759596 -24.907555 -15.903230
-1.025367 -22.130308 1.627055 -6.260774 9.060685 10.140022 -5.627651 9.225524 -23.773958 -14.962913
5.521788 -32.364876 -3.059696 -15.925966 21.504553 29.578270 3.231483 4.995327 -32.124660 -32.716522
-1.086725 -23.212313 1.625567 -6.684230 9.423401 10.528311 -5.751489 9.646330 -24.756741 -15.706161
-1.070562 -22.807163 1.659449 -6.570896 9.290799 10.343441 -5.693572 9.437284 -24.445427 -15.467829
52.762161 -67.904320 -39.700378 -64.639755 78.743408 106.684372 54.116249 -32.440147 -55.625534 -94.899643
-0.956929 -22.280300 1.597960 -6.384360 9.225019 10.145142 -5.623582 9.421761 -24.014875 -15.511701
16.203001 -40.565315 -10.938370 -26.986925 36.360542 49.281151 16.715128 -5.696992 -36.111797 -47.903473
-0.603840 -21.648600 1.740869 -6.247392 9.033835 11.048016 -4.873773 8.708564 -22.793377 -15.570701
-1.048814 -22.618542 1.677219 -6.362821 9.224760 10.330627 -5.797167 9.545869 -24.300093 -15.448522
-1.166743 -20.716883 1.573715 -5.802373 8.966566 9.832984 -5.566973 8.709731 -22.398718 -14.590749
-1.025229 -23.282379 1.619790 -6.847103 9.607040 10.704066 -5.820289 9.692553 -24.847931 -16.130775
-0.936260 -22.010469 1.695339 -6.259619 8.881625 9.777800 -5.765182 9.220412 -23.768084 -14.970927
-0.966264 -21.818762 1.611886 -6.137686 9.080381 9.882530 -5.646235 9.276628 -23.611305 -15.237932
-1.160552 -22.471455 1.642898 -6.448723 9.415398 10.436451 -5.761046 9.374210 -24.014658 -15.496630
-0.240640 -25.219265 1.847810 -8.116948 11.145222 14.894128 -4.135881 9.383497 -25.921692 -19.443670
-0.956854 -20.950413 1.474486 -5.843310 8.692207 9.495421 -5.442305 8.927937 -22.685165 -14.463842
-1.009311 -21.865751 1.578219 -6.211513 8.988941 9.885495 -5.537166 9.182096 -23.528368 -14.939939
-0.924689 -23.323408 1.746357 -6.832389 9.246547 10.562197 -5.787262 9.620861 -24.856062 -15.610906
-1.010565 -20.803230 1.529794 -5.710332 8.776865 9.422873 -5.567352 9.021343 -22.706184 -14.559755
-1.073439 -23.596195 1.872707 -6.777499 9.597988 10.996462 -6.099117 9.694630 -25.335300 -16.173010
-0.940084 -22.908123 1.547433 -6.868680 9.292139 10.508591 -5.514953 9.402733 -24.352489 -15.625210
-0.985182 -22.781246 1.696176 -6.465424 9.085748 10.152821 -5.717876 9.505270 -24.385950 -15.224127
-0.812957 -24.505133 1.805211 -7.551670 9.515984 11.212301 -5.568652 9.961281 -25.840885 -16.393118
1.022221 -26.704609 0.225701 -11.202232 14.720584 19.315067 -2.120999 8.238268 -28.339937 -22.411222
-0.977362 -23.221746 1.804637 -6.696568 9.316175 10.369086 -5.964640 9.702009 -25.023254 -15.873855
-0.975267 -23.364609 1.749744 -6.708457 9.333450 10.437966 -5.900944 9.699185 -24.980940 -15.709580
-1.038048 -22.153679 1.600281 -6.486917 9.178343 10.134207 -5.627965 9.276453 -23.852495 -15.458679
52.976704 -71.143852 -40.088219 -65.374229 78.229881 106.312843 54.223602 -30.553129 -59.037285 -95.222366
-0.956024 -23.166855 1.761163 -6.624165 9.265090 10.487335 -5.815815 9.650558 -24.817242 -15.632359
-1.169177 -22.552153 1.626215 -6.499516 9.365343 10.361161 -5.755298 9.320700 -24.110048 -15.448822
-1.019269 -21.470568 1.657262 -6.060047 8.967330 9.568621 -5.845612 9.188395 -23.467953 -15.188145
-0.930487 -22.640535 1.725664 -6.392692 9.028724 10.087105 -5.756466 9.511621 -24.259077 -15.186349
-1.026885 -22.389351 1.687659 -6.345937 9.163872 10.107700 -5.845590 9.445018 -24.183216 -15.455686
-1.102165 -23.314829 1.716571 -6.667612 9.655675 10.741787 -5.947803 9.584895 -24.886917 -15.908831
-1.016224 -24.175764 1.702698 -7.132597 9.745465 10.985387 -5.843918 9.999834 -25.710655 -16.458061
-0.984124 -23.488741 1.678991 -6.827305 9.408419 10.722265 -5.757186 9.686154 -24.959553 -15.823332
-0.996747 -21.910736 1.634036 -6.134280 8.974181 9.937792 -5.643654 9.284038 -23.669802 -15.070237
-1.016460 -23.210018 1.661037 -6.675949 9.321142 10.471384 -5.801255 9.637135 -24.750334 -15.587914
-0.966144 -23.531670 1.736170 -6.818298 9.446710 10.579289 -5.935678 9.838933 -25.160656 -15.983719
-0.932655 -24.126534 1.821971 -7.070705 9.551634 10.846046 -5.964698 9.907023 -25.710821 -16.219156
-0.906662 -23.342289 1.771234 -6.879363 9.302976 10.447769 -5.864326 9.674372 -25.064896 -15.947137
