7.095587 -9.536342 -10.938066 13.266003 0.496046 -11.602328 7.642340 -15.212287 -15.928246 -14.781658
5.418792 -0.562179 1.953796 7.725721 -17.534019 -10.331500 13.000767 -12.170257 -8.521461 -18.058002
23.532604 -12.719667 -21.647774 -5.129449 -23.581377 -21.295824 -13.877972 -13.372048 8.286402 -1.820476
23.901421 -16.360781 -28.300507 -6.336954 -15.140089 -19.909845 -18.681105 -10.422513 7.721931 -1.633768
25.902578 -23.335526 -20.217831 -14.306423 -22.091694 -21.866297 -15.330676 -19.388819 12.269462 2.177290
9.633618 1.992236 -18.212275 14.944838 -15.486870 -16.120565 -4.134713 -9.383237 0.539886 -14.696132
13.311036 -17.749147 2.187072 -21.353533 -13.854189 -11.202356 -7.570034 -27.860403 18.538507 7.531983
15.361526 -7.590639 -14.556661 -1.674100 -17.286522 -15.672244 -9.726171 -16.305101 15.471032 -5.083146
10.179197 -11.208677 -5.038713 -1.981316 -13.260989 -14.258429 2.651122 -20.518084 9.596138 -7.015482
16.491014 -9.425945 -12.483054 -1.654711 -23.725943 -23.360594 -7.606156 -18.023451 8.392407 -9.026958
-2.048892 -9.697733 -19.410397 21.910578 31.628258 0.288694 19.012285 -12.112721 -41.808083 -3.601996
16.989857 -16.425100 -4.242286 -17.412872 -22.654148 -20.112293 -9.231043 -22.501926 14.861913 -1.115175
15.292761 -20.127621 -12.004991 -7.282284 -12.172324 -20.927597 -1.931627 -24.849348 -5.835873 -2.770136
15.147341 -24.067324 -19.935106 -14.594726 9.266964 -9.017421 -1.322609 -43.663342 29.843838 17.007296
0.298031 -4.181592 12.341323 4.883687 -10.379154 -5.639199 14.183367 -22.567472 0.670124 -17.983509
16.347713 -21.023411 -12.203244 -14.654396 -3.715479 -12.778908 -10.525688 -31.833553 31.576237 8.124201
20.916679 -19.488096 -12.289636 -19.331907 -14.911779 -15.650294 -10.414471 -30.607546 25.635382 9.176702
27.083054 -41.969765 -12.756618 -39.675049 -18.435900 -21.813215 -24.528334 -20.024107 12.020754 16.317890
6.898417 -4.233115 -4.430666 11.747557 -10.034664 -10.506837 5.760233 -13.152444 -2.031754 -17.092937
32.707817 -16.493711 -37.052483 -2.367562 -30.501881 -30.537298 -18.562380 -13.488071 11.178307 -8.487994
9.254601 -17.429386 -13.584095 5.147254 9.028957 -10.979732 10.858578 -23.912912 -18.393166 -5.693843
30.176159 -21.085340 -32.568882 -16.187311 -24.790155 -30.111990 -21.926672 -24.385584 14.123040 5.409557
24.090759 -12.654050 -21.497372 -14.504250 -29.285480 -26.442068 -19.550467 -21.830740 12.258390 2.675536
8.249154 -2.100543 -4.794824 13.291096 -15.051908 -10.737732 4.906943 -13.293528 5.031185 -18.808367
1.509989 4.676893 4.105360 14.181631 -14.059562 -4.800016 12.154006 -10.476048 -3.609398 -19.553699
19.838369 -17.874945 -25.720306 -15.743420 -14.233135 -19.415625 -21.455900 -25.395750 6.506755 19.130474
19.642374 -26.557632 -11.138107 -23.905592 -3.098804 -14.360660 -8.776945 -30.326838 24.717096 10.841755
-0.305626 -1.826804 5.309404 12.725948 -4.874741 -2.720355 14.818268 -19.726885 0.682587 -18.446363
14.184165 -7.447673 -18.182549 8.469719 -12.939106 -19.076088 -1.823752 -13.395222 -3.607708 -10.641102
4.416357 -6.492024 1.748386 5.780941 -6.533518 -6.867926 9.143972 -14.798613 -8.624817 -14.257809
13.240594 -18.091764 -7.438771 -4.629516 -6.397819 -15.591301 2.559430 -21.054195 -0.636261 -9.400815
16.384165 -11.671762 -39.892387 20.060720 19.504652 -7.527874 -0.745980 -12.712874 -12.359859 1.285139
37.476707 -29.039267 -32.008629 -36.188389 -28.995176 -26.235939 -37.668022 -23.549992 35.443031 24.829079
12.973022 -10.107981 -29.182507 15.756138 8.767446 -7.951563 -0.566783 -5.918077 -18.653337 -2.344697
7.346097 -9.076077 10.094881 -17.714327 -12.330337 2.004023 -7.683876 -6.650483 4.377959 7.832992
8.028362 2.839117 -5.794851 8.635206 -22.430973 -14.250638 1.656864 -9.439937 -0.355733 -14.855090
1.320825 -6.523287 2.387355 10.710597 -3.586097 -8.989764 14.042525 -14.993815 -16.363335 -17.898598
2.806107 -2.187747 -14.817407 12.690032 2.879852 -5.686638 3.797894 -16.666634 -9.331385 -3.089082
0.698123 1.859109 2.315805 11.235083 -10.111638 -3.585973 8.280830 -11.053929 -1.285701 -13.871424
10.539351 -22.142439 -0.693789 -11.824238 -1.894229 -10.849708 -2.912749 -9.344272 -7.591123 -3.813183
15.128295 -17.697256 -8.443744 -8.251947 -14.192995 4.674191 -13.260413 13.852992 -12.331451 11.343478
7.292326 1.452350 -0.824934 1.255086 -19.154335 -10.309170 2.638728 -6.077000 -10.794930 -8.441986
7.663955 1.182810 -0.281163 5.189189 -21.711708 -7.254294 -0.925498 5.582316 -4.814270 -12.185043
2.019663 -5.472738 2.674938 11.052799 -7.988240 -9.754304 13.613579 -18.019072 -6.888235 -19.583963
8.068509 -6.585990 -0.633933 -1.349123 -12.275103 -8.436839 0.721495 -20.970087 14.271576 -5.513091
-1.481229 2.152738 7.285187 9.923525 -4.465388 0.991399 11.740396 -13.521960 -1.250777 -12.350535
23.420475 -16.628660 -27.396784 -11.768976 -7.345670 -16.700830 -19.746418 -20.627531 15.926836 11.063135
13.441605 -4.333283 -17.108553 -4.709272 -18.538589 -14.365597 -16.406469 -6.417566 -7.856848 4.844157
20.216978 -12.112462 -31.245728 9.477647 1.207745 -3.159438 -12.147570 6.364510 -6.680844 1.216037
0.947409 -1.102010 4.805325 -0.095010 -6.991415 -2.493575 0.756064 -12.952503 3.549650 -1.581455
4.537488 -3.338078 -12.648342 15.356628 4.440489 -2.232085 6.546049 -11.513842 -8.312464 -5.613652
5.238032 -0.432972 -23.858948 26.505243 16.749950 2.758343 0.775042 -2.006890 -18.816870 -3.924305
13.394193 -5.442441 -17.845013 8.603196 -7.229331 -10.041166 -8.948320 -7.328875 8.272414 -6.402751
8.406955 -12.529829 6.778204 -20.377882 -14.279078 -9.855633 -6.286522 -24.641165 11.920036 7.778185
4.755325 -5.638497 -4.829684 8.670195 -2.581958 -7.467331 8.472042 -10.449073 -5.723399 -12.309112
-6.832559 -5.387397 22.803755 0.378511 5.846589 6.818111 17.703791 -16.283175 -19.662785 -9.581707
13.063943 -14.733892 -12.948947 3.818372 -5.960083 -16.995266 7.662616 -26.260672 1.346746 -9.894775
11.982122 -11.572653 -20.990492 8.275894 9.159222 -4.971700 0.798181 -20.642229 9.265075 0.840959
8.961080 -7.922299 4.033880 -14.662465 -15.028275 -8.024478 -8.699769 -15.887006 8.390415 3.261544
-0.445122 -4.080193 10.312795 6.822694 -5.834679 -4.342987 17.077435 -17.322515 -10.056313 -17.596157
7.872962 -3.200555 2.071059 -9.695118 -9.570649 -0.839369 -8.343647 -7.719228 3.903749 5.045349
8.797219 -7.984577 7.052017 -15.483999 -17.138250 -3.102340 -9.855219 -5.951380 8.823618 6.391565
35.583763 -26.502037 -25.105684 -33.509171 -39.497093 -29.091200 -33.515751 -19.399805 27.448832 19.148949
19.812557 -17.974695 -9.287740 -18.710159 -15.935325 -12.274825 -14.495256 -15.818205 12.289031 10.822697
26.060398 -32.077740 -19.946814 -34.037373 -4.061840 -7.688395 -24.252312 -31.325190 46.101551 31.878300
16.014641 -36.804245 -20.285574 -19.139105 16.520205 -13.796396 -7.167194 -22.411036 -19.911417 14.792597
7.167851 -3.961788 -14.767210 5.693954 -4.778007 -11.906859 -9.957375 -10.613484 -7.342076 -1.113687
4.295173 -4.825274 -6.510238 18.071270 -2.506980 -6.190234 5.627633 -5.504701 -14.625373 -16.323690
