5.538011 -5.909085 -7.804809 -1.427278 -6.813887 -2.035963 2.624563 3.728900 9.159976 -3.826580
7.997428 -2.938035 -6.759647 -3.114437 -1.302854 0.828564 1.174705 2.273793 13.816551 -0.497720
2.761068 -5.247011 -10.774176 -11.531707 9.402569 9.415126 3.742979 -3.652654 6.949915 -2.768762
-0.304346 -6.181751 -10.056569 -10.647035 6.078091 6.845394 3.867612 -1.659390 5.239943 -2.789652
1.412990 -5.373074 -11.980146 -10.653070 4.542542 9.721339 4.023832 -6.482358 0.208428 0.177603
7.771369 -4.526441 -5.606612 -4.746828 3.593410 1.976987 -1.607531 1.849558 7.626697 -0.270839
-3.884629 -5.750848 -12.309403 -7.296131 -0.485304 6.721097 5.197001 -5.383571 1.619170 4.303878
2.912628 -4.271196 -10.400829 -10.917006 8.168123 9.322420 3.210473 -4.084281 8.097396 0.203299
5.346493 -4.279982 -10.214127 -5.973665 -2.900172 4.405795 1.845305 -3.581709 3.503999 3.330718
4.421015 -4.060212 -8.793642 -8.438487 4.495214 4.732055 3.218602 -0.640105 8.933046 -4.442888
-1.718842 -9.778116 -12.857220 -6.142850 -5.424046 2.648030 3.750156 -0.028001 5.090453 3.436761
-0.249687 -3.966011 -11.726974 -9.071147 1.843730 7.965612 5.220130 -5.858125 3.925991 2.654842
5.316197 -5.769547 -11.856658 -7.456851 -2.040446 4.775968 1.875165 -2.841723 5.595406 3.588647
3.026453 -6.710494 -14.199095 -7.465653 -7.199732 7.263801 2.726610 -9.562198 -10.613013 5.120698
9.541181 -2.630033 -6.911863 3.087683 -12.126993 -2.970608 0.799442 2.671790 11.017868 1.677432
6.568363 -4.154346 -11.378026 -6.347227 -4.440088 7.288690 1.273689 -8.821417 -4.940277 4.883574
-1.624888 -5.202638 -13.286638 -10.337323 2.620499 11.535209 4.683157 -10.514331 -4.398994 5.208067
-9.428343 -5.877192 -14.112731 -11.326615 5.047792 12.173878 9.568728 -8.996236 -1.000804 2.135251
7.804734 -3.775785 -5.934614 -3.050939 -0.664800 0.827594 0.157973 1.441724 7.176967 -1.749925
-0.240634 -5.633120 -10.909698 -13.152083 12.686112 11.207089 4.726136 -4.097853 8.922992 -1.821471
5.794815 -7.801942 -8.630843 -3.626499 -3.920116 -1.290295 1.802461 3.826760 6.997577 -4.448451
-2.656337 -6.174758 -13.025472 -14.239004 10.701128 12.673765 6.134607 -6.629344 3.650119 -0.426529
-1.064236 -5.526586 -11.529674 -11.996817 10.683078 11.670004 3.295439 -6.630536 3.510262 5.076032
4.451689 -4.456624 -7.312690 -5.466152 1.566859 2.794718 2.135881 0.533509 7.183863 -2.237729
14.212428 1.463564 -0.142849 2.478595 -1.803523 -1.912042 -2.638491 4.633539 10.115749 -4.207513
0.908642 -7.694808 -11.029844 -10.103466 3.401631 5.647430 4.045866 -1.004461 2.528558 -4.483755
3.559394 -4.904102 -13.738719 -7.648382 -4.045293 9.734219 2.457641 -11.838851 -7.559567 8.454858
11.334533 -0.616221 -4.580486 10.420011 -27.805593 -7.639923 3.766819 3.978803 2.046658 -7.854375
5.867218 -6.163855 -8.489811 -7.412691 3.221335 2.606373 2.127918 1.456205 7.828133 -5.042126
9.245011 -3.125441 -6.456500 -1.889508 -3.299597 0.091261 0.406186 1.717749 9.667819 -1.013853
3.929281 -5.301623 -11.448576 -7.999989 -0.443114 5.428104 4.358414 -2.990529 5.313962 -2.800448
2.252213 -10.100221 -8.803598 -5.309053 -2.400288 -0.721036 3.259492 4.535150 1.594813 -10.596578
-7.607917 -8.574022 -17.807344 -19.711020 19.390312 22.052160 10.636518 -16.569742 -3.245485 6.330263
3.271163 -7.111383 -6.975763 -6.150918 3.161806 0.668092 2.215007 4.674446 6.912272 -7.895244
-6.992567 -3.709240 -8.285036 -7.310399 6.832057 6.910865 6.321494 -2.514725 6.083941 -0.603256
6.690434 -2.867270 -6.374398 -6.102377 5.405391 3.477015 0.357223 1.278369 11.397841 -1.023092
7.546624 -5.487724 -9.780167 -1.824812 -7.912640 -0.335150 0.599331 0.760516 7.898710 2.677212
7.455807 -6.290145 -9.388984 -4.736664 -1.033067 4.962470 -4.537558 -4.921996 -5.723380 11.404490
12.633083 -1.051493 -3.386861 0.680879 -2.116758 -0.227785 -3.155218 0.668517 5.921401 1.925862
-1.315950 -5.116612 -9.241194 -3.601909 -4.264456 1.278809 4.864114 -0.293587 5.123210 -1.363784
7.683126 -2.736237 -5.661793 -5.592846 8.126020 4.385566 -1.754784 0.549908 13.873786 3.765809
8.281768 0.710139 -0.977070 -2.208163 8.711990 1.493864 -1.623477 2.488154 11.956165 -1.905075
10.235913 -4.036757 -6.600434 -0.581281 -6.432927 -1.799806 1.388539 3.464242 10.992399 -4.288928
5.985330 -3.945103 -11.661489 -8.255577 -0.853291 8.338270 1.642346 -8.659119 -3.520137 2.635395
10.287052 -3.958112 -5.258912 0.020470 -5.640126 -1.283715 -1.781379 1.308100 0.806944 -1.765672
-3.905941 -6.476540 -13.919965 -13.525558 7.401187 12.869963 7.208077 -9.152322 -2.922008 -0.600703
-3.590006 -5.884918 -7.277717 -9.169361 13.922480 7.377749 1.136470 -0.018690 7.993071 2.588808
1.126038 -5.208358 -6.552290 -9.974024 13.208258 7.845276 2.683335 -0.543784 2.784487 -8.059683
4.545120 -3.822997 -7.060950 -5.906905 4.223868 5.124082 -1.048918 -3.372590 -0.608762 3.281579
7.441993 -6.357324 -6.989550 -5.270864 0.853378 1.798726 -1.405021 0.808739 -0.637159 -2.619436
-2.761220 -9.474021 -12.282017 -3.979229 -10.477200 0.797263 3.125377 -2.805816 -14.061081 2.301606
5.076631 -4.411578 -8.946480 -8.923812 6.341640 7.118489 3.148516 -2.912780 5.468858 -5.754793
-2.477315 -4.591926 -13.236823 -9.063697 1.060552 9.304699 4.909841 -8.848359 -0.604682 5.534550
0.478556 -5.764596 -12.076324 -8.626870 -0.687802 6.032947 3.468138 -4.302256 3.479020 4.039836
2.579102 -5.771230 -6.762756 3.365007 -11.687235 -2.638039 -0.670086 1.539949 -1.750548 7.504385
7.010141 -6.176453 -10.524057 -6.010102 -4.507511 3.271270 2.498411 -2.712034 0.633745 -2.747629
3.544508 -7.824817 -12.319505 -3.597110 -11.763882 1.234807 3.021952 -3.576437 -9.464434 -1.416790
5.600248 -3.783802 -7.468870 -4.184063 -1.186831 2.398108 3.044736 -0.283000 5.513001 -3.718453
-3.944063 -5.650321 -11.983036 -8.194633 1.086721 7.284819 6.264894 -5.010665 0.285194 -0.229815
10.328316 -2.744443 -6.638777 1.549928 -9.272118 -1.973636 0.570852 2.353424 11.293792 0.545761
4.042062 -2.717337 -7.847761 -4.354387 0.392747 6.218222 -0.497621 -5.608590 1.114669 7.675736
-1.249541 -3.627107 -6.217946 -6.310446 7.598851 6.163728 0.595288 -1.765203 5.121323 6.028213
-12.301925 -8.537962 -15.903872 -17.944424 16.417923 17.424034 11.239551 -11.464660 -4.329165 0.022545
-7.340910 -6.415018 -13.165221 -12.720900 10.075028 13.142328 7.326095 -8.621457 -0.805456 3.358196
-5.406573 -7.042507 -16.118538 -13.410943 3.952097 15.631772 8.171952 -15.743777 -15.510611 3.575758
-9.740623 -9.371801 -13.587318 -6.245524 -5.068284 2.335148 9.763775 -0.182252 2.525760 -3.782362
-0.506852 -8.416724 -8.885371 -6.481328 -0.271732 0.647489 3.028818 3.444433 2.750254 -4.022846
8.781049 -5.923471 -4.744208 -0.484324 -3.936805 -3.207298 0.693452 5.992270 7.264772 -8.363130
