-12.614034 -13.089444 2.728113 4.041569 12.137465 -28.833273 17.440062 4.354263 -1.574429 8.232756
-5.717119 -10.000837 -4.958095 -2.233838 6.322935 -20.178074 12.209140 4.600821 6.859406 3.588564
-18.961046 -17.296169 8.222812 7.618587 16.523029 -29.868681 18.677317 6.417183 9.170431 8.741611
-2.688862 -8.525543 -4.658211 -2.755113 6.154092 -17.847712 11.244244 2.637223 -3.046582 6.095320
-4.648499 -13.631607 -2.152583 -3.568543 10.293936 -13.926951 9.708178 0.618005 -1.363954 9.129395
2.805973 -6.588029 -9.325241 -6.360385 2.108978 -14.015079 9.836585 5.797050 4.272264 4.309124
9.250234 -10.435641 -5.961936 -14.545758 4.305715 13.143752 -4.252866 -5.477009 -3.983122 2.389813
0.996802 -9.994246 -4.629606 -1.373955 6.801389 -9.267067 4.666253 -0.162014 2.492135 6.633838
3.753189 -6.899126 -7.610700 -3.491770 3.349195 -12.207337 7.918160 2.000141 -4.312828 6.512285
5.292391 -7.510168 -8.780931 -5.619426 3.182825 -9.471437 6.862664 3.673549 1.504536 6.227356
14.689832 -2.289216 -13.144877 -14.624767 -4.297869 6.293019 -3.084670 -2.590103 2.828213 -1.769867
4.154727 -5.867854 -6.090771 -2.006657 3.199803 -11.411143 7.209707 2.094935 -4.821811 6.837837
0.297411 -1.409081 -3.491906 2.246896 1.858936 -21.575605 12.852313 5.924743 -8.804852 4.558252
9.191861 -2.640106 -12.424144 -10.143046 -1.149177 -4.888949 1.483234 0.388121 -4.063312 3.323050
-5.203967 -12.232487 -1.078293 -1.459968 10.752609 -21.046124 15.543597 3.973718 -8.408719 10.437323
13.584678 -7.770883 -10.512255 -16.867542 0.445577 11.839050 -3.838132 -4.697843 -1.434111 0.535791
0.310482 -6.686990 -7.766943 -0.632889 3.070842 -18.104927 9.415359 3.264712 7.219687 2.364565
6.449593 -3.738972 -9.470203 -6.135981 0.948714 -11.150061 6.686938 1.441099 -8.211379 5.754827
-18.582235 -17.656185 9.255471 10.404530 17.670437 -30.991201 19.368309 6.761499 8.408404 10.219577
1.841423 -11.837566 -4.918223 -7.871933 7.036207 -4.645176 4.022009 -1.105925 0.556064 7.095872
-7.814843 -7.085186 1.600830 5.911007 8.018355 -33.245258 21.189747 7.656733 -14.355393 9.068607
4.716660 -14.474409 -6.054124 -9.974827 8.958858 -1.521605 4.101829 -0.709049 -3.002176 9.901371
-1.543628 -6.634204 -7.904382 -1.135731 2.139648 -17.044092 10.543429 7.684544 15.561373 0.318607
13.301738 1.422956 -13.900041 -11.745710 -5.317498 -0.821541 -1.008137 1.458085 -1.085362 0.821852
13.254637 -5.558523 -11.506259 -15.563482 -1.068771 8.293537 -2.982295 -3.018318 0.713399 0.899376
-3.496277 -5.204210 -3.678599 -1.138280 4.602022 -22.415281 13.767376 4.709251 -6.611003 5.092631
-2.846603 -3.895257 -6.714843 -1.828935 1.998898 -23.551607 12.934838 3.485035 -2.515494 1.925418
-4.142321 -4.936190 -4.183444 -1.222524 4.313096 -23.756271 13.336347 1.165464 -11.313184 4.401742
-14.738852 -13.355816 1.520145 4.130780 11.193611 -29.781935 15.896894 3.378356 7.524187 4.481525
0.958543 -4.280428 -7.312849 -2.223961 2.120843 -17.626291 10.436809 4.719728 0.451546 2.964327
-5.944334 -11.353161 3.779795 3.670609 12.914163 -20.181181 15.443454 7.348199 -7.475461 12.562412
3.934214 -7.636715 -7.650470 -5.152697 4.416270 -11.241163 7.108822 1.558633 -4.823900 7.440280
15.224760 -4.785787 -12.767527 -16.408173 -2.389328 9.114475 -3.524114 -4.178553 0.041687 -0.537300
-13.838573 -12.920982 8.103968 10.729448 15.024338 -35.121693 22.757843 8.519526 -10.771710 12.751119
-10.250717 -13.019865 5.646581 4.589240 14.126773 -21.526552 13.774770 1.503796 -9.651174 11.414251
5.180369 -4.073376 -7.975915 -4.283133 1.615511 -10.631275 5.950659 -0.124374 -10.836764 6.027494
-18.477226 -13.917609 6.538638 6.244285 13.393241 -27.258715 13.265932 2.043132 11.578200 4.042911
10.622828 3.391809 -10.574522 -7.926656 -4.958281 -2.962170 -0.454239 2.188157 -1.618340 0.478726
14.584270 -7.376538 -11.654636 -17.773262 -0.070462 11.680746 -3.618793 -5.103257 -1.226049 0.554795
10.928017 -4.687795 -13.110256 -13.583323 -0.444932 0.724061 -0.528673 -2.484438 -7.232472 3.965899
0.145148 -3.215985 -6.112118 -2.250411 2.045685 -16.355280 7.933105 -1.031828 -9.661135 3.942485
12.146886 -8.352254 -10.553965 -15.422613 1.357416 7.768567 -2.443823 -3.874920 -2.774021 3.142689
-2.531152 -5.589035 -3.775123 -0.487390 4.055884 -14.850996 7.510876 2.077041 2.346859 3.222810
9.484340 -3.584894 -11.057953 -10.580125 -0.799515 -0.864998 -0.013150 0.033705 0.100735 2.384118
10.665359 -7.641920 -8.264625 -13.638931 1.678099 8.282958 -2.911018 -3.318791 -3.250801 3.421971
7.585402 -0.485953 -10.918215 -8.058580 -2.787245 -4.022765 -0.331222 -0.350222 3.805847 -0.346276
2.337038 -8.115758 -4.443229 -4.504515 5.107799 -3.101640 0.572179 -3.942386 -0.697601 5.136360
15.945773 -1.716893 -13.708759 -15.906959 -4.553832 7.031311 -3.192468 -2.442527 1.888193 -1.376501
4.364306 -5.330849 -7.797621 -9.973690 2.238622 -3.232862 2.166950 -0.275886 -3.946056 3.918925
1.466819 -16.345205 1.235227 -11.339544 13.098387 8.465277 -1.002047 -2.501738 -16.263758 10.273928
-1.037721 -6.972766 -4.917162 -2.453121 5.595925 -20.543348 13.864344 3.439484 -12.138073 7.721905
8.237359 -6.098429 -9.440133 -10.046181 1.981458 -2.531440 1.279764 -0.661862 -5.672498 5.742724
2.534002 -9.575680 -6.325368 -2.721057 5.891706 -11.142841 6.704899 -0.367922 -3.170113 7.626296
-4.765658 -8.792141 -2.769679 -4.162069 6.963486 -12.679710 8.449761 3.094402 2.571610 4.815091
-2.221013 -11.397428 -1.790091 -5.773933 10.168835 -7.783983 5.968919 -0.607648 -6.119602 9.781790
15.244878 0.201816 -13.770846 -14.005671 -6.144520 5.090616 -3.401295 -1.219294 3.770970 -2.470242
4.904879 -1.425169 -9.113886 -7.216765 0.117328 -7.997855 3.722470 -2.423607 -13.661517 3.878883
-0.371129 -6.404017 -2.315778 -2.637051 6.175171 -7.275934 3.760119 -2.036448 -8.591727 7.078710
4.841856 -8.692030 -7.428715 -11.293159 4.660839 -0.398987 0.849361 -1.834697 -3.951890 6.261941
5.171350 -5.400789 -7.198597 -6.661518 2.027939 -1.268170 -0.337979 -2.054074 0.938880 1.768490
14.464561 2.012298 -12.632529 -11.987038 -6.366234 3.480775 -2.922381 0.579365 3.691164 -1.721022
-3.968647 -4.952286 -6.226060 -2.559080 2.745221 -19.345238 9.431778 2.802217 5.386012 0.045572
10.810102 -4.392370 -9.746077 -11.593891 -0.826410 4.520220 -1.971077 -1.953643 1.077354 1.678957
3.723966 -4.645278 -7.282270 -6.115211 1.492891 -5.106094 2.398062 2.111534 5.285586 2.445646
-0.523444 -14.969807 0.645813 -2.834231 13.512102 -8.926128 8.885552 2.076088 -12.348435 15.459377
11.661204 -2.266731 -14.308573 -13.229274 -2.316937 -1.844016 0.250381 -0.051321 -4.625002 2.647112
13.858771 -4.174021 -11.522018 -14.660683 -2.419566 7.422763 -3.622761 -2.949915 -1.216745 0.546613
8.299005 -4.176376 -10.568835 -8.392274 -0.510528 -3.801992 0.685132 -0.059719 0.879840 2.341225
7.234374 -3.521508 -11.334479 -6.762319 -1.582163 -7.359641 3.592516 3.506279 8.020760 0.778976
9.845580 1.642490 -11.633976 -5.399600 -3.824876 -11.970444 5.713568 4.468622 -5.941493 2.676589
-3.021341 -7.336884 -2.641863 1.324164 6.178163 -21.966621 12.954921 2.007994 -11.451324 7.909429
