-9.967805 -4.967064 6.435506 5.962437 -7.890862 -7.255247 -4.679901 3.907197 -8.211358 -10.770856
-9.788791 -4.352528 5.999602 5.373672 -6.154467 -8.541338 -3.604862 5.169843 -9.069159 -9.707058
-4.299349 -2.549126 0.849413 2.085628 -1.692389 -2.976279 -1.152680 1.412894 -2.141186 -4.979676
-7.470225 -2.937132 5.289542 3.744146 -3.245940 -6.304065 -3.190272 3.280983 -5.952933 -6.120860
-13.929660 -10.406412 11.304880 9.002201 -16.751417 -13.222907 -7.797033 9.476412 -18.059315 -16.623529
-15.646791 -14.227741 16.297098 11.145956 -22.949514 -20.692068 -11.003963 15.342613 -26.550228 -19.869394
-15.167453 -13.494509 15.136532 11.025429 -21.349724 -20.154982 -10.455050 14.582734 -25.247040 -19.523335
-11.563486 -6.121065 7.485830 6.323270 -8.830466 -11.404800 -4.805849 5.622960 -12.547137 -12.734583
-15.017887 -13.772575 15.731852 11.020842 -21.772259 -20.691967 -10.475336 14.307757 -26.023993 -19.527653
-7.668930 -4.522501 2.990358 4.500086 -5.682228 -6.220973 -1.992815 1.960662 -6.210174 -9.984551
-14.691133 -13.245790 14.143898 10.228774 -20.791531 -20.258942 -9.221876 12.845300 -24.103760 -19.569458
-15.498099 -13.600193 16.969639 10.795231 -22.671587 -20.221764 -10.648168 13.725846 -26.441580 -18.747774
-9.995827 -5.715549 6.969281 5.918193 -8.086479 -7.252112 -4.819720 5.298940 -9.095019 -10.527332
-14.723707 -13.679070 16.430170 11.018837 -22.009821 -20.679285 -10.524962 14.689339 -26.894012 -18.795040
-14.993251 -13.362064 16.511801 10.691192 -21.596832 -20.545700 -10.505516 14.129299 -26.430395 -18.777077
-15.564349 -13.470615 16.352491 10.763673 -21.853716 -21.333897 -10.644835 14.385172 -26.157591 -19.323761
-11.679456 -6.289684 12.075305 6.329262 -11.789870 -14.077372 -4.958655 3.169974 -15.159165 -12.293455
-15.181208 -13.865131 15.838552 10.887924 -21.898373 -20.695751 -10.660440 14.763710 -26.019167 -19.528301
-4.476597 -2.845333 0.668659 2.099568 -1.649004 -3.236712 -1.235553 1.634862 -2.253166 -5.444126
-10.396849 -5.130321 6.405899 6.040729 -8.198626 -7.472900 -4.687481 3.887874 -8.467289 -11.849152
-9.375978 -4.426566 6.867537 5.600336 -7.049308 -6.809852 -4.214117 3.229882 -8.143312 -9.349773
-15.512500 -13.909160 15.871222 10.684143 -23.317320 -17.900652 -11.055704 14.369152 -25.006405 -18.367815
-15.599676 -14.604355 15.639452 11.332050 -22.905075 -20.561768 -10.898738 15.742642 -26.964212 -20.335377
-15.574780 -14.010107 16.935785 11.648653 -22.813442 -20.918360 -11.102117 15.044382 -27.323145 -19.609755
-15.271118 -13.427513 15.703962 10.610857 -21.555843 -20.391659 -10.402092 14.225081 -25.742355 -19.168003
-15.176994 -14.564277 16.567554 11.275223 -24.485880 -20.397518 -10.141407 13.900034 -27.472336 -19.192554
-15.594813 -13.325262 16.365662 10.965615 -21.835281 -20.490675 -10.568895 14.548981 -26.325115 -18.832180
-15.563206 -14.322892 15.596621 11.291692 -23.096081 -19.782749 -11.167703 15.639509 -26.370834 -19.664341
-9.069425 -4.914036 4.438676 4.984193 -6.838962 -6.707980 -2.987258 3.229159 -6.999989 -10.587852
-15.556397 -14.053158 17.267002 11.321772 -22.891142 -21.806229 -10.916771 14.353003 -27.635443 -19.837372
-15.741231 -14.285469 17.126190 11.458410 -23.119690 -21.161684 -11.343500 15.733835 -27.605398 -19.628763
-7.304750 -2.712389 4.606045 3.860992 -4.122634 -5.275012 -2.549831 1.012280 -5.072110 -7.195980
-15.590816 -13.711973 16.325111 10.983331 -21.894663 -20.826704 -11.019844 14.703699 -26.300814 -19.551556
-10.144662 -4.690291 9.442202 6.060368 -9.154124 -9.155666 -4.710280 2.762710 -10.957230 -10.306805
-4.528867 -2.685865 1.181018 2.231320 -2.127250 -3.107820 -1.289258 1.251382 -2.560503 -5.262537
-15.471772 -13.667225 15.893137 11.074707 -21.845114 -20.829350 -10.553902 13.910856 -25.915552 -20.008007
-6.014511 -3.938581 1.627331 3.040096 -3.524316 -4.267018 -1.816783 2.006163 -4.224361 -7.554380
-6.927622 -3.643099 2.528720 3.334291 -3.599138 -4.589997 -2.448406 2.811612 -3.993663 -7.953081
-15.690453 -13.790787 16.501898 11.195914 -22.400002 -20.644619 -10.921430 14.734074 -26.401806 -19.753759
-9.955687 -4.947772 6.131249 5.169837 -6.144189 -11.162865 -3.145465 4.214096 -9.602898 -11.330571
-14.887856 -13.670198 14.227764 10.708200 -21.170471 -20.709553 -10.203990 14.325772 -24.985628 -20.064796
-9.659842 -4.785703 2.791679 5.168216 -4.966321 -6.480756 -4.387513 5.641440 -5.942085 -11.543468
-8.863822 -3.495952 6.134833 4.493763 -5.682658 -7.125221 -3.434259 1.930547 -7.235054 -8.793524
-15.022548 -13.495131 16.061012 10.814012 -21.198795 -21.366711 -10.518112 14.608212 -26.454624 -19.135166
-7.981898 -2.827098 5.292460 4.325510 -4.810522 -5.456282 -3.053618 1.847010 -5.365245 -7.647911
-15.189261 -13.679345 14.315366 10.779984 -21.921602 -18.364994 -9.881920 14.879528 -24.890816 -19.128490
-10.040360 -5.140293 5.176615 5.060673 -6.226101 -8.447418 -3.442517 4.011675 -8.118159 -11.323092
-15.954920 -14.193296 18.147871 11.266582 -23.911358 -21.198898 -11.676339 15.228837 -27.921484 -19.199219
-9.924763 -5.345445 5.652047 6.109937 -8.545923 -8.479738 -3.611931 2.574364 -9.084600 -12.668475
-9.545925 -3.628866 7.979914 5.237801 -6.683346 -8.229451 -3.907686 2.192722 -8.276955 -9.241632
-7.910475 -2.991362 6.119525 4.195025 -5.094578 -6.234995 -3.267814 1.873645 -6.335409 -7.352509
-15.471167 -13.783027 16.296278 10.861957 -22.115490 -20.186100 -10.888884 14.840384 -26.275705 -19.177902
-9.791089 -3.915171 5.847209 4.815489 -5.018894 -7.416058 -4.169579 4.219320 -7.307290 -9.866445
-6.494652 -2.774108 -1.820933 1.945615 0.823007 -3.161720 -2.652294 4.702610 -1.479460 -8.581988
-15.747097 -13.555758 16.560228 10.903109 -22.376333 -20.898275 -10.707143 14.283855 -26.554096 -19.768089
-15.562485 -13.764761 16.563120 11.135813 -22.434479 -20.769310 -11.028172 14.792509 -26.606052 -19.487713
-10.052401 -4.749541 7.176959 6.189941 -7.885818 -8.581570 -3.852162 3.181222 -9.345529 -10.738712
-6.139405 -2.640156 2.901625 3.473150 -3.420764 -3.955551 -1.850510 0.945200 -3.665524 -6.534590
-11.614263 -5.145225 6.459626 5.987339 -6.899711 -9.696036 -5.179708 5.899393 -9.119071 -13.177778
-15.241268 -13.133680 16.201046 10.838603 -21.530613 -20.589027 -10.536213 14.502578 -26.321821 -18.743641
-14.879786 -13.622259 15.832053 11.044498 -21.788017 -20.544144 -10.319982 13.916080 -25.846661 -19.414141
-15.639894 -14.064142 16.553061 11.087256 -22.989449 -19.969561 -11.128293 15.168320 -26.838930 -19.524078
-11.338654 -6.164246 4.164336 5.629155 -6.628798 -10.752201 -4.450632 6.726491 -9.413922 -14.999962
-14.280547 -13.009675 15.066947 9.967179 -20.186552 -20.410580 -9.673916 12.623879 -24.959082 -17.705688
-13.210325 -12.385100 14.600264 9.318830 -21.022760 -16.132370 -8.970084 10.240579 -22.791374 -15.957908
-16.077147 -13.834101 16.843090 10.843657 -22.863998 -20.506550 -11.188828 15.268124 -26.713879 -19.259861
-15.642288 -13.969351 17.073486 11.428493 -22.805202 -21.123383 -11.195939 15.080349 -27.538242 -19.463558
-15.579828 -14.014137 16.714802 11.055289 -22.454935 -20.958138 -11.138803 14.969331 -26.831232 -19.578781
-11.296226 -6.212381 8.896194 6.846210 -10.771576 -8.800141 -5.685831 5.233947 -11.217222 -12.492823
-15.373488 -14.204374 15.676708 11.096047 -22.139132 -20.533287 -10.771679 15.183599 -25.792458 -19.520496
-11.364594 -7.545049 10.288935 7.803479 -13.320708 -10.103904 -5.867307 5.685979 -13.484048 -13.264444
