-8.639426 -16.160835 2.388407 6.001041 11.617430 7.552556 -0.463152 -7.921318 -9.533691 6.872267
-5.865554 -10.245685 7.913361 -0.365455 5.928962 7.696477 12.229142 -10.054273 -5.306133 7.643372
5.396130 11.780404 11.156110 4.802131 2.260083 10.273686 27.103270 -13.818601 -1.745006 7.551054
-26.300358 0.163004 -1.488340 14.668265 17.166491 5.920534 -1.511786 -5.015492 -3.554256 -2.695148
-1.874005 11.416480 10.244954 6.369157 3.497736 12.050999 28.767126 -13.718529 4.095494 2.077705
6.394380 16.287136 13.491618 -0.138309 -5.288548 10.256080 36.514950 -14.503901 5.016145 6.099231
-8.076422 0.868675 9.525324 -5.168952 5.124508 11.589007 24.326626 -11.019651 8.876876 -0.500297
-6.479906 -0.688383 2.935634 15.504692 11.651954 4.645873 -1.245005 -7.641760 -20.984997 11.783925
5.032984 16.635754 11.776967 1.364589 -5.869040 7.798374 31.628992 -13.014787 1.857891 7.192244
-13.145061 -3.355683 8.103087 -1.533383 10.492598 11.811011 18.969557 -10.285509 6.994503 -0.009805
-11.506291 -16.945881 1.919935 3.084357 11.040639 5.966200 -1.469582 -6.304763 -11.728229 9.085172
-7.716218 -4.657129 2.274102 13.820405 10.605127 4.196452 -3.636542 -7.408914 -20.383896 11.291907
-5.240180 -4.467990 3.615061 12.561983 9.572785 5.526574 1.920483 -8.453216 -19.825653 11.194394
3.071219 10.984935 11.635474 0.095348 -2.134372 10.726007 31.854137 -13.294472 6.223244 2.478261
-10.742997 -15.132501 2.207859 7.285518 13.308373 8.990375 3.642562 -8.093977 -7.597640 6.468435
-5.577744 -21.623755 0.011728 11.655992 18.046768 13.682910 0.431577 -10.198605 -4.920651 0.800607
-0.845029 12.321433 7.532043 5.264643 7.218975 11.118299 22.238436 -11.675901 0.568161 1.810340
2.566954 13.674728 13.009542 -1.437739 -4.502731 8.554805 32.573090 -13.051352 4.772282 6.262605
4.515859 11.999963 15.244501 -3.886992 -9.232087 8.158113 37.283867 -13.721964 6.388911 5.734510
-7.887137 0.950248 1.394625 17.976713 13.418454 4.304654 -4.889346 -7.597649 -26.428226 14.916622
-8.242742 -1.198617 9.673608 4.544468 13.982765 11.804069 13.937762 -12.439886 -4.535440 5.204765
-11.899074 -5.776363 10.473714 -4.443714 10.237260 12.983031 19.858944 -11.831400 5.522780 -0.543981
3.482960 12.332429 12.542729 1.666033 -0.000840 11.326394 32.036087 -14.193794 4.346070 5.983404
-12.867101 -1.729061 1.013498 13.720352 10.885165 3.712505 -3.239697 -7.039561 -14.853872 6.522875
-8.147685 -1.968397 3.431280 13.848018 12.737761 5.065752 -3.164565 -7.595778 -23.186941 12.016271
8.232021 11.610217 14.237282 -3.904208 -9.702901 8.269626 34.831684 -13.571643 3.697217 6.245970
-10.900892 0.603656 10.865836 -1.952738 6.529295 10.910224 21.308084 -11.470463 2.628132 0.578668
-48.290932 -29.014139 6.181121 -24.704832 32.567921 16.065004 4.809948 -6.699043 27.745871 -4.864467
-12.154315 -4.587611 10.555396 -9.407170 9.392478 14.255646 22.948721 -11.392007 10.627019 -3.701684
8.268151 17.480782 15.791753 -3.008887 -8.186235 10.074211 39.833313 -15.171766 6.090571 7.272905
-11.582265 -2.868816 4.629186 12.855066 12.895800 6.125515 3.224576 -8.651578 -16.665115 10.031451
-8.671432 -1.313447 11.058724 -0.467365 9.252192 13.560264 23.905645 -13.453875 6.535638 2.096201
6.051619 14.854386 13.766195 -1.399184 -3.949150 11.786231 37.267582 -14.418888 8.028537 4.039406
5.900866 16.556805 16.877483 -4.027335 -11.736989 6.926392 38.454128 -14.131861 5.536231 6.576769
2.046190 11.698351 11.940434 -7.870721 -16.252008 0.513098 26.670816 -8.441483 1.456507 4.470456
-1.940774 -4.926325 9.382367 3.189480 3.715988 8.164706 17.540688 -11.372250 -2.864545 6.570977
-0.691065 11.814303 2.190589 20.484512 5.693674 0.670343 3.363477 -7.026778 -23.357004 14.764201
-15.175079 6.254538 -4.826310 21.854658 13.465583 5.102228 -7.702464 -4.910696 -12.079709 -6.805322
-7.046119 -8.084050 1.861894 12.578668 11.611486 5.399954 -2.536265 -7.297126 -15.796214 9.876090
5.999947 13.307793 15.045393 -4.436301 -6.493944 10.887231 38.802414 -14.655123 8.460891 4.838856
-9.001694 -0.886099 8.673816 -2.705457 5.739000 9.186125 16.262180 -8.884532 2.427660 0.392391
-9.643708 -0.929989 4.225542 0.398455 -4.980707 -0.290008 6.366506 -3.980221 -6.226512 -0.613476
-12.496846 -15.889516 8.125797 0.376759 13.529495 12.995654 14.862811 -11.227488 8.780252 1.397469
-13.616832 -19.876152 6.974019 -7.474411 15.519506 12.864840 10.639226 -9.727056 3.539270 4.081132
-13.538760 -1.289048 10.929360 -7.821595 7.474393 12.309787 23.795076 -11.075634 9.188034 -1.203899
-0.225734 6.264408 8.806458 3.200025 5.604889 12.005301 23.346264 -12.684009 -0.018777 1.550113
2.378008 12.232833 12.184970 -3.169362 -1.454393 10.804296 31.766607 -13.280193 5.804097 3.352162
-3.999611 -10.118497 0.383619 10.598353 4.105855 4.177550 0.604498 -7.425715 -6.581481 -1.142516
-3.450067 11.308114 1.568820 15.657958 10.127105 8.764618 11.459235 -8.554014 -7.402210 -1.710541
-7.456087 -14.300271 4.218840 4.792643 12.210296 9.379487 5.456682 -8.646499 -4.171102 5.260518
8.009483 15.521480 16.133886 -5.075676 -8.984647 9.841043 40.194298 -14.893213 7.105458 6.963308
-7.366346 -15.826403 1.675951 7.757463 12.825815 7.506836 -1.501602 -7.984472 -12.311275 8.813792
-5.430171 6.849498 11.583090 -3.040663 4.381553 11.465930 26.794521 -11.804607 6.293474 1.265125
-11.827447 1.412183 5.963432 2.307814 -2.115862 1.493606 11.487832 -6.185323 -2.000475 -0.789020
-7.255631 -1.282787 5.428611 1.166865 -1.720892 0.062718 6.264943 -5.435228 -7.643170 3.972360
-9.482463 -14.978284 1.419481 10.636750 13.591626 8.119322 1.664539 -8.164644 -7.545289 8.824367
-11.039979 2.946991 3.949751 7.796903 5.577520 1.986097 2.596614 -6.241341 -13.003276 2.126168
-6.807218 -13.274090 2.309692 5.713970 8.390812 6.589820 1.799191 -7.054746 -13.449944 6.010016
-13.268637 -5.418792 2.828389 4.737184 4.834428 2.385384 3.911998 -5.005196 -6.943934 2.949431
-2.916423 1.360164 9.314163 0.168261 7.003244 9.074977 17.267408 -11.360105 -1.712333 8.011301
-1.564550 12.423882 5.523462 3.805778 -1.948394 2.897761 14.980731 -7.292076 -0.729873 1.628322
-1.969995 7.219005 8.267797 -1.436818 -1.958403 8.103381 24.693716 -9.618846 5.875707 -1.271352
10.065167 17.407814 13.934319 -1.786167 -6.592540 11.193398 37.793945 -14.749672 5.572858 5.404449
2.195356 10.717452 11.427278 5.020164 -0.285229 9.175354 28.421534 -13.671427 1.151586 6.423351
2.036325 6.498253 14.764373 -6.588945 -3.586624 10.571862 34.683571 -14.063421 8.553354 4.502406
9.456189 13.893467 17.257824 -10.664025 -11.809777 9.480554 41.281532 -14.593437 8.160995 6.638198
-8.446558 -16.384937 1.127206 6.408007 11.011167 7.419570 -1.290419 -8.030840 -9.264567 6.710750
3.654360 6.849840 10.144547 0.128306 -4.936460 7.990562 27.594631 -12.306171 -0.565377 5.323431
