-9.465428 -9.487595 -12.336971 -21.091448 12.916731 12.382177 -6.813114 -17.348059 -20.340723 -1.347370
-7.403392 -7.584775 -10.109004 -17.599100 10.871457 9.715132 -5.722734 -14.320914 -16.807116 -1.253819
-8.621880 -8.710769 -11.507652 -19.980633 12.313225 11.149167 -6.503757 -16.198238 -19.132021 -1.138429
-8.788016 -8.888661 -11.736400 -20.337786 12.543751 11.378178 -6.629737 -16.486486 -19.491030 -1.238112
-9.355153 -9.415451 -12.376594 -21.212193 13.010128 12.171116 -6.889114 -17.325678 -20.411356 -1.278815
-7.809380 -7.798202 -10.300291 -18.233091 11.090698 10.187615 -5.813230 -14.699569 -17.292612 -0.931477
-9.581061 -9.606303 -12.541892 -21.631140 13.257882 12.595208 -6.811231 -17.624533 -20.559259 -1.302705
-8.148776 -8.288039 -11.016977 -19.263948 11.816456 10.567023 -6.195220 -15.544706 -18.289278 -1.115778
-8.964704 -8.986423 -11.962543 -20.403032 12.533279 11.643256 -6.600340 -16.746290 -19.743975 -1.378614
-8.063564 -8.167277 -10.962136 -18.759226 11.639904 10.230581 -6.248932 -15.245206 -18.259508 -1.372828
-9.452733 -9.420346 -12.064990 -21.386995 12.882972 12.802241 -6.370083 -17.247015 -19.755222 -0.891971
-8.918456 -8.968626 -11.872209 -20.427515 12.537877 11.782609 -6.521149 -16.798536 -19.593382 -1.371133
-9.114373 -9.103099 -11.828436 -20.755852 12.770083 11.991752 -6.530313 -16.808428 -19.603132 -1.264000
-9.751725 -9.804799 -12.446918 -21.531475 13.054329 12.867679 -6.794359 -17.569616 -20.399202 -1.017432
-8.966332 -8.973005 -11.751063 -20.316174 12.495260 11.877194 -6.308088 -16.600813 -19.295029 -1.407395
-9.846415 -9.813092 -12.601062 -21.851883 13.207535 12.984443 -6.873570 -17.949409 -20.881071 -1.120107
-9.760898 -9.795835 -12.662860 -21.730005 13.272540 12.798252 -7.000672 -17.810961 -20.796177 -1.198495
-9.500985 -9.533811 -12.425513 -21.459703 13.076969 12.711082 -6.716138 -17.645245 -20.387312 -1.211777
-9.275309 -9.279559 -12.256492 -20.987688 12.870909 12.074645 -6.805848 -17.204618 -20.233269 -1.371546
-8.069188 -8.254531 -10.911782 -19.090822 11.782217 10.477756 -6.203331 -15.393611 -18.195845 -1.078313
-9.385604 -9.439781 -12.359061 -21.129885 12.947934 12.251644 -6.830546 -17.269693 -20.309700 -1.279506
-8.945558 -9.047127 -11.997233 -20.625174 12.727753 11.470348 -6.769407 -16.663626 -19.862211 -1.271597
-8.617291 -8.707427 -11.344043 -20.004110 12.382751 11.204999 -6.318626 -16.029844 -18.822941 -1.210169
-8.883797 -8.878710 -11.975755 -20.259487 12.501122 11.330181 -6.598142 -16.510241 -19.732782 -1.483799
-7.589225 -7.533725 -10.287961 -17.616722 10.807905 9.700435 -5.767457 -14.290737 -17.174608 -1.392448
-9.362348 -9.513811 -12.497995 -21.505497 13.237780 12.034499 -7.053773 -17.370913 -20.649584 -1.207133
-9.476013 -9.455292 -12.136781 -20.944687 12.592819 12.635676 -6.523393 -17.177633 -19.907991 -1.072607
-8.958946 -8.977785 -11.588035 -19.597395 11.630260 11.822842 -6.228463 -16.244268 -18.828857 -1.093351
-8.563350 -8.648804 -11.461804 -19.729872 12.180162 10.971326 -6.535434 -16.043045 -19.129419 -1.297356
-8.811041 -8.772908 -11.651732 -20.076357 12.360273 11.507645 -6.473080 -16.423023 -19.284660 -1.365698
-9.323995 -9.332485 -12.361268 -21.099703 12.913412 12.249971 -6.749524 -17.413202 -20.365580 -1.413816
-9.787911 -9.834974 -12.776528 -21.600456 13.171898 12.618266 -7.080665 -17.707170 -21.012644 -1.251415
-9.530557 -9.703453 -12.713189 -21.829731 13.334286 12.190713 -7.191247 -17.697660 -20.910944 -0.973674
-9.328210 -9.438206 -12.414756 -21.320181 13.117537 11.995259 -7.039502 -17.315561 -20.551702 -1.258299
-9.462565 -9.554124 -12.571136 -21.728071 13.418362 12.265292 -6.979503 -17.565668 -20.766123 -1.365173
-7.092830 -7.201340 -9.743146 -16.831652 10.484312 8.986464 -5.658409 -13.607221 -16.270054 -1.196833
-9.117576 -9.138041 -11.886760 -20.509649 12.500269 12.039784 -6.504824 -16.782076 -19.545492 -1.201982
-9.099553 -9.034427 -11.527543 -20.586744 12.339108 12.165393 -6.280148 -16.625731 -19.150274 -0.805767
-8.943417 -8.801853 -11.552567 -20.296614 12.239397 12.029356 -6.236453 -16.598318 -19.090845 -1.080442
-9.166785 -9.113940 -11.999364 -20.233067 12.296091 12.106584 -6.399092 -16.809000 -19.566084 -1.349676
-6.671521 -6.842193 -9.102466 -16.109663 9.816842 8.687764 -5.176481 -12.913776 -15.177983 -0.911540
-7.428332 -7.548617 -10.179905 -17.647417 10.740108 9.466938 -5.753274 -14.286438 -16.929029 -0.989788
-9.089758 -9.086633 -12.023201 -20.558748 12.649839 11.812207 -6.684707 -16.929432 -19.920412 -1.420313
-9.609042 -9.622458 -12.463186 -21.456614 13.090690 12.502879 -6.939320 -17.602449 -20.705404 -1.207537
-9.492986 -9.474629 -12.314387 -21.062952 12.891079 12.336530 -6.778288 -17.247648 -20.277945 -1.321960
-10.106478 -10.209525 -13.224607 -22.724020 13.809742 13.375585 -7.206130 -18.591101 -21.669584 -1.092898
-8.079860 -8.258639 -10.769905 -19.053875 11.774458 10.372721 -6.090157 -15.127815 -17.850925 -0.960893
-9.222383 -9.381713 -12.492354 -21.022902 12.911514 11.619894 -7.069251 -17.072441 -20.570505 -1.216454
-9.615729 -9.690216 -12.685544 -21.826376 13.361773 12.487576 -7.041938 -17.696192 -20.816599 -1.175626
-9.310395 -9.341964 -12.209938 -20.805876 12.768538 11.920981 -6.841349 -16.957117 -20.223894 -1.330011
-9.614095 -9.709153 -12.298331 -21.287804 12.938389 12.841934 -6.637438 -17.310762 -20.063581 -0.981030
-9.319208 -9.358502 -12.362006 -21.088322 12.915083 12.012691 -6.925764 -17.348600 -20.493687 -1.240927
-9.291623 -9.298989 -12.110929 -20.974937 12.826339 12.389911 -6.605822 -17.212233 -19.952190 -1.242399
-9.274232 -9.361955 -12.191229 -21.317333 13.107586 12.304379 -6.703589 -17.299131 -20.150150 -1.272508
-8.546118 -8.323294 -10.716866 -18.836491 11.455241 11.689906 -5.523353 -15.331490 -17.368572 -1.051645
-9.439923 -9.436551 -12.443621 -21.013277 12.870717 12.118979 -6.896279 -17.311790 -20.447237 -1.353712
-9.498519 -9.554782 -12.237652 -20.910175 12.597671 12.486686 -6.624816 -17.129938 -20.053955 -1.075999
-9.414384 -9.362585 -12.521586 -21.175623 12.976156 12.222356 -6.782813 -17.521944 -20.609926 -1.509775
-9.663308 -9.662602 -12.566504 -21.733019 13.275128 12.933784 -6.781035 -17.906321 -20.628662 -1.251053
-8.831751 -8.802918 -11.520865 -19.959732 12.232428 11.655196 -6.320939 -16.343557 -19.008205 -1.287808
-9.149911 -8.953183 -11.668981 -20.470825 12.255825 12.328002 -6.268536 -16.790716 -19.264944 -1.051227
-8.523973 -8.654822 -11.544525 -19.969519 12.283266 10.965018 -6.436450 -15.932635 -18.896633 -1.096253
-9.497054 -9.698675 -12.876353 -21.983583 13.522832 12.185618 -7.237972 -17.834185 -21.200296 -1.222987
-9.812803 -9.923436 -13.105758 -22.429178 13.712789 12.903305 -7.155510 -18.303583 -21.441149 -1.275708
-9.727893 -9.799953 -12.479588 -21.415808 12.990576 12.743384 -6.857320 -17.507765 -20.537935 -1.100726
-9.602246 -9.641007 -12.420734 -21.422886 13.007542 12.975828 -6.619703 -17.639120 -20.306162 -1.127659
-9.614720 -9.677607 -12.431917 -21.765144 13.393757 12.653692 -6.869104 -17.624294 -20.647959 -1.288426
-9.565269 -9.615560 -12.468217 -21.577143 13.241951 12.446306 -6.921206 -17.552563 -20.615702 -1.254873
