-7.834151 13.969866 -20.192377 -13.279617 -16.303410 -7.861586 2.831070 -8.570749 0.702821 17.386396
-6.101060 10.842939 -16.708492 -10.860760 -12.721623 -8.125930 2.595473 -6.819615 0.812797 12.618593
-7.393458 13.082426 -18.834337 -12.273858 -15.485706 -5.736073 2.596141 -7.489326 -0.464851 16.087044
-6.769398 11.998533 -18.311392 -12.087593 -13.926915 -9.581191 2.851443 -8.194407 1.944513 14.578175
-6.667698 12.093868 -18.614002 -11.640075 -15.028851 -6.254341 2.644487 -8.029021 0.657148 16.505283
-4.194501 6.797222 -12.685740 -8.113183 -8.261106 -9.810674 2.713715 -5.335711 2.065857 7.157582
-0.472790 1.002507 -6.649367 -1.712789 -4.551223 1.430074 1.695585 -3.684586 0.699978 7.934304
-4.404357 7.320844 -13.433925 -8.284828 -9.764699 -6.159985 2.622965 -6.189813 1.178507 10.859709
-5.456400 8.857141 -15.032214 -10.018524 -10.476501 -10.737166 2.951572 -7.379798 3.139952 10.872717
-3.285999 5.034865 -11.436337 -6.684614 -7.038731 -8.274463 2.827308 -5.327895 2.259252 7.301382
-0.013727 0.935776 -6.902415 -2.069998 -3.133591 -2.874673 2.248859 -2.895242 1.197602 5.359648
-5.459564 8.498345 -14.660899 -9.624074 -9.897099 -10.203349 3.079349 -7.165444 2.981761 10.778021
-6.638373 10.503108 -16.273125 -11.434802 -11.711508 -11.627379 3.186900 -7.723009 3.032913 11.501184
-1.909339 3.396967 -9.213609 -4.845148 -4.734660 -8.263906 2.697671 -4.042362 2.858388 5.712294
-7.325549 12.899240 -19.338650 -12.696585 -15.169756 -8.712951 2.945533 -8.434940 1.376273 16.226646
0.462422 0.633736 -5.979393 -0.728783 -3.850392 1.175160 1.332837 -3.146962 0.467870 7.096456
-4.482163 7.500291 -12.466352 -8.584354 -7.708762 -11.404629 2.698239 -5.317702 2.310602 6.943449
-4.554013 7.495853 -13.609263 -8.813857 -8.661615 -12.123162 2.995696 -6.532687 3.978198 9.029514
-7.281199 12.690285 -18.485004 -12.045745 -15.138174 -5.438066 2.686387 -7.492045 -0.484043 16.026575
-2.481456 5.064943 -10.828038 -5.258590 -7.755309 -4.071680 2.073587 -4.938087 1.310235 9.895648
-7.916097 13.498875 -19.790981 -13.546227 -15.487185 -10.207728 3.069487 -8.752275 1.912783 15.905716
-1.680343 3.170705 -8.895230 -3.449330 -6.484959 -0.513442 1.746215 -4.762690 0.792575 9.439102
-4.130949 6.453882 -11.609147 -8.009874 -7.520171 -9.310251 2.606654 -4.414572 1.023197 5.120877
-1.540335 2.455982 -8.475870 -4.926060 -3.766264 -9.648044 3.002633 -3.768934 3.718696 3.290913
0.017620 0.214037 -6.346865 -1.614522 -3.034370 -2.848287 2.278403 -3.169737 1.889420 5.028814
-7.212909 12.685495 -18.884338 -12.689339 -14.494551 -10.174403 2.978576 -8.284854 1.837677 14.770642
-5.956530 10.756092 -16.189117 -10.948002 -11.422423 -12.399476 2.541733 -7.190075 3.052831 11.268053
-7.242229 12.983652 -18.762804 -12.535665 -14.003201 -11.598553 2.527331 -8.240601 2.701082 14.744272
-7.057120 12.776394 -18.471724 -12.121899 -14.633115 -7.881906 2.596277 -7.303862 0.310957 15.008735
-5.319926 8.669809 -14.611985 -9.881262 -9.722895 -11.889256 3.050287 -6.769375 3.222626 9.557677
-7.385301 12.455076 -18.862474 -12.317759 -15.432083 -6.544604 2.876977 -8.678994 0.924583 16.588318
-4.602972 7.881754 -14.145024 -8.773599 -9.849428 -9.591706 2.905994 -6.661230 2.995279 10.845671
0.236301 0.375778 -6.391058 -1.373840 -3.511157 -1.791288 2.036824 -3.412542 1.917525 6.374920
-8.327506 14.296300 -20.595413 -13.825964 -16.846502 -8.030200 2.956779 -9.016912 0.852730 17.819595
-8.011785 14.190663 -20.710920 -13.389669 -17.147909 -6.485377 2.825965 -8.817037 0.415427 19.000965
-5.308760 8.513702 -14.315170 -9.803958 -9.240747 -12.654520 2.857170 -7.164082 4.279491 9.905781
-6.762526 12.514477 -17.937271 -11.368376 -14.714841 -5.209116 2.314928 -6.720695 -0.851667 15.543605
-2.792802 4.459955 -10.141482 -6.427809 -5.335925 -10.247766 3.044866 -4.082386 3.309532 4.708213
-0.321709 0.949923 -6.687981 -1.686413 -4.166517 -0.691568 1.714951 -3.752202 1.672783 7.645642
-1.224106 2.323866 -8.382607 -3.776906 -4.465283 -6.474895 2.417216 -3.991628 2.960908 5.963906
-6.537045 11.615063 -17.554607 -11.702861 -12.890805 -11.462483 2.755781 -7.938570 2.888458 13.606724
-0.272060 1.368590 -6.799049 -1.513301 -4.573980 0.576405 1.274871 -3.627027 0.910281 8.356281
-6.278080 10.861364 -17.144922 -11.314177 -12.852135 -9.327775 2.961928 -7.299928 1.470203 12.928133
-1.295280 2.085788 -8.514142 -4.000407 -4.283213 -6.833842 2.817513 -3.924810 2.472704 4.756708
-1.144542 1.576667 -7.595929 -2.729140 -4.677242 -1.810592 2.220290 -4.413062 2.043534 7.752384
-2.504628 4.627266 -10.482570 -6.230163 -5.328063 -10.353593 2.818959 -4.147065 2.806903 5.259667
-4.155516 7.569750 -13.790107 -7.856307 -9.961300 -5.173115 2.452476 -5.950719 1.082438 11.963638
-0.577379 1.379171 -7.477446 -3.006745 -3.419869 -5.583269 2.649666 -3.171132 2.235191 4.400641
-3.979885 7.000437 -13.275805 -7.689584 -9.400803 -7.612215 2.488204 -6.200127 2.363946 10.221962
-3.612299 5.974825 -11.593370 -5.806301 -9.908524 -0.354631 1.727105 -6.256011 1.088528 13.002021
-7.101835 12.224873 -18.478889 -12.422186 -13.837627 -10.879351 2.890846 -8.480947 2.723968 14.603139
-2.320869 4.264237 -10.441013 -5.206224 -6.828289 -6.395448 2.307082 -5.659025 2.812778 8.999323
-5.785789 9.803223 -15.772096 -10.452795 -11.502724 -9.032030 2.889737 -6.998579 1.757896 12.106087
-6.809158 12.063354 -18.378904 -11.895678 -14.532324 -7.660201 2.794153 -7.931006 1.000768 15.189541
-6.321323 11.429106 -18.245687 -11.185752 -14.596451 -5.651958 2.765538 -7.828494 0.780208 16.621941
-1.460776 2.454766 -8.342111 -4.475892 -3.718866 -8.319786 2.716319 -3.685210 2.334237 3.386830
-5.541505 9.408278 -15.136332 -10.227674 -10.253122 -12.163725 2.728001 -6.958424 3.914643 10.866692
-6.632625 11.821979 -18.562750 -11.705017 -14.599108 -7.218482 2.884703 -8.283552 1.482810 16.678869
-1.637192 3.470285 -9.478799 -3.747575 -6.434418 -2.715748 1.745896 -4.875300 1.688071 9.490524
-2.353880 4.882237 -11.184575 -5.760870 -7.120304 -5.958394 2.707169 -4.403820 1.479764 8.450864
-1.075863 1.615644 -8.189818 -4.274738 -3.235580 -8.559430 3.123861 -3.595805 2.983037 3.130507
-5.539711 9.982683 -15.530131 -10.220976 -11.151199 -10.645879 2.523737 -6.441406 2.026134 10.810843
-0.697318 1.254209 -7.544727 -2.823941 -4.307818 -2.827087 2.108003 -3.996077 1.577991 6.190188
-3.626943 5.681465 -12.097978 -7.219828 -7.741320 -7.890480 2.965146 -5.504159 2.036411 8.003212
-5.805300 9.994821 -16.809061 -10.214233 -13.327366 -4.815350 2.825665 -7.682654 1.026951 15.535215
-1.641431 3.039228 -9.054574 -4.401440 -4.975997 -6.966216 2.676503 -3.841440 2.619118 5.453403
-0.145435 0.457227 -6.627653 -1.769873 -3.539864 -2.807217 2.250028 -3.476552 2.239008 5.723353
-2.313219 4.518665 -10.644836 -5.531240 -6.406207 -7.106456 2.566016 -4.605377 1.916240 7.234577
-2.692742 4.459334 -10.077718 -6.236528 -5.109672 -9.871428 2.719056 -3.889091 1.953372 3.965412
-4.296589 6.662102 -12.250657 -8.508230 -7.339019 -13.489456 3.012704 -6.318336 4.673258 7.020852
-7.598228 13.320317 -19.565174 -13.044950 -15.298185 -9.549851 2.914365 -8.756668 1.743508 16.409786
