-10.126582 1.368873 4.447016 11.883979 2.460766 -16.201042 9.378734 10.716073 -2.484299 -8.078117
-10.584263 1.302446 3.891693 12.018483 2.126643 -16.506649 10.049658 10.444347 -1.974061 -8.219122
-5.222295 -4.358425 13.644175 24.762518 -2.134952 -24.881252 5.389834 22.426489 -10.255713 -3.267844
-6.596463 -2.712781 10.175005 20.205151 -0.369108 -21.685390 6.723568 18.283714 -7.192945 -4.885695
-10.163797 1.198452 3.739863 11.329201 2.552043 -15.656058 9.581817 10.013515 -1.869570 -7.730282
-10.601463 1.821794 2.323316 9.167235 2.962889 -13.999014 9.872274 7.965502 -0.809577 -8.040205
-11.222710 2.432954 0.662597 6.956286 3.317153 -12.238957 10.538522 5.850656 0.489572 -8.245174
-10.574244 1.709563 2.048980 9.341550 2.747990 -14.134243 10.236619 7.842730 -0.604141 -7.859499
-11.063641 2.328806 0.581404 6.774455 3.227475 -11.956167 10.208467 5.742390 0.556933 -7.985936
-7.782044 -1.590249 10.558559 20.969576 -0.484165 -23.017864 6.964617 19.489300 -7.682955 -5.809487
-11.305510 2.009592 2.276895 9.432700 3.127795 -14.519419 10.445687 8.612445 -0.566840 -8.365028
-10.684380 1.769101 1.358397 8.333994 2.955065 -13.115587 10.321171 6.977371 0.101923 -7.948083
-9.229413 -0.019161 6.796940 15.897473 1.256584 -19.453876 8.892545 14.524261 -4.528571 -7.285662
-11.289111 2.876233 0.241480 5.560761 3.781249 -11.075790 10.317175 5.288658 1.029174 -8.136591
-11.403014 2.576174 0.847787 6.760194 3.472007 -12.211983 10.472604 6.215462 0.688164 -8.298721
-11.026863 2.511220 0.460945 6.130823 3.501937 -11.236475 10.185511 5.608116 0.844990 -7.855597
-9.367977 0.958823 3.910908 11.344935 2.206997 -15.440493 8.973191 10.904811 -2.051990 -6.746954
-10.590581 1.838619 1.270918 7.813434 2.861556 -12.634857 9.973655 6.210264 -0.108939 -7.654623
-5.266043 -4.232138 13.402274 24.550745 -2.077511 -24.685028 5.397901 22.076195 -10.061320 -3.332507
-9.713171 0.556358 6.342370 15.031351 1.547413 -18.750427 8.955356 13.709379 -4.054288 -7.708957
-8.544927 -0.575087 8.493659 18.079432 0.550771 -21.108315 8.270186 16.496458 -6.056063 -6.941185
-10.086655 1.348529 3.984710 12.382334 2.285235 -16.655954 9.520221 10.640438 -2.925058 -8.274001
-9.019220 0.689146 4.571111 11.568381 2.179650 -15.425098 8.269775 10.461653 -2.723051 -6.663880
-11.352791 2.457108 0.675739 6.716163 3.376818 -12.095384 10.391351 5.943658 0.783645 -8.195718
-9.698327 2.174088 0.445940 5.709063 3.281796 -10.252278 9.049596 5.091711 0.735634 -7.246465
-10.523698 2.018846 2.545175 9.120476 3.069833 -14.292591 9.553870 8.702516 -1.195616 -7.911123
-10.345760 2.022477 0.300652 5.822841 3.004332 -10.473538 9.510760 4.996726 1.286729 -7.392987
-9.695078 1.189290 3.442707 10.905425 2.420991 -15.053278 8.926713 9.270505 -2.209291 -7.530723
-8.148106 -0.920251 8.891344 18.830954 0.209143 -21.382200 7.761275 17.115690 -6.476407 -6.355480
-11.252948 2.438993 0.670256 6.761113 3.439594 -12.109065 10.398963 6.058764 0.729618 -8.163772
-11.081085 2.263107 0.221248 6.240665 3.270680 -11.415472 10.349078 5.147431 0.881139 -7.882099
-6.304590 -2.738465 12.200831 23.069357 -1.363521 -24.318256 6.306024 21.279270 -9.308834 -5.106534
-11.263869 2.532455 0.436766 6.353879 3.430423 -11.652248 10.560105 5.577925 0.812406 -8.227564
-8.900312 0.480116 6.009721 14.255174 1.266414 -18.258175 8.442305 13.595630 -4.237330 -7.388347
-5.680130 -3.539610 13.261417 24.608507 -2.026141 -25.251442 5.918125 22.325054 -10.250077 -4.184100
-11.271950 2.541223 0.349043 6.209132 3.445380 -11.529272 10.480773 5.244675 0.771148 -8.030821
-6.263286 -2.861211 11.904207 22.634092 -1.297258 -23.717823 6.168900 20.618820 -8.783436 -4.361993
-7.204102 -2.004809 10.834343 21.479580 -0.650001 -23.217251 6.952354 19.494019 -8.120677 -5.483777
-11.387056 2.411180 0.775276 6.920735 3.391711 -12.121454 10.641985 6.184672 0.787610 -8.118802
-10.370300 0.813877 4.052313 11.400031 2.496160 -15.633278 9.857299 11.140123 -1.274812 -7.049941
-10.776340 2.071403 0.980929 7.255315 3.213810 -12.152807 10.280982 6.273959 0.464557 -7.876968
-10.252325 0.671622 5.168853 13.579126 2.058769 -17.569008 9.669058 12.094848 -2.665635 -7.582505
-9.578676 0.128004 6.307730 15.688890 1.362704 -19.223907 9.382962 14.178617 -3.718797 -7.601014
-11.378742 2.487594 0.519366 6.551273 3.452647 -11.939997 10.377191 5.900029 0.901665 -8.179348
-7.735703 -1.530953 10.595192 21.276039 -0.502093 -23.336567 7.268124 19.517714 -7.942600 -6.435259
-11.195391 2.450563 1.069687 7.235281 3.601989 -12.515022 10.441724 6.713833 0.359216 -8.252267
-9.309306 0.874696 4.664474 11.643111 2.380349 -15.585903 8.453610 10.817195 -2.874206 -7.055560
-9.493777 0.296832 5.273467 13.782446 1.778996 -17.572262 9.335584 12.409183 -2.882585 -7.082734
-10.717162 1.983623 2.010394 8.585652 3.066688 -13.776821 10.068230 7.589964 -1.084403 -8.160842
-10.098357 1.061890 4.542274 12.296416 2.243980 -16.626980 9.571826 11.360326 -2.486366 -7.824804
-9.698918 0.652920 6.263635 14.564574 1.595894 -18.639919 8.881804 14.154063 -4.040792 -7.731541
-6.580769 -1.672210 10.626116 20.243364 -0.660320 -22.132401 6.182877 19.129250 -8.285898 -5.714345
-10.824525 2.037111 1.671659 8.368781 3.166773 -13.469568 10.134150 7.342610 -0.232280 -8.084431
-8.671299 0.000529 5.957654 15.058467 1.292906 -18.317551 8.521825 13.039798 -4.100619 -6.735664
-7.446926 -1.740551 8.489000 17.953243 0.285191 -20.093204 7.547126 15.728585 -5.637206 -4.969062
-10.388694 2.078321 0.158748 5.930231 2.952694 -10.523743 9.886742 4.742548 1.218488 -7.390776
-11.105120 2.524174 0.586614 6.570635 3.493134 -11.764711 10.513219 5.794335 0.590803 -8.056142
-11.001038 1.567448 2.929152 10.352031 2.738295 -15.307365 10.525016 9.462733 -1.109765 -8.211262
-5.751877 -3.310367 13.455530 24.586744 -1.902793 -25.215672 5.575799 22.531433 -10.353272 -4.561035
-10.572334 1.512073 3.484969 10.905594 2.781947 -15.472912 9.859471 9.976394 -1.633696 -8.158291
-11.144182 2.287441 0.643880 6.854499 3.359618 -11.972174 10.478393 6.023355 0.769002 -7.985673
-11.283426 2.664604 -0.034150 5.612772 3.405742 -11.000789 10.352227 4.811664 1.099716 -8.126411
-11.003250 1.964397 2.249776 9.278430 3.176710 -14.285377 10.275124 8.298242 -0.831122 -8.091246
-10.542212 1.625520 2.989729 9.700476 2.730909 -14.312160 9.848876 8.842710 -0.878141 -7.769550
-11.272615 2.260579 0.860014 7.150785 3.370664 -12.320332 10.716952 6.344347 0.700899 -8.327836
-10.167091 1.552515 3.146040 10.870406 2.694450 -15.496650 9.873051 9.464602 -1.967308 -8.155334
-10.854614 2.146153 2.265196 8.939107 3.154131 -13.953639 9.958864 8.100274 -0.743672 -8.125561
-11.040684 2.369679 0.380402 5.879907 3.290215 -11.117334 10.047526 5.300462 1.205882 -7.986712
-11.295967 2.451350 0.525197 6.628664 3.469579 -12.017952 10.460832 5.888865 0.839144 -8.263486
-10.073397 1.180252 3.735125 11.721353 2.458077 -15.980509 9.637274 10.352271 -2.215868 -7.851628
-11.239227 2.317676 0.819938 7.135031 3.391642 -12.218946 10.449574 6.391482 0.623116 -8.214332
-9.502039 0.717871 5.825519 14.820374 1.717689 -18.712204 8.875820 13.025605 -4.447443 -8.132076
