4.125593 6.927001 5.413513 0.498374 -3.005098 7.665044 9.153507 -3.983878 -4.706375 -2.554104
4.060410 6.655331 5.322282 0.620770 -3.037977 7.595003 9.279975 -4.296002 -4.962838 -2.863783
10.037916 10.776964 9.278812 8.273524 -7.168086 11.552677 14.701367 -7.254309 -11.084245 -7.407350
8.943532 10.158728 8.706737 6.335025 -6.237930 11.196259 13.618272 -6.567123 -9.694859 -6.476890
2.464775 5.393791 3.816461 -1.209659 -1.476112 5.998971 7.332030 -3.040550 -2.620599 -1.450303
1.770992 4.816962 2.978109 -2.174999 -0.901274 4.882508 6.434011 -3.016296 -1.888546 -0.650791
1.781806 4.815721 2.980258 -2.231498 -0.872024 4.936602 6.430425 -2.966691 -1.805140 -0.636487
2.185201 5.065572 3.376900 -1.275621 -1.620910 5.800431 6.840779 -2.970407 -2.729293 -1.626446
1.823664 4.935740 3.097737 -1.995312 -0.983663 5.014524 6.393721 -2.936393 -1.960934 -0.838466
9.698138 10.649099 8.461757 8.102853 -7.159805 10.757070 14.347415 -7.282341 -11.037501 -7.203918
1.905181 4.805500 2.908074 -1.910859 -0.830986 4.947783 6.187706 -2.847571 -1.877170 -0.683607
1.770334 4.800979 3.045378 -2.054678 -0.984243 5.225643 6.629546 -3.049989 -1.862009 -0.869378
6.617186 8.671585 7.375169 3.555136 -4.521579 9.665504 11.328410 -4.820522 -7.008027 -4.595706
1.754392 4.688281 2.838536 -2.168339 -0.973247 4.855443 6.243245 -2.949182 -1.946275 -0.775401
1.848397 4.664020 2.873276 -2.215928 -0.841312 4.760225 6.200699 -2.897149 -1.906005 -0.670127
1.805133 4.544309 2.775394 -2.072938 -0.716371 4.792143 6.066790 -2.871071 -1.795289 -0.716606
4.052275 6.469138 4.479966 0.616898 -2.743689 6.968973 8.864020 -3.883589 -4.166579 -2.553137
1.735754 4.854777 3.017555 -2.069828 -0.989003 4.920070 6.368458 -3.005224 -1.901259 -0.767109
10.502675 11.219717 9.657432 8.614447 -7.473289 11.994800 15.075255 -7.502737 -11.570391 -7.744992
5.928661 7.931812 6.585595 2.663784 -3.712469 8.901361 10.818954 -4.635488 -6.116738 -3.849861
7.548821 9.424875 8.100278 4.710853 -5.525996 10.291312 12.458619 -5.801917 -8.422428 -5.454558
2.950718 5.558947 4.468971 -1.019567 -1.461975 6.215685 7.632105 -3.497091 -2.585721 -1.310988
1.869480 4.709882 2.873080 -1.673065 -1.240465 4.884801 6.607468 -3.183621 -2.114528 -1.071236
1.804930 4.883694 3.023169 -2.074206 -0.936127 4.972121 6.434772 -2.940316 -1.941608 -0.804150
1.799922 4.672456 2.804388 -2.075599 -0.907646 4.924911 6.212514 -3.013523 -1.971637 -0.853583
2.264790 5.015469 3.196007 -1.455875 -0.972248 5.282609 6.519309 -3.080724 -1.921041 -1.025564
1.749038 4.831244 3.047551 -2.207421 -0.876028 4.861392 6.204101 -2.812549 -1.783298 -0.679128
2.095856 4.829895 3.029352 -1.370534 -1.267501 4.999378 6.864780 -3.231191 -2.106541 -0.932837
9.138545 10.211908 8.515443 7.120669 -6.429266 10.809967 13.649306 -6.759663 -10.061657 -6.738548
1.674595 4.820715 2.954210 -2.164973 -0.953320 4.894671 6.365519 -3.007305 -1.777202 -0.755985
1.623723 4.621598 2.845292 -2.259036 -0.914186 4.852379 6.236113 -2.901110 -1.709764 -0.701313
9.034257 10.450085 8.841228 6.734491 -6.478214 11.029764 13.859439 -6.514205 -10.062089 -6.567313
1.742766 4.862241 3.031378 -2.010915 -1.030616 4.946394 6.387875 -2.944519 -1.821449 -0.748723
5.496207 7.856649 6.592974 2.226045 -3.787442 8.649095 10.125853 -4.511804 -5.875330 -3.698814
10.273176 11.066134 9.495007 8.543745 -7.454638 11.822812 14.922830 -7.396476 -11.381912 -7.666273
1.953174 4.874261 2.980935 -2.192665 -0.697275 4.993644 6.336475 -2.779087 -1.989754 -0.722972
10.219771 11.039464 9.328887 8.504309 -7.411167 11.675173 14.995408 -7.544199 -11.419645 -7.611918
10.342052 11.009274 9.399092 8.559223 -7.311881 11.759366 15.035008 -7.591552 -11.332314 -7.588493
1.865416 4.837385 2.992369 -2.281899 -0.770469 4.835804 6.297135 -2.928328 -1.894513 -0.625584
4.368263 6.778454 4.893095 1.192624 -3.204835 7.247629 9.052453 -4.255569 -4.986153 -3.053395
1.893051 4.766940 2.922223 -2.047451 -0.934303 4.900558 6.347129 -2.928358 -1.877480 -0.702302
4.791257 7.126812 6.186367 1.048566 -2.959487 8.575621 9.685101 -4.108709 -4.897447 -2.917572
7.227077 8.979065 7.587759 4.144999 -4.807972 9.954789 12.053388 -5.341420 -7.680379 -4.971451
1.699992 4.750320 2.824228 -1.977672 -1.118185 4.875633 6.412523 -3.115129 -1.954959 -0.882403
9.597633 10.556838 9.145543 7.515718 -6.693082 11.316999 14.351562 -6.864979 -10.462677 -6.933656
1.889599 4.799383 2.938505 -2.313998 -0.744584 4.973176 6.404980 -2.897203 -1.764346 -0.517647
2.187956 4.951645 3.056055 -1.266893 -1.360435 5.198891 6.946075 -3.260112 -2.373877 -0.972011
5.356360 7.681706 5.879973 2.496515 -4.032398 8.451685 10.160937 -4.163528 -5.951272 -3.932239
1.989480 5.170291 3.134590 -1.313730 -1.357427 5.266992 6.788079 -3.348239 -2.179791 -1.212766
4.449169 7.012136 5.429358 1.381261 -3.125846 7.560839 9.298452 -3.854419 -4.731044 -2.779909
6.410197 8.278045 7.012959 3.754710 -4.471540 9.140053 10.780282 -4.579283 -6.787640 -4.486444
8.992165 10.151225 8.684041 6.751279 -6.522560 10.980418 13.769263 -6.724423 -9.954184 -6.544698
1.846932 4.956941 3.098881 -2.221225 -0.904990 4.948843 6.451038 -2.951443 -1.819123 -0.602397
6.366247 8.284338 6.551011 3.291898 -4.412974 9.226054 11.123933 -4.904949 -6.950312 -4.453000
6.498783 8.244589 6.703241 3.901166 -4.848260 9.159789 11.229802 -5.604760 -7.528565 -5.007514
1.651352 4.671719 2.887220 -2.193423 -0.802179 4.652376 6.050432 -2.824895 -1.707021 -0.624332
1.721855 4.729871 2.937762 -2.135659 -0.924222 4.836174 6.326567 -2.952782 -1.800240 -0.697667
3.662598 6.551540 4.853466 0.160358 -2.564195 7.309044 8.092915 -3.116495 -4.053980 -2.542857
9.871318 10.912037 9.396371 7.943527 -7.292955 11.549282 14.749990 -7.473345 -11.113907 -7.318302
1.988337 5.083389 3.383097 -1.882079 -1.379982 5.623911 6.762687 -2.769713 -2.148624 -1.093879
1.771640 4.802088 2.915826 -2.046200 -0.945362 4.864067 6.345637 -2.995595 -1.882503 -0.833830
1.793169 4.823418 2.997200 -2.183230 -0.853531 4.899649 6.313366 -2.846723 -1.868651 -0.699083
1.903590 4.797576 2.919880 -2.217361 -0.904720 5.018288 6.588123 -3.083520 -1.934371 -0.674435
2.082991 4.979910 3.177855 -1.440429 -1.348275 5.300507 6.971406 -3.184111 -2.444527 -1.262329
1.812187 4.648804 2.884225 -1.479278 -1.114335 5.048083 6.152365 -2.708487 -1.979672 -1.041450
3.443774 6.116135 4.673244 0.102016 -2.202891 6.767552 8.059135 -3.496606 -3.214208 -2.042409
1.953156 4.897974 3.041060 -1.981724 -0.925090 5.178507 6.610238 -2.832198 -1.956642 -0.699849
1.700398 4.772293 3.013399 -2.106557 -1.005721 4.884686 6.325679 -2.913531 -1.754889 -0.697778
1.686800 4.646146 2.911787 -2.071133 -0.995041 4.719349 6.296229 -3.010265 -1.736804 -0.666607
4.064357 6.379499 4.942437 0.445600 -2.519887 6.937353 8.746055 -3.928339 -4.071171 -2.407079
1.945135 4.776054 3.039802 -1.977642 -0.904767 4.910185 6.131172 -2.996216 -1.854669 -0.733936
4.086906 6.503903 5.055135 0.573167 -2.682260 6.913487 8.910712 -4.118793 -4.067954 -2.352971
