-9.143403 1.982934 -0.263546 1.080580 -5.015570 -4.735196 1.893115 -0.163365 -0.045105 -3.125083
-8.487706 1.424547 -1.977694 1.051331 -5.319016 -2.762754 1.176910 -0.224683 -0.690678 -5.889777
0.651032 2.750928 -12.171520 0.420232 -6.940548 -2.772151 -3.846039 -0.796385 -6.217520 -15.839744
-9.370780 2.072636 -2.241580 -0.100546 -5.478902 -5.107654 1.594130 -0.748762 -0.915846 -5.364015
1.807547 3.371159 -12.984019 -0.501065 -7.460813 -3.003454 -4.325296 -0.041818 -7.186728 -15.772641
3.548626 2.600044 -14.901586 -1.286806 -7.532695 -2.999393 -4.707731 0.110490 -7.783565 -18.014656
3.206542 3.530711 -12.945558 -1.692112 -7.460254 -4.031899 -4.420020 -0.863298 -7.971427 -16.232609
-10.377538 1.772274 -1.558333 3.151344 -6.064593 -3.223701 0.858293 0.307631 -0.686226 -4.579348
2.192253 2.126782 -12.892031 0.005376 -7.058137 -2.994443 -3.408941 -1.420859 -6.570947 -15.482905
-0.210436 4.607354 -12.465420 -3.520225 -6.382235 -4.359530 -4.601588 -1.333780 -6.633370 -15.037035
-9.406609 1.414456 -0.716790 0.035113 -5.357411 -3.960731 1.417673 1.050287 0.337653 -4.107176
-11.213777 1.551815 0.234124 1.940457 -5.761734 -4.278260 2.449330 -0.102382 0.454303 -2.707350
-9.258401 2.263700 -2.835670 2.862780 -6.184141 -2.387593 0.455497 0.550919 -0.980902 -5.823289
1.618466 3.206326 -12.526855 -0.642608 -7.090238 -2.889964 -3.431183 -0.178950 -6.515683 -16.189676
-10.459718 2.519459 -1.358876 2.056531 -6.244097 -2.399423 1.418865 0.959471 -0.080735 -4.804888
-9.982228 6.024607 -0.649584 2.108451 -6.594807 -3.941527 2.724764 2.162381 -0.034475 -4.125140
0.245900 2.563804 -11.531329 -1.043535 -6.508953 -3.868630 -4.557461 -0.273425 -6.722435 -13.401792
1.100310 2.009654 -12.114373 -0.533986 -6.691395 -2.540674 -3.815217 -0.155913 -6.530256 -15.083780
3.922461 2.524136 -14.498509 -1.332364 -7.252910 -2.005712 -4.904891 -0.272439 -7.142500 -17.235182
-10.406142 1.611324 -1.523383 4.640089 -5.319732 -4.714751 0.748190 0.174560 -1.449643 -2.896852
-9.277425 1.593032 -2.574959 1.200954 -5.914739 -1.875844 -0.127788 0.967531 -0.845386 -5.570201
-9.297072 2.183479 -2.643462 0.873333 -5.920008 -2.276993 0.799604 0.898485 -0.156709 -5.703588
3.391930 2.572868 -15.195464 -0.943621 -7.558574 -2.727812 -5.272666 -0.504177 -8.204545 -18.106050
-9.971017 1.399318 0.445038 2.531337 -5.075188 -4.455969 2.181225 -0.209607 0.571459 -2.417636
-9.819218 1.413600 -1.081890 2.803396 -5.453576 -2.992853 1.256241 0.244191 -0.007043 -3.510501
3.963672 1.657310 -9.768082 -0.112274 -6.895203 -1.846488 -2.657694 -1.645337 -5.757677 -14.559041
-8.836375 2.195067 -4.551471 0.416539 -6.256453 -2.102927 -0.011733 -0.638680 -1.695297 -7.397761
-11.855953 0.542073 3.420641 -10.857258 -4.674467 -5.270050 5.289485 6.062130 4.963514 -0.986813
-4.615401 3.237211 -5.486133 -1.313971 -6.262344 -3.542048 -0.696167 0.415694 -1.398557 -8.588066
4.059220 2.418507 -15.670335 -1.043079 -7.569414 -2.719850 -5.276946 -0.592653 -7.749267 -18.918264
-11.633486 1.303965 -1.131821 3.040272 -6.099813 -1.726779 1.350737 0.374462 0.029060 -4.264445
-9.630065 2.696178 -4.162186 0.902332 -6.388625 -1.169703 0.723805 0.518399 -0.809435 -6.811552
2.762283 2.615762 -14.280019 -1.083834 -6.442525 -1.823509 -4.032628 0.189819 -6.804715 -17.004391
2.030371 2.585597 -11.698032 0.344707 -7.305612 -1.277940 -2.883833 -0.199941 -5.552633 -15.859296
3.747242 2.492047 -11.222779 -1.137103 -6.201181 -4.171594 -3.938190 -0.830026 -6.336671 -14.160757
-10.739217 1.931603 -0.635830 1.887646 -5.211920 -1.816976 3.933145 -1.514282 0.684360 -4.949213
-11.780775 0.888488 -2.652292 6.366728 -5.699679 -2.988308 1.489391 -2.172128 -1.885114 -5.256320
-6.994650 4.087136 -1.195565 3.326260 -4.391259 -6.919874 2.533146 0.070083 -0.148281 -1.534714
-10.705793 1.143653 0.189604 1.666444 -6.104643 -3.354543 2.559151 0.418576 0.693241 -3.048836
3.633813 2.697930 -13.888786 -1.768857 -6.697878 -1.730553 -4.492647 -0.208059 -6.684128 -17.091911
-5.826049 2.352770 -3.946464 -1.169916 -5.210716 -6.492115 1.728016 -2.555201 -2.121707 -7.084404
-4.806926 0.485997 -0.521538 0.121182 -3.947372 -6.207274 1.969584 0.790192 0.567623 -3.661894
-10.873063 6.363142 -1.027537 0.686596 -7.068568 -0.921187 2.958543 0.299184 0.564965 -6.061001
-10.285031 1.859214 -1.458452 -0.102945 -6.801041 -1.719029 1.515424 1.728682 0.813186 -5.432813
1.000797 2.807492 -12.126608 -2.816991 -6.846074 -3.535188 -4.464078 -0.595549 -6.469815 -14.775998
-0.852897 3.196241 -9.780985 0.857407 -6.450011 -3.630161 -2.728474 -0.804478 -5.321787 -12.437837
1.373369 3.331131 -12.868110 -1.094456 -7.042655 -3.080172 -4.702145 -0.769524 -6.259227 -15.250674
-9.135830 2.903311 0.437434 2.034620 -5.262718 -4.119140 2.729135 0.505909 0.441431 -3.555636
-8.137099 3.025537 -3.924535 0.883256 -5.199178 -4.219907 0.266084 0.592771 -1.718818 -5.250297
-10.113624 3.615055 -0.230600 1.244539 -5.877447 -4.022202 2.052406 -0.065657 -0.013319 -4.289993
3.889656 2.383335 -15.052504 -0.740793 -6.961327 -1.972879 -5.082986 -1.233665 -7.528707 -18.244015
-10.704425 1.467048 0.352971 2.288666 -5.662958 -1.975651 2.463141 0.780599 1.306392 -3.155643
-4.306563 2.177418 -9.262963 -1.731359 -6.622185 -3.799934 -2.162493 0.344810 -4.290339 -11.878349
-9.127081 1.467263 -0.960081 1.717983 -5.098553 -4.589442 2.415045 -0.647896 -0.312792 -4.258040
-9.685667 1.499507 -0.338403 2.669115 -5.752975 -2.724728 3.002661 -0.155377 1.153404 -3.172329
-12.178572 4.226971 0.672598 1.547352 -7.021431 -0.694356 4.082916 0.630823 1.520938 -3.997504
-8.869656 2.020681 -1.651612 2.522402 -5.173863 -3.832082 0.888350 -1.371471 -0.650017 -3.860814
-7.390615 2.677993 -3.302686 1.883426 -5.474767 -4.691391 0.356680 0.478746 -1.985388 -5.461030
-9.708186 2.316482 -1.381309 2.152355 -6.041181 -3.784991 2.232338 -0.608234 -0.010368 -4.741208
-9.095441 2.463449 -4.026180 2.127579 -5.981695 -1.695306 0.410902 -0.294143 -1.699566 -6.862145
-5.491926 0.948447 -2.366485 2.633068 -4.803794 -4.012249 1.352959 0.431480 -0.734694 -4.158787
2.585965 4.063812 -10.514066 -1.948109 -5.740630 -4.371879 -4.022601 -0.394537 -6.508913 -13.122794
2.711591 2.752035 -13.688045 -0.800658 -6.706529 -2.535622 -4.100421 -0.952066 -7.035698 -17.601292
0.159484 2.468802 -11.033012 1.674255 -7.363178 -2.708161 -2.226000 -1.137043 -6.454766 -14.379292
2.927480 2.804621 -12.318974 -1.513564 -6.770011 -2.393334 -3.834280 -0.404395 -6.028919 -15.266613
4.805377 1.536262 -13.493922 -0.480263 -7.070099 -1.219088 -4.462124 -1.453157 -5.667532 -18.051659
-10.770289 2.049040 0.445166 2.505208 -5.308470 -4.122361 2.718836 -0.391748 0.741206 -2.123532
2.427731 3.231438 -11.585516 -1.006017 -6.657406 -3.585360 -3.280014 -1.104154 -6.356883 -14.643402
