0.894369 3.181762 -8.806594 1.240417 -5.252831 4.341248 1.916667 -9.829897 -10.453619 0.366925
-1.782343 1.357440 -6.642571 -0.589270 -3.818186 3.983188 2.114774 -8.186361 -7.735106 -1.509272
1.025097 3.064181 -8.418464 1.051131 -5.022608 4.555532 2.138056 -9.550074 -10.117373 0.030897
-1.244369 2.021012 -7.377431 -0.068147 -4.333550 4.218367 2.321463 -8.632673 -8.568753 -0.867886
1.076769 3.439571 -8.380566 1.024469 -5.141228 4.943370 2.672784 -9.288984 -9.836818 -0.246573
-6.432272 -1.546115 -2.132946 -4.609630 -0.271568 3.525710 3.546110 -3.979669 -1.640013 -6.298434
-0.812980 2.646345 -0.406088 -3.765743 -0.450431 7.149126 7.857414 -0.920004 0.208154 -7.586462
-0.913427 2.301295 -3.903020 -1.839352 -2.205625 5.723107 5.132961 -5.029886 -3.944427 -4.198939
-3.707603 0.458918 -4.497675 -2.373258 -2.303910 4.697637 3.711667 -6.054453 -4.730954 -3.713868
-5.040863 -0.876727 -1.370573 -4.682405 0.072281 4.811205 5.125093 -2.870354 -0.647635 -7.089956
-1.559501 2.222507 -0.538079 -4.033324 -0.434760 6.796983 7.329328 -1.405308 0.071672 -7.715291
-2.874937 1.047470 -4.096922 -2.389911 -2.155356 5.144703 4.462660 -5.541139 -4.028205 -4.456354
-2.996574 0.708909 -5.726313 -1.489881 -2.950183 3.872384 2.489912 -7.264840 -6.455304 -2.198677
-4.812763 -1.018109 -1.382913 -4.381635 -0.069129 4.248423 4.462170 -3.025407 -0.929518 -6.700506
0.031857 2.680762 -7.962314 0.567776 -4.697208 4.314616 2.203201 -9.034697 -9.388082 -0.365392
-0.157656 3.056758 -0.191934 -3.495454 -0.491109 7.300172 8.011234 -0.697147 0.230044 -7.401104
-5.445377 -0.949603 -2.426785 -4.320535 -0.622791 3.793064 3.722781 -4.209322 -2.090102 -5.893862
-5.667929 -1.149430 -1.757127 -4.377771 -0.324709 4.002105 3.977351 -3.561013 -1.372588 -6.283244
1.299912 3.064749 -8.059619 0.885475 -4.856419 4.780433 2.526142 -9.131741 -9.658966 -0.320119
-2.496521 1.404761 -1.145385 -3.897103 -0.502516 6.549222 7.049297 -2.193408 -0.678446 -7.184195
-1.266608 1.952427 -7.862318 0.272910 -4.358329 3.757088 1.628268 -9.112202 -9.245252 -0.158771
-0.228345 3.120881 -0.493943 -3.388167 -0.595042 7.621443 8.329098 -0.791783 0.217721 -7.400329
-5.226369 -1.269168 -2.353030 -3.980268 -0.279626 3.189790 3.000562 -4.183851 -2.188235 -5.422535
-5.422362 -1.305364 -1.350420 -4.290114 0.334666 3.643670 3.670735 -3.003759 -0.596230 -6.347958
-2.007073 1.752413 -0.469932 -4.176000 -0.225980 6.815582 7.487975 -1.380000 0.161282 -7.950555
-0.758130 2.050925 -7.661153 0.277074 -4.404965 3.998986 1.908286 -8.911200 -8.977351 -0.464976
-5.172215 -0.229933 -5.174249 -2.664134 -2.536105 3.431759 2.231442 -6.742379 -5.478847 -2.926200
-3.678889 0.979981 -6.672279 -1.310858 -3.738253 3.751829 1.969358 -7.999297 -7.621653 -1.432283
-0.278918 2.327452 -7.823026 0.427439 -4.598771 4.001490 1.912407 -9.182163 -9.286897 -0.323251
-5.793818 -0.666514 -3.273607 -3.897024 -1.266152 3.892301 3.608278 -4.930505 -3.048013 -5.305638
1.253679 3.365246 -8.335972 0.923933 -4.923687 4.986585 2.697247 -9.089191 -9.775609 -0.269750
-4.972104 -0.141223 -3.291568 -3.621450 -1.359473 4.653887 4.234300 -4.922178 -2.992698 -5.140604
-1.562709 2.069127 -0.521252 -3.862444 -0.230038 6.881750 7.427019 -1.343781 0.137947 -7.524734
1.074417 3.242433 -8.880166 1.246088 -5.202235 4.473419 2.051970 -9.835642 -10.597610 0.407875
1.775413 3.830945 -9.300145 1.654683 -5.511534 4.718300 2.217315 -10.037777 -10.983393 0.599612
-4.253160 0.302237 -3.861743 -2.860605 -1.932223 4.464732 3.712140 -5.308265 -3.865570 -4.301806
1.030060 2.982805 -7.913047 0.738058 -4.789205 4.494147 2.365183 -9.040026 -9.551746 -0.322294
-5.547294 -1.651652 -1.338512 -4.334603 0.128841 2.895219 2.859606 -3.035192 -0.779276 -6.213064
-0.939999 2.428795 -0.166628 -3.723762 -0.252094 7.002884 7.750754 -0.829469 0.377946 -7.526187
-4.437121 -0.773684 -1.254641 -4.304904 -0.011680 4.422214 4.675998 -2.681256 -0.672488 -6.671654
-2.887770 1.195037 -6.724872 -1.020981 -3.661735 3.938307 2.253240 -8.114560 -7.578776 -1.323201
-0.315641 3.260144 -0.139999 -3.518992 -0.519362 7.426579 8.099296 -0.680394 0.401620 -7.608622
-2.826097 0.820816 -6.040700 -1.246088 -3.219612 3.790818 2.409230 -7.766478 -7.076408 -1.883044
-4.574737 -0.654680 -1.362109 -4.649658 -0.025917 4.781568 5.157674 -2.668237 -0.656814 -7.029591
-0.633349 2.812330 -0.545786 -3.546644 -0.411165 7.253960 7.913855 -1.003695 0.153010 -7.359291
-5.290531 -1.127507 -1.356047 -4.620806 -0.053879 3.861037 4.041948 -2.943646 -0.760228 -6.778586
-1.173864 2.283075 -4.012349 -1.964598 -2.551776 6.168621 5.548850 -5.059124 -4.143822 -4.553626
-4.726864 -0.998583 -1.414498 -4.432194 -0.146335 4.089417 4.302210 -2.936282 -0.908324 -6.646030
-5.620533 -0.869219 -1.846724 -4.370896 -0.466486 4.520194 4.578060 -3.573374 -1.535567 -6.583295
0.158609 2.480914 -3.784394 -1.699327 -2.340226 6.334596 5.570694 -4.352652 -3.979838 -4.077872
-2.645697 1.395454 -6.886992 -0.844490 -3.868051 4.113711 2.337075 -8.258632 -7.868949 -1.369885
-2.158911 1.757064 -0.782157 -3.932880 -0.218057 7.030253 7.651068 -1.677491 0.002441 -7.663531
-2.352332 1.273609 -5.397877 -1.473881 -3.142365 4.627299 3.290984 -6.957724 -6.022696 -2.620683
-0.012922 2.676834 -7.925941 0.640063 -4.796276 4.325073 2.066118 -9.121073 -9.437732 -0.340944
1.163905 3.497568 -8.182310 0.952511 -4.937010 5.160478 2.925573 -9.072131 -9.431026 -0.521014
-4.872333 -1.033757 -1.462661 -4.565674 0.025370 4.162098 4.410271 -2.972556 -0.869144 -6.683234
-4.338679 -0.058980 -3.448914 -2.648520 -1.584078 3.716305 2.711185 -5.192644 -3.497905 -3.801275
1.305164 3.409848 -8.283257 0.967914 -4.810964 5.040254 2.849014 -9.112709 -9.553905 -0.320949
-1.225180 2.470575 -0.604061 -3.610634 -0.647834 7.159082 7.909286 -1.366978 -0.276975 -7.443037
-4.607694 -0.803317 -1.329306 -4.272995 -0.056683 4.446424 4.602205 -2.941729 -0.815553 -6.639505
-4.802058 -0.775997 -1.298261 -4.369882 0.073704 4.400386 4.579584 -2.814377 -0.579654 -6.700058
-4.615252 -0.018126 -5.159679 -2.404490 -2.616771 3.566737 2.350308 -6.777299 -5.550811 -3.090564
-1.022691 2.603356 -0.368337 -3.842700 -0.374906 7.227743 7.894017 -0.982281 0.262772 -7.638916
-5.034860 -0.796277 -1.716677 -4.693212 -0.359375 4.541949 4.771010 -3.246500 -1.142992 -7.012989
1.225388 3.485729 -7.181436 0.551858 -4.299716 5.524752 3.611100 -7.947935 -8.275097 -1.242074
-4.789170 -1.243213 -1.509161 -4.285271 -0.007969 3.865174 4.051086 -3.087694 -1.119633 -6.389163
-1.909547 1.673301 -0.550391 -4.019577 -0.178870 6.700887 7.364409 -1.484156 0.024913 -7.710424
-4.026355 -0.385397 -1.411598 -4.261578 -0.261934 4.848304 5.207390 -2.859530 -1.071709 -6.638400
-5.215725 -1.170504 -1.447247 -4.633958 0.059474 3.957305 4.139916 -3.058221 -0.858324 -6.688640
-5.587144 -1.183185 -1.509823 -4.518663 -0.029529 3.968248 4.085628 -3.215736 -0.991948 -6.537587
0.809635 3.034994 -8.459580 0.934957 -4.965697 4.596596 2.385554 -9.390923 -9.814534 -0.069353
