-11.603007 10.031363 8.521687 -3.783595 -12.051466 0.354353 -10.040463 2.877939 -5.687909 14.541897
-14.621274 12.820689 11.126478 -6.988427 -15.585318 -2.711700 -7.519617 1.580119 -8.905688 12.208820
-22.113146 21.280241 18.226902 -14.812347 -27.171478 -9.778045 -4.233413 -2.248368 -15.960938 8.636848
-20.530811 18.942844 16.490837 -12.879196 -23.901184 -8.203032 -4.739649 -1.094736 -14.118820 9.485147
-9.271197 7.752079 6.175832 -2.074707 -9.353578 2.151770 -11.432354 2.822286 -3.972628 16.254374
-5.348715 3.368017 1.549651 1.491786 -5.631546 6.464618 -14.716829 2.446366 -0.607814 20.216974
-3.460019 1.732886 -0.379431 3.210100 -4.185491 8.974742 -17.029690 2.990878 0.617603 22.005552
-11.568358 9.669456 8.468418 -3.700608 -11.775660 0.585271 -9.924939 2.773750 -5.827076 14.814297
-4.166157 2.108701 -0.003811 2.892961 -4.660580 8.743982 -16.791792 3.053459 0.506766 22.303307
-16.693310 15.434099 13.669266 -8.891126 -19.570076 -4.996527 -6.477665 0.488155 -10.750973 11.418565
-8.636973 6.130707 5.371463 -1.032916 -7.965189 3.248423 -11.209088 2.865967 -3.105186 17.176737
-8.097014 5.775030 4.613664 -0.934675 -7.258702 3.355572 -11.241712 2.545454 -2.861329 17.072931
-14.030256 12.483918 10.853367 -6.408396 -15.277555 -2.151866 -8.064897 1.858542 -8.201053 12.795094
-2.761010 0.737970 -1.499061 4.021405 -3.493853 9.997262 -17.747522 3.289390 1.608230 23.641964
-2.831142 1.118246 -1.084314 3.672668 -3.452667 9.398217 -16.958931 2.875512 1.340948 22.071829
-6.129313 3.982424 3.010988 0.367570 -5.817759 4.722855 -11.791513 2.229001 -1.650221 17.827362
-11.475833 9.805978 9.109809 -4.463145 -12.565183 -0.689530 -8.373730 1.704632 -6.083627 13.465631
-3.312293 1.704280 -0.639296 3.231694 -4.031196 8.927587 -16.607244 2.924826 0.814842 21.139929
-21.798187 20.955336 18.046198 -14.515837 -26.720745 -9.559541 -4.340873 -2.260122 -15.707960 8.717748
-11.569360 9.804449 8.626839 -3.666239 -11.738512 0.536102 -9.962841 2.942657 -5.858276 15.144585
-15.008435 13.529244 11.753323 -7.621819 -16.675909 -3.201980 -7.756514 1.597230 -9.227329 12.133925
-8.213511 5.879619 4.585500 -0.790651 -7.467694 3.483212 -11.848522 2.371662 -2.861970 17.436741
-7.039336 5.875676 3.900770 -0.693858 -7.227542 3.637042 -12.039679 2.166278 -2.137648 16.150749
-2.955384 1.075173 -1.493723 3.834846 -3.944777 10.405225 -18.074783 3.448104 1.602281 23.434320
-6.487062 4.180439 2.862876 0.412975 -6.186716 4.937368 -11.526356 2.063075 -1.963574 17.629417
-7.447764 5.527153 4.257658 -0.758520 -7.249280 3.807296 -10.856842 2.490120 -2.666279 16.639162
-3.747456 1.346203 -0.749594 3.073913 -4.503319 8.936655 -16.264244 2.788291 0.621983 22.396145
-7.055142 5.331774 3.539057 -0.286685 -6.867155 4.234658 -12.356392 2.375206 -1.898560 16.948053
-14.488312 12.985087 11.420558 -6.687590 -15.778216 -2.248394 -8.563894 1.845095 -8.553636 13.068040
-2.818205 0.811749 -1.608766 4.197655 -3.581966 10.432189 -19.209749 3.220474 1.601961 24.386763
-3.261767 0.877460 -1.073203 3.542164 -3.645272 9.143064 -17.817682 2.770442 1.187225 23.766054
-20.420128 19.116423 16.799320 -12.993309 -24.581438 -8.636571 -4.927533 -1.273843 -13.988297 9.336115
-2.637101 1.187983 -1.502034 3.936263 -4.041732 10.628152 -18.182961 3.504610 1.495018 23.078482
-12.136926 10.441106 9.434748 -4.962434 -12.774812 -0.698415 -8.957104 2.266279 -6.642678 13.660720
-20.002785 19.309221 16.775661 -12.909200 -24.418652 -8.203394 -5.191360 -1.405313 -14.143748 9.244608
-4.077436 2.207803 0.307330 2.542302 -4.790419 8.201567 -15.539038 3.006488 0.316724 21.015932
-19.421148 18.649080 16.353043 -12.178244 -23.485289 -7.594311 -5.201525 -1.122041 -13.636706 9.763265
-17.720221 16.489401 14.444886 -10.168340 -20.879787 -5.700959 -6.392538 0.209836 -11.713402 11.125466
-3.891770 1.895499 0.218753 2.654709 -4.237813 8.141745 -15.650638 2.802499 0.400254 21.108561
-14.162441 12.720994 11.445737 -6.663213 -15.875617 -3.334508 -6.124034 0.970833 -8.561151 11.608834
-5.569056 3.682033 2.166972 1.143566 -5.470340 5.648067 -13.578825 2.370399 -1.018583 18.791533
-13.137723 11.088067 9.789103 -5.191381 -13.540748 -1.030854 -8.619724 2.385041 -7.100417 13.800002
-16.278519 14.295215 12.801966 -8.435875 -17.709145 -4.477548 -6.353667 0.996154 -10.035054 11.544029
-2.336243 1.195089 -1.777809 4.137237 -3.659261 9.968677 -18.178751 3.263286 1.652496 22.677553
-16.800673 15.035127 13.279251 -8.931388 -18.961143 -4.731161 -7.162676 1.017975 -10.365866 11.816825
-6.661179 4.533680 3.267368 0.478777 -6.376174 5.241433 -12.933563 2.672581 -1.900778 19.017420
-6.945711 5.977139 4.224987 -0.666283 -7.192832 3.372463 -11.134773 2.424732 -2.459143 15.465756
-14.425879 12.781580 11.233953 -6.557343 -15.778317 -2.301799 -8.193972 2.023659 -8.547130 13.160936
-7.138051 4.677876 3.454739 -0.300677 -6.729113 4.197073 -11.834841 1.918929 -2.092376 17.640171
-12.278722 10.499756 9.471842 -4.285254 -12.803603 -0.310320 -9.114267 2.641346 -6.668312 14.414398
-14.469214 12.931697 11.464327 -6.801520 -16.254696 -2.881912 -7.732273 1.792598 -8.527093 12.805346
-17.002327 15.536993 13.717909 -9.662165 -19.681087 -5.487134 -6.692345 0.514332 -10.779970 10.950187
-4.561821 2.494791 0.611670 2.607123 -4.808084 8.113297 -16.701286 2.805184 0.047502 22.231422
-12.683646 10.997810 9.489368 -4.886660 -13.443223 -0.365130 -9.578093 2.504699 -7.121143 13.811528
-16.754261 15.537500 13.415918 -9.311886 -19.318705 -4.466998 -6.591225 0.244266 -11.202513 11.228498
-3.930659 1.305477 -0.671578 3.035562 -4.323625 9.575116 -16.751051 2.987249 0.722944 23.024187
-2.553410 1.250632 -1.567454 4.004792 -4.099474 10.676414 -17.688047 3.518926 1.542467 22.393024
-11.742188 9.825543 8.675226 -3.850024 -11.805537 0.321055 -9.758194 2.844508 -5.743244 14.682856
-19.724361 19.035185 16.726515 -12.632062 -24.416605 -8.355659 -4.979698 -1.400791 -13.787202 9.238536
-11.047408 9.419839 8.049442 -3.346903 -11.509089 0.950034 -10.598057 2.958837 -5.322047 15.385349
-3.064644 1.282235 -1.289414 3.785116 -4.074179 9.831569 -17.937059 3.158282 1.263225 23.599234
-3.112112 1.023310 -1.255860 3.602276 -3.941651 10.346832 -17.390417 3.513005 1.429573 23.086779
-6.528964 4.829507 3.244095 0.301308 -6.334841 4.985333 -13.026299 2.602796 -1.766282 18.460615
-11.152015 9.704882 8.250681 -3.714867 -11.710391 0.267545 -9.471165 2.715671 -5.651281 14.222673
-10.687490 8.415374 7.609957 -3.067879 -10.305802 0.544796 -9.036540 2.518406 -4.934239 14.361987
-10.389965 8.409748 7.006827 -2.699306 -10.288281 2.104961 -11.203617 2.784379 -4.697116 16.235975
-7.178936 5.295017 3.711680 -0.280702 -7.039519 3.958661 -12.181850 2.471676 -2.138691 18.065643
-2.882783 0.821672 -1.744243 3.977172 -3.955522 10.306113 -18.706869 3.257401 1.544571 24.337952
-2.703389 0.848417 -1.499824 3.974529 -3.563017 10.248038 -18.122259 3.077758 1.496039 23.179773
-11.287446 9.526299 8.379142 -3.537014 -11.397231 0.788091 -10.571226 2.863203 -5.513072 15.178188
-7.174131 4.862442 3.575206 -0.104069 -6.475436 4.122142 -11.809687 2.415106 -2.221324 17.852734
-11.185028 9.476945 8.264864 -3.529590 -11.364116 0.856330 -10.470775 2.834454 -5.640138 15.028573
