3.200038 -19.260098 -14.710748 -6.292408 3.335640 -10.992240 18.551279 10.953140 -4.739328 7.799194
3.386813 -18.734091 -14.385129 -6.070669 0.524100 -10.106141 16.919029 10.364174 -0.179686 5.644446
5.782904 -38.895844 -30.097015 -13.012442 -8.423573 -18.341881 31.013542 18.638222 12.983504 4.402925
3.598282 -22.525061 -17.739193 -7.452989 -0.348209 -12.612737 20.437859 12.010756 0.829175 6.552644
3.096955 -17.836899 -13.445993 -6.920634 3.969111 -10.536392 16.570385 10.454685 -3.578207 6.156046
0.198315 -11.646630 -8.929454 -2.553203 12.069936 -8.029071 14.450150 7.916115 -17.147797 9.434588
0.623365 -9.521605 -7.909819 -3.768877 12.031214 -7.613871 11.634084 7.475382 -14.293567 8.608304
3.627621 -18.858557 -14.490843 -7.097949 2.286396 -11.058711 17.216076 10.804981 -1.773296 6.553747
1.385987 -10.517199 -9.377873 -3.278420 9.674887 -8.002788 12.773710 7.404946 -11.337644 7.752120
4.653994 -28.815235 -22.326374 -10.014063 -4.075733 -14.577343 23.894596 14.416598 6.751739 4.750797
1.788789 -14.258696 -12.113093 -4.700358 7.605766 -9.478906 15.693376 8.874290 -9.071479 8.128206
1.819182 -13.541749 -11.036819 -4.380090 10.060286 -9.895804 16.196468 9.031961 -13.142080 9.413216
3.580705 -21.422743 -16.225481 -7.529799 1.247764 -12.024709 19.581503 11.520358 -1.021203 6.105941
0.273178 -7.258618 -7.662622 -2.109102 9.773931 -6.712252 10.667419 5.644686 -12.039126 8.068151
0.740034 -11.464135 -9.592942 -3.071861 9.434694 -7.611780 12.948229 7.427896 -12.240246 8.308796
2.147329 -13.066063 -11.200830 -4.602325 7.391714 -9.230092 14.079525 8.392025 -8.193727 7.459393
3.550387 -20.289455 -15.953496 -7.084504 2.618199 -11.880993 19.312166 11.384851 -2.937023 7.652875
0.294928 -10.344748 -8.200835 -2.786614 12.044008 -7.957406 13.132918 7.928767 -16.373539 9.447299
5.794350 -38.718964 -29.904835 -13.008386 -8.347301 -18.207161 30.784372 18.543518 12.924488 4.350048
2.739648 -17.056217 -13.276628 -6.018580 6.333447 -10.709195 17.587156 10.313406 -7.641438 7.925928
3.911058 -22.961468 -17.238232 -8.512032 0.120829 -12.450681 20.196182 12.395046 0.970747 5.739368
2.075994 -14.738251 -11.590510 -4.862790 9.313829 -9.992450 16.617954 9.661603 -12.151767 9.265717
1.676201 -14.034889 -11.412794 -4.345214 10.153201 -9.822477 16.183598 9.097721 -13.128284 9.249058
0.566585 -5.809712 -5.989417 -1.706444 11.141558 -6.061270 9.467562 5.448936 -13.616396 8.448139
2.181631 -12.376781 -9.647642 -4.051904 7.628507 -8.819779 14.212114 8.260451 -9.772634 8.140970
2.246166 -14.051041 -11.212948 -5.277476 6.779825 -9.306280 14.826870 9.171997 -7.917544 7.609736
0.731106 -9.827868 -7.971159 -3.636639 11.703150 -7.937954 13.085487 7.452952 -14.641763 8.694831
1.454869 -14.803614 -11.100549 -4.432162 8.246749 -9.346156 15.828876 9.373975 -11.531260 8.587857
4.524693 -26.730610 -20.589306 -9.371408 -2.155725 -13.995123 22.990702 13.773684 3.723739 5.890308
0.235855 -9.077073 -7.554449 -2.808829 12.838782 -7.641413 12.792365 7.294415 -16.730488 9.267533
0.407245 -9.354076 -8.064417 -2.784808 13.062891 -8.239966 13.238256 6.989650 -17.038242 9.322849
5.051942 -31.437212 -24.001244 -10.887105 -4.684489 -15.730610 26.258522 15.774147 7.219052 5.365324
0.223056 -7.418863 -6.835234 -2.571972 14.717068 -7.875524 11.990402 6.611149 -18.754368 10.023261
3.482421 -19.732658 -15.036059 -7.242203 2.396286 -11.542686 18.497343 11.071882 -2.249267 6.654165
5.652578 -36.545883 -28.225563 -12.402638 -7.422827 -17.375990 29.181103 17.649494 11.693891 4.364553
1.207373 -12.391411 -10.383559 -4.302741 10.716040 -8.830443 14.341460 8.501712 -12.780147 8.565901
5.438035 -33.729858 -26.021996 -11.796197 -6.482031 -16.252054 27.076521 16.622501 10.279399 4.587336
4.641861 -28.725317 -22.092834 -9.814102 -3.311009 -14.686811 24.403259 14.549834 5.155201 5.585485
0.125323 -9.893093 -8.535020 -2.977565 14.597428 -8.448454 13.444254 7.669503 -18.553913 9.953011
3.661741 -20.664665 -16.309219 -7.316648 0.271841 -11.663584 18.280516 11.260960 0.960882 5.682897
2.398799 -14.542084 -11.466395 -5.423601 7.562191 -9.480330 14.863905 9.413785 -8.568429 7.960402
3.558043 -21.366619 -16.384670 -7.167646 1.973534 -12.050925 19.729839 11.644581 -2.263581 7.008898
4.131207 -23.399368 -18.197309 -8.570777 -0.343664 -12.913430 20.556118 12.460894 1.769309 5.914741
0.643536 -8.967641 -7.750261 -3.033124 10.595264 -7.522199 11.151220 7.051717 -12.991586 8.288327
4.800966 -29.166561 -22.338619 -10.137698 -3.270093 -15.030262 24.873137 14.828236 5.208484 5.734225
0.412956 -11.553736 -10.268815 -2.804067 12.504827 -8.328158 13.680609 7.628335 -15.745493 8.877917
3.280949 -18.326588 -14.515151 -6.745728 3.295605 -11.138940 17.546167 10.503004 -3.044734 6.635349
0.620947 -12.185482 -9.422048 -3.022768 11.405232 -8.658542 14.943155 8.300533 -16.294062 9.603713
3.421040 -19.221201 -15.574010 -6.937358 1.286047 -11.293662 17.582979 10.547557 -0.070003 5.645328
3.881271 -22.986065 -17.627838 -7.590879 -0.155955 -12.610364 20.767616 12.431792 0.177310 6.978286
3.799130 -21.923393 -16.495251 -8.012455 0.895270 -12.110057 19.461262 11.984463 -0.261558 6.102369
0.308349 -9.768281 -8.397672 -2.640053 14.034886 -8.655375 14.086791 7.408529 -18.674965 10.300194
3.423913 -20.696381 -15.454535 -7.091970 2.447980 -11.507078 19.278351 11.597173 -3.144070 7.332534
5.276230 -31.085186 -23.685242 -10.986531 -4.864578 -15.303397 25.480286 15.665562 7.628557 5.331464
0.081498 -8.734810 -7.347767 -2.114262 14.017259 -7.434414 12.847540 6.936250 -18.492483 9.960744
-0.510909 -6.861474 -6.268677 -1.431063 15.932596 -7.367487 12.280214 6.202184 -21.609474 10.944292
3.576414 -19.873592 -15.011456 -7.379317 1.502951 -10.992537 17.630558 11.102132 -0.631123 5.847009
5.506641 -36.045734 -27.759897 -12.200267 -6.854427 -17.384716 29.273840 17.488811 10.653378 4.786860
2.552701 -16.522690 -12.767114 -5.677376 5.875009 -10.312524 17.060787 9.836258 -7.517076 7.779623
0.295974 -7.425939 -6.882321 -2.383744 13.364565 -7.262614 10.440157 6.424412 -16.119583 8.795764
-0.165709 -6.985438 -6.745212 -1.123015 12.228724 -5.958421 10.242405 5.557531 -15.533681 8.422000
0.977714 -13.255667 -10.830060 -3.547254 11.173647 -9.282619 15.968831 8.674633 -15.280814 9.765497
2.240821 -14.861693 -11.855430 -4.788577 8.175440 -9.714255 15.613459 9.201394 -9.848815 7.943887
3.056239 -15.808287 -12.782290 -5.593409 4.395015 -10.052218 16.024403 9.590919 -5.077123 7.748437
3.232185 -18.556330 -14.176083 -6.839290 4.448818 -11.065173 17.680403 10.898031 -4.809359 7.424144
1.887133 -15.463920 -11.884119 -5.409846 8.609873 -10.107234 16.261347 9.919480 -10.828544 8.478911
-0.311784 -8.831553 -8.098769 -2.480405 15.461315 -8.028102 12.885778 7.017446 -19.441746 10.018180
-0.386622 -8.153187 -7.253578 -1.911103 15.568482 -7.891678 12.546646 6.780106 -20.526783 10.272378
2.942984 -16.770681 -12.979496 -5.846235 6.619567 -10.653758 17.321756 10.439104 -8.258005 8.569757
2.400777 -14.211300 -11.004232 -4.706902 7.686509 -9.515559 16.246824 9.124851 -10.679576 8.785688
2.567961 -16.643906 -12.615389 -5.170899 6.295043 -10.155465 16.992453 9.925251 -8.627959 8.127000
