2.918776 3.178727 -1.079980 1.385258 8.904912 -3.493399 3.746217 -0.522701 -3.536343 -9.927040
-2.943707 6.315607 0.620106 4.752638 -0.688087 -6.147017 5.220024 2.912151 -3.116159 -3.830457
-3.311781 2.672936 -5.658530 6.504350 -13.763131 -2.305250 0.259983 -4.552299 1.414383 -4.087214
6.657388 3.978822 -6.732436 -3.452978 -1.847753 0.263892 1.418908 -8.531789 0.617166 -7.285203
-1.319688 4.477895 -6.182538 3.017032 -14.320739 -2.527930 0.268871 -5.551672 0.582262 -2.669345
-2.409208 1.883446 -5.802648 2.861916 -21.551458 3.415582 -2.763291 -4.430941 -0.621924 4.074796
-0.678844 3.454197 -3.365856 2.941921 -12.848266 0.633820 0.295811 -2.273034 -0.137290 0.325660
-3.154121 0.374168 -5.729728 3.626775 3.678027 -6.057802 0.446014 -5.644806 -4.073962 -14.513106
-2.124324 0.743791 -6.244137 4.767155 -15.314927 0.212716 -0.858124 -4.733059 2.895332 -3.182995
-0.344053 5.892123 -5.929852 3.983112 -11.308386 -2.663572 1.692118 -6.182897 -0.921869 -3.385676
2.886936 2.327720 -1.111316 2.235957 8.997964 -2.965685 4.584145 -1.211808 -3.147181 -11.335690
0.856070 -0.578475 -3.829413 1.540139 7.894448 -3.386336 0.452147 -4.051461 -4.614561 -15.275522
-3.737496 6.707170 -2.602362 3.833317 -0.067373 -8.109235 3.275302 -1.148813 -4.697852 -9.495283
-2.182950 2.196596 -4.506243 1.805787 -19.859455 3.241047 -2.744135 -3.229548 -1.444252 4.662756
1.846233 12.072835 -1.856663 3.865480 0.325526 -8.515395 4.823066 -1.072371 -8.281522 -1.067236
3.052544 10.363252 -2.283055 -0.487322 4.440328 -7.543640 1.739475 -1.455797 -9.953356 -3.248594
0.056949 2.121716 -5.912278 1.185799 -11.378826 0.718991 -0.991379 -5.653376 -1.459512 -1.751327
-2.250181 1.676472 -6.152412 5.360246 -15.976223 -0.093617 -0.540722 -4.499061 2.303278 -2.483980
-2.355393 2.209691 -5.016031 4.594352 -18.026943 1.231351 -1.242365 -3.124507 0.873179 1.024591
1.849736 -2.948342 -6.851764 0.367196 7.998635 -2.467750 -1.711490 -7.702238 -7.962319 -17.324770
-1.733700 8.551726 -4.128507 2.518065 -4.757125 -5.284401 4.422827 -2.773266 -4.336467 -2.989091
-1.719330 7.703469 -1.091108 2.875226 -4.813618 -4.503840 5.048341 0.487161 -3.354262 -1.543076
-2.208602 2.879047 -6.456783 4.609410 -19.310753 0.601421 -1.772744 -5.733893 0.523832 0.957470
4.416606 -1.734828 -5.430196 1.261949 7.573494 -1.281558 0.757679 -5.796793 -5.956871 -13.341744
0.132565 -1.096274 -6.639979 0.875873 7.698515 -3.237001 -0.561850 -6.511442 -7.118437 -16.778072
-3.477961 2.728176 -1.268380 3.701543 -9.680714 -1.339084 0.090889 1.342872 -1.739255 -0.188665
-2.158000 5.634973 -3.636535 3.260603 -8.528053 -3.430346 2.783133 -2.776567 1.031956 -5.375151
15.498566 8.555015 -3.413208 0.160848 8.850537 1.975750 11.534867 -3.914294 -3.466287 1.327956
-1.588099 5.780399 -1.502579 1.216228 -8.904904 -0.487554 3.207197 -0.413742 -3.077680 0.805661
-2.707178 1.566927 -5.837246 3.431192 -21.607422 3.235142 -2.472868 -3.888482 -0.352009 3.624202
-3.030907 2.829169 -3.375522 4.192727 1.214047 -4.825611 3.920254 -2.753076 1.099760 -12.904307
-1.783577 6.748112 -5.461299 5.743118 -11.678475 -5.193913 2.031709 -5.046362 -0.636879 -3.307512
-2.130049 2.221399 -5.104994 1.720890 -21.266388 3.603391 -2.965696 -3.648072 -1.298498 5.275292
-2.600061 0.291358 -4.488651 4.665416 -13.327655 0.188688 0.359511 -1.892053 3.460356 -3.654884
-1.194156 -0.388474 -0.667034 1.342707 -1.164508 0.929474 3.423122 1.352171 5.285088 -7.427920
-4.000504 5.113382 -0.844692 4.753613 -4.278865 -5.610533 2.332418 1.147421 -1.881817 -3.640883
-3.562245 -3.521560 -6.553487 4.772661 2.315384 -6.103374 -1.424307 -6.469882 -2.892416 -18.293961
3.800431 -3.592192 -7.318169 -0.019251 7.166930 -1.564213 -2.482978 -7.431166 -8.918970 -15.861899
3.002324 4.134434 -1.496757 0.427841 6.178130 -3.284988 2.552179 -0.917177 -2.361852 -10.311349
-2.500392 2.207001 -4.670264 2.562633 -20.697475 3.355542 -2.545728 -3.080184 -1.105327 5.028910
-0.989541 3.613571 -3.419854 -0.056248 -6.327066 -0.801215 1.324292 -2.835601 0.250833 -4.557473
2.292246 2.561072 0.352919 -0.433131 3.748997 0.921778 4.056370 1.260979 2.103604 -8.071625
2.517149 12.650499 -3.160705 3.809170 -2.926795 -7.098753 4.931524 -2.084147 -6.369737 1.862936
2.755476 12.588611 -0.550762 3.472509 0.181969 -6.106247 7.559235 0.629503 -7.063588 1.998023
-0.903785 5.085272 -3.471134 2.942147 -10.824416 -1.726214 2.580374 -2.048521 -0.738051 -1.089161
-3.187852 4.320545 -2.805044 1.597312 -12.716327 -0.489894 -0.061189 -2.132291 -2.944288 1.231543
-1.935570 1.719830 -5.091429 3.501334 -18.967981 2.808158 -1.363785 -4.077791 -0.899969 3.023993
4.615611 3.177357 -0.903296 -0.267796 6.255199 -2.277030 1.234430 0.007911 -3.855635 -8.526502
2.534034 4.362114 -5.996081 -3.624687 -6.359990 -0.895430 -1.530284 -8.942023 -0.937354 -6.090499
1.058467 10.597600 -1.830235 3.437402 -0.430531 -7.040284 4.885616 -0.324043 -6.980889 -0.174649
-3.159161 1.956540 -4.794346 4.762457 -19.481609 1.922054 -1.435207 -2.495270 0.126099 2.644965
1.830782 4.029090 -1.301520 1.141490 7.974131 -4.184195 2.792731 -0.502768 -4.098228 -10.178826
-1.551161 3.451370 -5.975760 3.309135 -15.913239 -0.395898 -0.041395 -5.595068 0.515581 -0.915615
1.625444 2.041534 -0.554457 0.594125 0.338550 0.972844 5.727622 1.025992 4.539883 -5.760246
1.081606 1.836462 -0.418188 0.997552 2.192618 0.067142 4.379014 1.223679 2.186483 -7.483199
0.820595 10.772362 -2.489490 4.763239 -0.057025 -9.516156 3.502296 -1.934398 -6.431262 -2.474574
0.379147 1.478772 -1.811675 0.834061 2.956902 0.012627 3.619530 -0.252551 1.826599 -11.074950
-0.695246 6.395694 1.225231 2.426522 5.088626 -5.695114 3.802948 2.180931 -2.973666 -8.803720
0.947175 2.855533 -0.234925 2.224695 2.013747 -0.737472 4.854861 1.213622 2.135470 -7.999283
-2.658044 3.327586 -4.561728 6.004536 -9.891311 -2.770627 0.645720 -3.844798 0.507821 -4.205690
0.840212 0.179601 -3.801167 -0.631279 -3.275130 -0.307652 -0.167684 -3.024060 0.691992 -5.176816
-0.914150 2.109501 -1.900650 0.937763 -10.468657 1.575718 -0.605795 -1.085762 -0.815107 0.767289
-2.651338 1.880331 -4.955691 2.214882 -21.464382 3.969505 -3.044506 -3.155945 -1.864868 5.308341
-1.793741 3.894326 -5.287991 4.969678 -12.857644 -3.073621 0.433641 -4.039944 1.047063 -3.370625
-2.327404 2.906618 -4.255750 4.098654 -18.710970 1.873409 -1.357254 -2.227846 -0.816677 3.507482
-3.124291 1.470421 -3.661863 3.216823 -19.663567 3.548657 -1.466891 -0.956941 -1.054535 4.650857
3.343959 0.622972 -2.939151 1.948376 8.739261 -2.769009 1.415635 -2.991841 -5.434753 -12.267313
-2.196010 3.779423 -1.211182 3.072630 -10.211710 -1.355078 0.024947 -0.608169 -2.079502 0.135614
