-1.189074 0.791877 -0.158394 0.309103 0.238281 -0.212071 0.225113 0.803186 1.695225 -1.938689
-1.787706 1.181982 -0.245580 0.407902 0.351114 -0.311160 0.347235 1.192827 2.480589 -2.867994
-1.171720 1.054418 -0.217018 0.398345 0.205684 -0.453610 0.224614 1.132110 2.321322 -2.612054
-1.231593 0.742510 -0.146494 0.282892 0.261495 -0.146406 0.232776 0.733098 1.563358 -1.808409
-1.936910 1.357505 -0.264666 0.440192 0.353093 -0.396691 0.361404 1.389546 2.843207 -3.295031
-2.230174 1.250510 -0.305195 0.422829 0.487824 -0.214812 0.481512 1.203683 2.609091 -3.019536
-1.865363 1.160647 -0.250632 0.397956 0.379085 -0.270753 0.376760 1.140786 2.422359 -2.794378
0.422951 0.567322 0.008752 0.231683 -0.191266 -0.577843 -0.207744 0.816471 1.455310 -1.581838
-1.395482 1.184386 -0.233152 0.404591 0.239509 -0.460811 0.266599 1.248395 2.543666 -2.885587
-2.091833 1.413372 -0.304887 0.496274 0.408007 -0.420072 0.413777 1.445233 3.003206 -3.448670
-2.373111 1.269530 -0.299923 0.421394 0.510533 -0.165881 0.500218 1.190825 2.597002 -3.044161
-1.534783 1.153898 -0.246621 0.363772 0.298049 -0.388441 0.323370 1.190163 2.460857 -2.788204
-1.231235 0.874003 -0.178888 0.349563 0.237756 -0.289421 0.232558 0.909500 1.906759 -2.159774
-0.912306 0.764696 -0.132245 0.314685 0.158790 -0.290658 0.149950 0.808879 1.659639 -1.889375
-1.650856 1.118412 -0.236248 0.409260 0.321265 -0.328978 0.321319 1.137934 2.383886 -2.731089
-1.118002 1.181764 -0.219304 0.453614 0.170371 -0.584683 0.183284 1.312575 2.620449 -2.932560
-1.675160 1.135422 -0.251564 0.412472 0.337426 -0.338223 0.338605 1.150710 2.439251 -2.778841
0.117714 0.470365 -0.001130 0.230002 -0.094145 -0.418539 -0.109584 0.637031 1.185514 -1.282280
-2.182149 1.202471 -0.297670 0.389434 0.474505 -0.190111 0.484263 1.135598 2.478849 -2.879286
-1.927827 1.256536 -0.269190 0.394029 0.380652 -0.303177 0.395843 1.246072 2.597627 -3.021209
-1.623029 1.354908 -0.246112 0.433343 0.267322 -0.498904 0.288739 1.425163 2.870565 -3.280534
-1.382144 1.194828 -0.229626 0.414620 0.232078 -0.488347 0.250284 1.290440 2.585044 -2.950376
-2.535367 1.327244 -0.322115 0.420130 0.554192 -0.166504 0.550307 1.251020 2.725436 -3.187590
-1.955594 1.279852 -0.273156 0.425342 0.388123 -0.335176 0.393276 1.280794 2.675403 -3.084684
-1.882870 1.062229 -0.255046 0.360015 0.416666 -0.182944 0.410465 1.016114 2.211694 -2.545889
-1.939506 1.143526 -0.254710 0.371946 0.407336 -0.216251 0.404898 1.112962 2.382797 -2.757409
-0.498974 0.692418 -0.094838 0.300839 0.058848 -0.378817 0.038678 0.808303 1.606433 -1.797804
-2.150607 1.239565 -0.295975 0.398593 0.455050 -0.230162 0.463759 1.199126 2.572493 -2.992949
-0.256480 0.603009 -0.058052 0.259852 0.003408 -0.390895 -0.012886 0.726953 1.408416 -1.553016
-1.507890 1.016835 -0.211246 0.355953 0.297877 -0.270406 0.302466 1.020721 2.133051 -2.455975
-1.557574 1.041278 -0.212116 0.340952 0.308130 -0.259163 0.310270 1.039713 2.163593 -2.501730
-1.650280 1.072685 -0.237800 0.421222 0.341661 -0.300257 0.327129 1.089891 2.326444 -2.651311
-0.646946 0.801588 -0.130993 0.334521 0.084478 -0.427457 0.087455 0.907988 1.795114 -2.005548
-1.550772 1.073119 -0.221886 0.416965 0.309066 -0.331656 0.283631 1.113817 2.335920 -2.669814
-1.562575 1.010846 -0.224939 0.392807 0.326661 -0.272380 0.312881 1.021939 2.181684 -2.485877
-1.523520 1.113734 -0.215386 0.388880 0.287785 -0.337227 0.277803 1.151836 2.383302 -2.728382
-1.502645 1.260165 -0.238263 0.403696 0.259790 -0.466666 0.277538 1.317989 2.663882 -3.040894
-2.070826 1.430358 -0.322016 0.502369 0.410769 -0.448457 0.428886 1.461168 3.053313 -3.476459
-1.394704 1.312574 -0.254435 0.443919 0.221301 -0.581638 0.260807 1.418132 2.833571 -3.198169
-2.484110 1.510904 -0.367475 0.515936 0.515584 -0.366979 0.536123 1.503104 3.194845 -3.682130
-2.286211 1.453989 -0.334006 0.475935 0.469610 -0.355109 0.484981 1.427158 3.019633 -3.480608
-1.557124 1.144854 -0.221786 0.403320 0.281037 -0.365236 0.292864 1.174965 2.418020 -2.773637
-0.529533 1.080818 -0.134944 0.380819 0.001356 -0.670549 0.012201 1.275563 2.442059 -2.708960
-2.009775 1.167338 -0.263222 0.405574 0.422510 -0.234696 0.410238 1.153187 2.457555 -2.851135
-0.758847 1.025357 -0.159654 0.356730 0.074473 -0.560294 0.102153 1.179127 2.286807 -2.562038
-1.104148 1.001350 -0.171931 0.386926 0.185225 -0.411813 0.163712 1.094637 2.199680 -2.512936
-2.408250 1.276163 -0.308823 0.415799 0.525222 -0.163809 0.519951 1.197828 2.616910 -3.058951
0.055017 0.487545 0.005477 0.244784 -0.086201 -0.400121 -0.118039 0.652438 1.207680 -1.333432
-1.046147 1.192136 -0.190857 0.426395 0.131282 -0.589273 0.149830 1.329415 2.632952 -2.948068
-1.167391 0.783483 -0.156945 0.314050 0.233501 -0.224154 0.219995 0.805508 1.696553 -1.947202
-1.355020 1.131638 -0.233561 0.419677 0.257279 -0.445121 0.257553 1.200002 2.473777 -2.780202
0.199920 0.476496 0.023621 0.230119 -0.124023 -0.426752 -0.164682 0.654527 1.184571 -1.311855
-1.240352 1.040027 -0.189157 0.380878 0.213993 -0.399916 0.214607 1.104868 2.244105 -2.547707
-1.248985 0.854436 -0.164045 0.322924 0.237710 -0.235646 0.231739 0.859292 1.796685 -2.076469
0.419500 0.617470 -0.003240 0.276948 -0.190840 -0.655968 -0.204789 0.892327 1.598103 -1.721680
-1.723572 1.160331 -0.247499 0.409078 0.344081 -0.317732 0.344963 1.168759 2.444837 -2.814052
-1.756286 1.065668 -0.233058 0.367484 0.362678 -0.228573 0.356060 1.047596 2.226047 -2.578387
-1.378387 1.091350 -0.214513 0.365035 0.248700 -0.393126 0.268063 1.144983 2.332834 -2.658387
-2.267007 1.368265 -0.322032 0.434698 0.470990 -0.290017 0.497688 1.320684 2.822813 -3.263338
-1.644576 1.302705 -0.255784 0.453059 0.292166 -0.476820 0.299907 1.382898 2.820581 -3.207163
-0.796122 1.061933 -0.186954 0.380981 0.088969 -0.584078 0.127126 1.206377 2.358248 -2.631450
-1.109599 1.042745 -0.184898 0.344232 0.175470 -0.431707 0.198721 1.115097 2.235090 -2.535671
-1.239497 0.941833 -0.180678 0.355866 0.233809 -0.301023 0.226130 0.978582 2.021826 -2.311992
-2.381057 1.512134 -0.334870 0.455591 0.467465 -0.358526 0.504435 1.488096 3.110660 -3.613153
-1.648332 1.268943 -0.263365 0.445857 0.306504 -0.450092 0.322661 1.321233 2.726612 -3.097984
-0.010066 0.527528 -0.034721 0.232858 -0.064363 -0.416581 -0.066399 0.672406 1.267150 -1.378734
-1.542005 1.093221 -0.210494 0.403739 0.289757 -0.319338 0.280550 1.115975 2.293818 -2.654685
-1.002827 1.005773 -0.176804 0.363812 0.155644 -0.465084 0.164171 1.109047 2.201164 -2.482768
0.102127 0.600112 -0.032445 0.264179 -0.100913 -0.510504 -0.111070 0.788281 1.469982 -1.591410
0.122285 0.496557 -0.006497 0.229790 -0.098870 -0.439637 -0.117185 0.664696 1.236887 -1.345469
-1.547675 1.171446 -0.231169 0.397523 0.288766 -0.368351 0.297366 1.193904 2.460138 -2.813280
-2.041019 1.173914 -0.270197 0.394213 0.439457 -0.198860 0.429182 1.121876 2.428032 -2.814611
