5.224813 -5.497820 33.948429 -21.683092 12.391088 12.941085 51.986652 34.454857 28.433443 6.822910
5.033819 -4.531356 29.693569 -19.354864 11.332712 12.319142 44.757465 31.656954 25.705605 6.593829
44.790527 -47.448532 39.703857 -82.811584 -7.025493 -7.669757 87.956879 90.676796 80.296181 -17.089012
9.103221 -9.308075 32.138550 -26.636814 9.658800 12.172750 51.932537 38.549866 31.954826 5.118962
5.832299 -4.821010 30.633717 -20.111244 11.719979 12.523771 47.073654 32.175625 26.015415 6.683789
-8.663191 8.722445 27.277834 3.480065 17.781780 17.586046 32.839878 10.793271 6.818017 13.482493
-10.504275 10.269485 23.537748 6.002032 16.764853 18.233456 25.200853 6.799078 2.779659 14.076221
4.068918 -3.456064 30.698050 -18.041935 12.236040 13.879234 45.724449 30.207327 24.294022 7.833567
-9.251366 8.401080 23.185263 2.624839 14.856622 16.565144 26.953360 9.147269 5.169097 12.989724
24.490721 -27.817535 36.395802 -51.488503 1.794747 1.875835 68.081299 61.644741 52.352154 -4.147055
-1.510652 0.716842 28.554346 -10.001745 12.786360 14.831639 40.102192 22.342932 16.860241 9.700657
-6.025795 5.970335 29.485485 -2.875953 16.331217 17.907970 38.417515 16.781303 11.840528 12.635724
10.870757 -11.052037 33.189247 -29.123383 9.629879 10.194491 55.347507 41.650116 34.650608 3.027068
-9.674714 8.809010 17.986485 5.707971 13.476860 15.227717 19.013830 5.164633 1.314177 11.835195
-10.308993 10.086060 22.698971 6.343738 15.992978 17.277931 25.173670 7.032257 3.014428 13.635068
-5.963121 5.906451 26.844172 -2.581168 14.758280 16.962221 34.269428 15.550585 10.240657 12.136798
8.149699 -9.281736 35.416267 -26.813931 11.021232 12.375263 56.506977 39.162708 32.369549 5.955768
-11.060042 10.771744 24.261360 7.282391 18.087458 18.235500 26.087360 6.402189 2.560887 14.713204
44.879452 -47.568905 39.855385 -82.980469 -7.002450 -7.666625 88.108627 90.804955 80.418152 -17.144350
3.027122 -3.218470 32.224724 -17.187824 12.724646 14.167166 48.221325 30.156889 23.881388 8.111337
14.962838 -14.643847 34.415070 -35.458427 8.324018 8.529210 59.612583 47.652172 40.162891 1.360627
-4.578984 5.089601 30.884102 -5.251569 16.258198 17.687714 41.036160 19.338028 14.348093 12.114501
-3.627749 3.398188 29.994213 -7.026884 14.948929 16.502647 40.613918 20.356482 14.996784 11.125848
-10.433871 9.484655 19.961973 6.184502 14.827407 16.280499 20.609394 5.267962 1.199336 13.069292
-9.204951 8.792374 26.596502 3.181347 17.399378 18.411077 31.143944 10.342376 6.127463 14.500058
-3.449112 3.899154 29.022861 -6.268596 14.774229 16.611696 38.365578 19.131716 13.915377 11.509126
-9.883135 9.733492 23.349703 5.649873 16.461588 17.402529 25.575621 7.281042 2.820426 13.568506
-4.037204 5.101294 30.676823 -5.054603 16.735733 17.010487 40.425327 19.027256 14.481302 11.611467
16.559092 -18.300632 37.459484 -40.327629 7.785594 7.642908 65.483932 52.469635 44.655521 0.381335
-10.863338 10.493342 23.399630 7.204149 17.302767 18.118057 25.269812 6.310255 2.108318 14.586114
-10.087392 9.649414 21.933136 6.262367 15.862499 17.012592 23.805254 6.708313 2.263454 13.464168
33.879608 -35.553005 39.374947 -66.024612 -0.533832 -1.081810 79.779297 75.798363 66.260918 -9.425897
-10.698104 10.309282 21.313255 7.051209 16.158484 17.239059 22.086275 5.327515 1.209404 13.710124
7.679995 -7.271836 32.000282 -23.648685 10.974737 12.232083 50.538815 35.722992 29.310383 5.776565
40.766029 -43.639008 38.754669 -76.620201 -5.455880 -6.038341 83.595078 84.796341 74.778572 -15.319894
-6.879253 6.817152 26.739914 -1.312257 15.365214 17.147373 33.870190 14.211949 9.049865 12.576023
37.824123 -39.911533 37.433800 -71.731819 -3.734402 -4.092467 80.195511 79.995979 70.412018 -13.422790
23.789587 -25.743248 38.323280 -50.868919 4.037115 3.719920 71.542236 62.464821 53.391773 -3.753849
-10.855033 10.573441 23.580801 6.894342 16.916040 18.029903 25.693785 6.624967 2.306455 14.063298
7.486593 -8.597239 30.731350 -24.105988 9.213315 11.870013 48.640305 35.415833 28.305443 5.803442
-5.285109 5.836752 29.234997 -3.770578 16.246130 17.782661 37.690685 16.948282 12.185797 12.652018
9.183979 -9.839361 33.938828 -27.433189 10.493555 11.244390 54.850056 39.895054 33.030735 4.390289
11.839058 -13.598495 33.908306 -31.708885 8.561336 9.916176 56.834457 43.599388 35.760281 3.383914
-10.558423 10.112835 21.362373 7.055773 15.783588 17.326620 22.164558 5.748532 1.616680 13.661011
26.740038 -28.576880 39.071266 -55.462692 3.027465 2.560582 74.478325 66.552536 57.216045 -5.028500
-8.175179 7.798245 24.303362 1.718143 15.120835 16.376547 29.807501 11.363919 6.885290 12.238063
5.851242 -6.268956 30.761847 -21.170893 10.654444 12.631927 48.505856 33.291752 26.747940 6.336014
-8.750970 9.033527 27.275639 3.711950 17.943304 18.120087 32.681835 10.994636 6.806024 13.662850
8.394979 -10.625222 31.234663 -26.260780 8.606358 10.592808 50.729118 37.384819 30.017435 4.853423
7.907695 -8.468931 34.341759 -26.012293 10.945848 12.684985 53.969425 38.221939 31.550671 6.085793
11.353847 -10.538057 33.360668 -29.591373 9.863810 10.326392 55.198734 42.106598 35.262447 3.293272
-9.632508 9.350777 25.865431 4.162588 17.252699 18.191593 30.481493 9.712167 5.222271 13.995472
10.470880 -9.713104 35.239433 -29.018986 10.950660 10.943806 57.236343 41.843964 35.389816 3.892546
28.925749 -29.856079 37.717373 -59.007492 1.604891 0.935917 74.448624 69.039238 60.468494 -8.034877
-10.933335 10.622541 24.327528 6.669147 17.545877 18.120598 26.796160 6.655559 2.664511 14.469924
-10.994690 10.088409 21.101913 7.532376 16.400507 17.105747 21.948832 5.118038 1.087898 13.895575
7.534225 -6.826782 31.281328 -23.114662 10.754843 11.908706 48.848938 35.103626 28.708107 5.805873
40.131413 -43.028942 39.716503 -75.788559 -4.529966 -5.246399 84.111916 84.299576 74.069237 -13.810388
1.165085 -1.135396 31.350101 -13.963965 13.502013 14.925714 45.542187 26.959192 21.065041 9.129241
-10.365169 10.227477 21.340763 6.619895 15.994533 17.071590 21.881708 5.554513 1.653499 13.422614
-10.464972 9.256829 19.496868 5.877291 14.400133 15.386809 20.189840 4.760137 1.320031 12.532861
-6.344047 6.185704 28.816841 -1.861879 16.251884 17.351046 37.397366 15.989744 11.320021 12.229414
-2.630867 2.441239 28.744886 -8.249393 13.907851 15.601991 39.027607 20.688040 15.324738 10.406050
-3.459942 3.526277 30.368036 -7.410381 15.124319 17.502979 40.643223 20.482990 15.365910 12.006789
4.689091 -4.152328 32.516663 -19.609491 12.554193 13.803247 49.007298 32.166550 26.093132 7.751532
-2.198980 3.304500 30.466400 -7.743874 15.322561 16.544434 41.633167 21.288815 15.998781 10.925572
-10.633735 10.002464 20.625957 6.832994 15.282315 16.562769 21.869221 5.563429 0.927311 13.223766
-10.774005 10.327953 21.434986 7.440371 16.414389 17.160934 22.375101 5.380277 1.105595 13.678973
-0.332428 0.672098 32.626751 -12.272107 14.790075 16.210926 45.886574 25.442039 20.056374 10.306530
-4.095021 3.996478 30.981350 -6.074547 16.064398 17.446716 41.274609 19.572477 14.701328 12.122691
-0.055975 0.257359 32.283363 -12.569636 14.536300 15.216638 45.429623 25.586298 20.423531 9.475742
