17.124903 3.765033 -1.762860 -2.553268 3.183014 7.100277 6.227174 -2.219447 15.767896 -10.507334
8.959358 0.228415 -3.679038 -11.261841 -1.332950 17.451832 20.466276 0.225664 13.371381 -1.539317
4.598336 -6.246483 5.298086 -21.719454 7.306324 23.346432 25.076834 -11.908986 3.017214 5.600926
14.128795 2.946593 -4.922888 -4.280447 3.330127 6.406290 6.509365 -3.447367 15.452643 -10.142027
2.609953 -4.968359 -0.782422 -18.295824 3.758269 22.029522 24.852758 -8.618658 4.211603 1.087586
-1.399129 -8.726651 7.661399 -24.648598 8.121911 24.651991 25.925035 -14.806089 -1.539080 7.648875
3.483863 -1.053874 -2.410016 -13.444967 -0.079142 18.780458 21.785997 -5.795866 7.044716 -2.421051
16.664568 2.242708 -0.789751 -3.452339 3.956150 8.537532 8.092616 -2.539616 14.071399 -8.450526
1.274974 -7.001650 7.177850 -20.286129 8.058040 20.841652 19.563387 -17.867743 0.307472 1.411148
7.588089 0.261099 -3.724956 -10.167418 -0.542432 16.288443 19.379980 -1.420521 10.520466 -3.242399
16.238802 3.732010 -1.730916 -2.897693 2.967099 7.816978 7.155515 -2.447031 15.385028 -10.521612
17.576492 2.787852 -0.451731 -3.198814 4.592792 7.503186 6.100402 -4.770332 15.242567 -10.487816
14.778641 0.738939 -4.755129 -9.164340 1.448403 14.689154 18.203878 2.426533 14.299898 -3.103156
0.955516 -7.115528 6.044590 -21.126612 7.083006 24.599960 26.258257 -14.464542 -0.915316 3.860114
11.704762 1.766783 -6.942474 -6.015269 -1.312085 13.408949 16.720703 5.082119 13.946154 -4.838985
13.957413 2.260195 -6.067922 -5.154527 -0.886351 12.291940 16.239557 5.255145 14.916767 -5.528111
7.213404 -8.001207 8.105905 -20.227552 10.711820 20.578785 20.524235 -15.437262 0.489615 4.454052
0.590711 -7.445294 6.580924 -21.460232 7.160195 21.895369 22.288420 -11.889997 0.468875 6.659323
-1.042026 -4.411404 -0.467920 -18.293428 1.130500 22.373751 25.656981 -6.820541 4.842568 3.727697
21.202442 2.181356 0.221004 -2.728257 7.639143 5.631094 3.945995 -3.094191 16.493031 -9.810221
14.379134 0.709864 -7.015182 -10.940293 -0.323833 16.321444 22.062628 4.585171 18.035191 -1.638896
9.804878 1.860991 -5.723081 -8.849470 -1.661628 15.412778 19.580246 1.063564 13.367767 -4.754620
6.351843 -4.913500 1.286016 -17.556183 5.150582 18.543285 21.629541 -4.568425 7.122784 4.546999
17.274607 3.254738 -1.147169 -2.366176 3.505510 6.339943 4.964174 -2.922772 15.438197 -10.585218
19.577642 3.062283 -0.753280 -2.821932 4.705782 7.263354 6.290089 -2.962903 16.406815 -10.285759
0.079274 -7.667978 4.893676 -19.630941 6.905256 22.930626 24.805431 -10.055624 -1.114273 6.590356
10.536901 -0.292384 -6.562273 -11.248558 -1.081271 17.244837 22.078669 3.363241 14.859418 -0.212720
4.863573 11.234017 -18.161783 -4.940656 -13.295770 6.641096 9.211330 0.125946 19.655914 -13.783389
6.751976 0.374738 -7.110472 -11.735986 -2.619133 18.247198 24.085800 1.898464 11.935855 -1.592113
-3.616878 -8.609528 8.159605 -25.787792 7.002161 27.388149 28.276560 -16.621752 -2.356653 8.121119
18.946014 3.198172 -2.801858 -5.149269 3.002519 10.004594 10.207796 -1.450694 18.071575 -9.521202
9.214053 -0.711462 -7.130448 -12.673015 -1.242620 18.276566 23.897146 3.026071 13.591086 -0.182947
-2.164443 -8.944621 4.815925 -24.838091 7.592395 25.857632 28.837130 -13.229295 -1.372262 7.657925
-1.494572 -8.574401 8.104574 -23.991646 7.803025 23.594376 23.813074 -14.985361 -0.785020 8.186377
1.057537 -5.312024 7.499513 -15.612958 6.636026 19.048941 17.514818 -15.781235 0.384247 -0.179784
10.077072 0.396346 -3.749811 -9.964561 -0.477327 15.986554 19.434612 -0.079774 11.786242 -2.452886
19.774717 1.133461 4.698243 -9.560750 6.853892 8.747621 5.066441 -18.003937 11.409764 -8.839643
19.715765 0.779566 0.221741 -3.175947 9.522939 4.731657 3.808517 -0.738621 14.721352 -6.909310
18.023390 2.898605 -1.206478 -3.267479 4.902975 7.679083 6.767334 -2.642245 16.244064 -10.214101
-1.815243 -7.396598 3.997938 -23.946648 5.148429 26.685572 29.569399 -11.948489 0.448678 6.858277
10.413852 -0.949961 -1.705287 -10.633246 2.233752 14.940031 17.593267 -1.279985 11.148913 -1.460530
12.635051 2.933248 -1.631863 -2.570143 3.460942 7.017594 6.148874 -2.144756 12.890946 -9.273798
12.218049 1.381906 -9.590334 -8.928767 -2.691398 15.764300 21.770063 8.065468 17.601059 -1.355708
8.530684 1.967382 -8.700678 -8.426023 -4.661265 16.310888 21.581993 7.103090 14.597178 -1.993660
7.560925 0.470633 -6.346913 -9.987741 -2.844673 17.911297 22.452963 3.547616 12.754618 -1.925611
7.282315 -4.213754 -2.518093 -15.934304 3.959724 19.566143 24.288054 -2.435873 7.140530 2.701458
-0.268676 -9.023323 7.819554 -22.744646 8.631059 23.362808 24.755648 -13.292156 -0.542550 8.650137
13.909178 2.739581 -1.119299 -1.961831 3.190387 6.378866 5.437270 -2.808113 12.952746 -9.597090
10.145380 -10.587996 5.615480 -20.277803 18.803400 15.132955 16.103399 -9.501183 2.076320 6.045808
12.371169 1.073676 -8.176079 -8.462745 -2.326895 15.378507 20.963846 7.917776 16.826534 -1.324849
-2.529558 -7.922760 5.280144 -24.427885 5.852844 26.459175 29.487986 -11.617161 -0.015615 9.088255
19.044363 3.188630 -1.460284 -2.679054 4.251390 7.345954 6.646302 -1.573287 16.450285 -9.902028
6.475168 -3.671598 -0.387277 -19.162506 2.961942 22.217144 26.164938 -6.051156 9.261409 2.617525
11.655579 2.023657 -0.805303 -4.090202 3.225846 8.547839 8.289588 -3.887530 12.310157 -8.266138
14.515267 2.635371 -0.699991 -3.054160 3.092130 8.542337 8.126311 -2.787261 13.366736 -9.016841
12.942506 2.392424 -8.644315 -7.025238 -3.086361 14.928939 19.993395 7.329345 17.015213 -3.705072
18.109026 2.876078 0.064104 -3.503198 4.935984 8.329556 7.185616 -4.649809 15.533970 -10.523136
14.868690 2.956802 -1.247380 -2.722921 2.854865 8.243711 8.506635 -2.223716 13.593809 -9.185358
15.725928 3.347898 -1.580228 -2.459588 2.626111 7.816103 7.448587 -1.256141 15.110911 -9.441333
9.665122 -3.365504 3.003476 -15.434889 5.089735 18.041260 20.465834 -6.236582 5.946604 2.401241
7.202137 -3.832867 5.805892 -13.730620 6.737581 13.955601 12.621211 -11.871827 4.337271 0.216870
-0.590523 -7.291641 3.522703 -18.668344 6.819051 21.181131 23.714903 -7.913558 0.022618 6.583503
-1.532335 -10.397329 9.760057 -24.937260 10.385752 26.641344 27.397722 -18.964270 -5.166376 7.672237
3.351463 -5.140258 2.812187 -17.230808 5.945002 19.931187 21.404760 -9.474413 3.109980 3.232175
1.992376 -3.033900 -1.836540 -16.385092 -0.186476 21.555313 26.104300 -2.991759 5.864163 3.723090
-3.998458 -8.529590 6.041440 -23.492250 6.199348 27.335464 29.570089 -13.155599 -3.044745 7.878091
17.251934 3.674516 -1.478737 -1.902507 3.408831 6.646810 5.665849 -1.317082 15.221208 -9.972460
0.983194 -4.219611 2.450050 -15.171321 3.301313 19.882977 21.090593 -10.358298 1.733090 -0.012965
