1.080691 4.777538 -2.457303 -2.950987 1.731797 3.394163 2.346726 -5.504432 1.546983 0.023528
1.091446 4.698308 -2.333924 -3.004073 1.742931 3.306997 2.324407 -5.361909 1.573588 0.042628
2.835117 9.188166 -5.194034 -6.101166 3.708374 6.581629 5.075899 -11.476093 3.092566 0.305224
2.866383 9.306444 -5.184981 -6.105145 3.725703 6.679147 5.168164 -11.728880 3.157723 0.288245
2.933124 9.525458 -5.342650 -6.141642 3.777605 6.802913 5.211970 -11.953222 3.179252 0.381417
1.157299 4.651084 -2.192448 -3.048393 1.737725 3.404902 2.342124 -5.474916 1.558482 -0.059203
2.823811 8.898379 -4.860916 -5.871531 3.503517 6.464696 4.892206 -11.329709 3.109851 0.206757
2.698937 8.511485 -4.768492 -5.767101 3.371392 6.065630 4.661750 -10.637173 2.877641 0.172586
1.027004 4.809000 -2.393500 -2.888992 1.741719 3.338605 2.411511 -5.496021 1.596449 0.015540
2.423162 8.271740 -4.549269 -5.396332 3.360525 5.991644 4.556205 -10.074977 2.719522 0.272873
1.090626 4.424989 -2.028700 -2.772419 1.585115 3.285514 2.161857 -5.133995 1.472564 -0.154243
2.797195 9.135802 -4.990243 -5.976821 3.667355 6.548446 5.013829 -11.502792 3.183152 0.310052
2.743695 8.990222 -4.822936 -5.870083 3.443100 6.442154 4.853929 -11.226120 3.005892 0.212639
2.485151 8.573811 -4.654293 -5.392929 3.009392 6.031005 4.560666 -10.387677 2.787682 0.087937
1.096010 4.396204 -2.167384 -2.713268 1.590942 3.153797 2.251780 -5.135608 1.629351 -0.048492
1.648178 5.715200 -3.113669 -3.756084 2.144493 4.205461 3.035888 -6.857319 1.919914 0.041123
2.882205 9.138037 -5.099225 -5.928790 3.544548 6.567743 5.066433 -11.605862 3.099000 0.243027
2.783525 9.208613 -5.034338 -5.834299 3.613604 6.574510 4.992393 -11.522315 3.275688 0.382926
1.158105 4.752629 -2.279389 -3.078203 1.691005 3.592320 2.360781 -5.528746 1.439892 -0.092031
2.484763 8.330095 -4.639516 -5.587146 3.351133 5.933125 4.586262 -10.178507 2.725039 0.183283
1.007648 4.490321 -2.215847 -2.743544 1.628436 3.183333 2.246560 -5.128720 1.512873 -0.023123
2.906645 9.334528 -5.218906 -6.106648 3.774283 6.704595 5.123505 -11.734875 3.232036 0.371326
2.941452 9.069593 -5.099562 -6.125705 3.669660 6.564736 5.049753 -11.587649 3.121099 0.229080
0.778820 4.111215 -2.003971 -2.461641 1.531732 2.839327 2.018621 -4.629584 1.534256 0.024549
0.879815 3.968449 -1.920191 -2.535490 1.490531 2.926511 1.981334 -4.686151 1.356058 -0.003455
1.808669 6.563257 -3.544017 -4.323774 2.530503 4.667307 3.378023 -7.772534 2.058649 -0.000606
2.718492 8.855472 -4.883352 -5.619705 3.197370 6.235054 4.826407 -11.104373 2.821643 0.126750
1.075694 4.463730 -2.252148 -2.932633 1.637340 3.335167 2.309707 -5.299336 1.521756 -0.050305
1.807550 6.396020 -3.449839 -4.142399 2.405288 4.561511 3.388321 -7.541161 2.045162 0.152378
0.863539 4.306194 -2.151788 -2.715077 1.639965 3.123438 2.129528 -4.980257 1.462936 0.064793
2.426245 8.314951 -4.643087 -5.324212 3.248422 5.924927 4.453138 -10.037720 2.815197 0.291595
1.112879 4.468263 -2.319109 -2.981161 1.748457 3.433250 2.175607 -5.370256 1.516133 0.056810
2.938325 9.280655 -5.284496 -6.109167 3.731681 6.665905 5.175148 -11.774422 3.155298 0.300946
0.997066 4.541444 -2.432538 -2.995259 1.839177 3.465658 2.252753 -5.590829 1.797760 0.069929
2.838326 9.080395 -5.040882 -5.920477 3.633446 6.563993 4.983369 -11.443544 3.218251 0.349952
2.145699 6.497088 -3.454280 -4.497537 2.523575 4.828859 3.509347 -8.024088 2.036391 -0.024676
1.087100 4.332494 -2.181410 -3.002869 1.698821 3.376740 2.240204 -5.202870 1.460674 -0.049672
1.267337 4.975397 -2.578478 -3.191237 1.812563 3.852386 2.447184 -5.903497 1.600656 -0.020613
0.844035 4.074000 -1.888212 -2.541569 1.465942 2.972889 2.000065 -4.691733 1.371872 -0.029153
2.705333 8.985305 -4.971508 -5.648308 3.407074 6.432691 4.955887 -11.236517 3.085185 0.349998
1.567066 5.468564 -2.747987 -3.596515 1.889186 3.916476 2.785483 -6.510576 1.643664 -0.165472
1.092706 4.507073 -2.099916 -2.739041 1.613175 3.301598 2.125421 -5.465897 1.575562 -0.082346
0.979117 4.180742 -2.126270 -2.822576 1.603304 3.106855 2.190931 -4.928039 1.464065 0.004327
2.569725 8.451116 -4.757136 -5.429904 3.109899 5.995010 4.523928 -10.200501 2.741035 0.175854
0.857268 4.408198 -2.277650 -2.945345 1.760731 3.349395 2.216265 -5.327655 1.641839 0.129351
2.872497 9.532130 -5.290633 -6.063472 3.821915 6.809985 5.189137 -11.914574 3.332602 0.434327
2.705778 8.979231 -4.987664 -6.196133 3.735603 6.514163 4.969814 -11.282389 2.960227 0.252519
2.823240 9.191142 -5.355216 -6.026223 3.825401 6.595601 5.099802 -11.518139 3.227690 0.446295
2.609441 8.634607 -4.875090 -5.735934 3.347667 6.305187 4.750161 -10.702637 2.780720 0.156424
1.229658 5.258435 -2.644736 -3.332141 1.905660 3.650833 2.646470 -6.159373 1.702933 -0.052938
1.175771 4.395662 -2.285587 -2.964584 1.652257 3.376363 2.406943 -5.455532 1.638719 0.045574
2.684117 8.868601 -4.955258 -5.749137 3.488578 6.287040 4.884677 -11.032272 2.999191 0.323014
2.830751 9.300805 -5.096223 -5.901171 3.595814 6.630398 5.048785 -11.656063 3.202789 0.351344
2.356663 8.163260 -4.426629 -5.219775 2.979877 5.794372 4.236212 -9.824648 2.607715 0.082691
0.949912 4.078997 -2.027419 -2.742746 1.556819 3.057402 2.019634 -4.797793 1.481882 -0.048486
0.999184 4.579115 -2.315305 -2.928749 1.774464 3.398049 2.295646 -5.418015 1.601514 0.038363
1.057004 4.675544 -2.353523 -2.931986 1.725086 3.343272 2.385695 -5.460871 1.614632 0.085001
1.044757 4.693796 -2.308432 -2.824736 1.716703 3.237429 2.292896 -5.332757 1.699190 -0.017873
2.767103 9.243263 -5.046884 -5.837479 3.746564 6.659772 4.982743 -11.594391 3.379529 0.413687
0.878840 4.075930 -1.964585 -2.583336 1.520131 2.940835 2.081581 -4.763986 1.436832 -0.048655
2.533005 8.120805 -4.345093 -5.475018 2.932909 5.901716 4.395767 -10.150378 2.542969 0.068186
2.636346 8.460654 -4.668126 -5.873169 3.397651 6.184724 4.593230 -10.640413 2.813822 0.115358
2.940377 9.649636 -5.466122 -6.251714 4.016429 6.931619 5.259735 -12.071379 3.366846 0.455129
2.910696 9.360221 -5.243804 -6.093757 3.756834 6.711967 5.142543 -11.832362 3.281498 0.336841
2.924887 9.376792 -5.292279 -6.001605 3.679215 6.704463 5.195190 -11.906129 3.223693 0.321615
1.323886 4.859405 -2.555900 -3.068004 1.696807 3.583930 2.561707 -5.952087 1.547669 -0.050021
0.891728 4.745288 -2.678375 -3.117714 2.022841 3.446840 2.497196 -5.492982 1.849916 0.079074
1.004472 3.995049 -1.912065 -2.540118 1.451472 2.914364 2.000325 -4.858924 1.357219 -0.166790
