20.606747 0.216949 -11.080187 9.862107 15.090155 18.178324 1.295937 -6.877995 17.335339 -28.542768
18.111015 -0.723472 -6.893430 9.797559 0.442413 -3.995193 3.012994 -21.752045 18.122854 -9.820996
32.030766 -13.780091 -5.882190 -2.482647 -14.730512 -22.201557 25.570211 -11.041777 -8.296425 -4.586277
25.922136 -7.870248 25.636126 -21.617012 7.201376 0.020725 -32.016430 -2.955375 -7.808071 -33.547764
33.233757 -16.012407 -0.510292 -4.429661 -11.377011 -29.239414 6.027923 -18.872503 -16.349167 -14.584774
25.919983 -14.147390 4.628392 -5.249826 -24.730602 -42.501183 6.988503 -22.160732 -10.987724 3.699291
18.052341 -4.000268 -0.365629 -7.173934 -3.985386 -18.951097 -29.678276 -15.650705 3.715074 -10.426589
30.450081 -6.714326 0.819384 -2.397325 1.440920 4.516104 13.112630 -3.103917 5.418282 -19.674181
22.819675 -8.595366 20.526873 -3.540778 -19.154814 -24.326248 19.291609 -11.131798 -3.316263 0.328208
30.972054 -10.287786 9.207549 -14.899570 -1.359737 -16.096941 -26.042988 -20.625832 6.168462 -19.806095
20.065395 2.020688 -12.377298 0.297836 20.471916 14.818514 -16.805014 -8.745364 37.713718 -31.705729
28.237062 -4.015941 6.294514 -2.785567 8.219401 15.654037 5.048962 1.634457 16.708632 -27.982767
33.995010 -7.518634 -6.767305 -1.587788 4.848053 0.188970 7.077433 -9.293839 20.822680 -20.703352
19.724026 -6.853713 -9.755670 3.441408 -12.516958 -27.666111 -3.038977 -16.169966 -9.104591 -3.163426
30.069057 -7.070253 -13.240704 -0.670156 11.892860 -2.331752 -17.539347 -13.335549 17.611097 -25.680872
27.980295 -6.520003 -38.024696 8.136271 15.397109 3.897802 -9.172143 -10.430471 2.021624 -28.199583
29.365744 -10.764553 0.596697 -15.894774 -12.928244 -21.846315 -6.949936 -6.260027 -9.186050 -12.254688
24.036648 -9.488633 20.736017 -6.347712 -17.468830 -24.710323 9.897435 -17.379919 -3.135358 -1.204970
16.896135 -8.143765 11.245283 9.896491 -11.571779 -30.109798 3.297000 -28.116018 2.401434 1.174045
44.876396 -12.493016 7.366999 -17.863045 2.082821 19.316360 24.273970 14.921221 4.639002 -39.494007
34.283974 -10.594237 -11.554616 -1.863442 -3.357747 -7.612922 13.848146 -16.348194 -5.400169 -17.645535
24.014442 -5.307478 -11.046255 6.337662 -0.142708 -13.065571 -2.672191 -25.283180 10.755751 -15.121944
35.589027 -17.794828 0.964258 -7.497189 -14.882748 -28.794617 10.250108 -18.991106 -11.612714 -10.938648
21.673573 -3.566958 21.054338 -2.069681 5.629382 17.799366 2.384979 2.582197 0.821506 -29.305700
34.936844 -6.650723 2.180894 -10.551885 5.136499 11.450651 5.664783 1.038487 15.171628 -30.663588
12.057178 -3.941150 -13.354889 19.830229 -10.177489 -23.508175 13.759713 -21.730511 5.040933 8.523166
23.670670 -4.614275 3.562586 4.064806 -1.789977 -11.826086 0.201279 -19.672567 11.413539 -13.511180
3.757274 -2.491742 -18.320707 -48.956379 39.559441 10.701592 -105.153366 -12.084642 -13.132664 -43.338551
16.118408 -3.400386 -9.545422 -3.503306 -5.654856 -20.215569 -23.245144 -25.142086 2.169303 -8.195289
21.953392 -13.301517 10.962816 1.258861 -29.940903 -47.027920 18.083811 -27.122078 -11.916292 13.711846
37.269150 -9.537827 4.190289 -6.052587 3.737460 1.888094 7.768509 -10.850349 13.646045 -27.050062
30.004005 -12.136347 -10.043592 0.760985 -2.883349 -15.759049 0.488127 -25.195625 -6.719559 -16.188200
24.390282 -13.448308 -16.204329 1.946484 -19.862320 -45.431599 -4.402592 -22.741987 -13.791012 2.838929
12.489331 -5.334286 19.086664 9.614773 -21.371302 -29.015226 24.416780 -25.932512 -7.082425 10.038285
-2.483428 4.347172 22.437780 17.597233 -10.086020 -10.334278 9.098168 -18.402498 14.236260 11.567055
22.540791 -5.885733 -11.175600 15.123293 0.848028 -7.434902 20.589252 -19.617842 9.572919 -8.366745
38.003799 -15.733338 21.378979 -11.030622 -11.655043 0.930212 49.585426 10.613062 -2.288723 -19.157316
25.139854 -4.402672 29.649643 -15.211888 -1.796593 13.938618 0.398452 10.018223 -8.856728 -30.891935
24.890055 -5.163664 -3.317546 5.969391 11.557556 14.534890 13.392201 -0.903471 8.735180 -23.414057
16.714254 -9.142947 -12.074917 6.636788 -19.453520 -43.047718 -3.301484 -29.457394 -8.358787 8.272966
21.370192 -3.335782 1.987990 -0.874638 -0.804370 -5.381436 -3.331667 -11.664864 11.704379 -12.009704
5.870119 6.628358 10.275896 9.446511 4.886477 0.740633 -15.423485 -7.721386 26.447588 -11.144382
23.098965 -8.624265 -27.815237 10.358649 13.060602 -6.266949 -11.194652 -25.506725 4.549855 -19.994413
21.118359 -2.849490 -23.452257 -3.591831 9.650691 -5.349442 -26.967459 -20.374069 20.545525 -19.062857
20.690668 -5.052561 3.513852 -10.549496 -3.771419 -20.170074 -30.228678 -20.968843 8.320118 -9.075019
24.941345 -6.699828 -13.112335 1.217133 -9.330962 -16.985184 5.656882 -16.257097 -3.665905 -10.443549
21.808090 -8.997069 9.402268 -8.851930 -19.962547 -30.507900 -5.717100 -20.774284 -7.829825 -2.586413
10.905371 1.511688 -13.473167 24.539755 19.030838 20.079407 10.691789 -2.453127 -1.353562 -25.522192
30.945059 -11.339602 7.287390 -12.141355 -9.836097 -15.069075 6.932950 3.191591 -15.135309 -20.580652
24.728699 -5.227253 -17.823406 6.248910 9.537516 2.581803 -3.604076 -12.653852 7.151497 -21.147327
17.352049 -10.114795 0.964513 5.095367 -23.489132 -39.610443 13.315480 -28.406418 -11.329372 12.190774
22.704206 -0.903701 -8.725512 6.632869 14.139742 15.830854 2.334841 -4.943301 17.088757 -27.199434
23.476788 -8.178877 7.384289 -8.757613 -12.127584 -22.075375 -9.701055 -15.202998 -4.409867 -5.726792
9.802941 -0.391260 16.161476 12.905644 -0.117252 -1.187964 9.849080 -14.854959 -0.925534 -10.611653
13.454164 -0.365756 1.427102 14.716071 6.809590 5.296376 3.458718 -10.405346 16.915159 -9.055306
33.593685 -11.201241 -16.965147 0.921239 14.953785 4.353449 -4.129210 -8.333027 9.887645 -26.460814
22.182896 -1.855801 12.995353 2.807923 2.735182 6.986181 10.964044 -8.167085 9.102857 -21.797167
19.519089 1.656820 -3.188917 6.845649 7.829308 4.653989 -2.044885 -10.350651 29.278189 -20.841003
17.201593 -0.173700 13.748701 3.352011 6.498572 3.087752 -8.559357 -11.440678 19.098822 -18.951532
25.337685 -8.072076 -2.148535 0.530703 -6.713959 -8.178248 11.520329 -11.696616 3.067131 -5.471908
11.691992 -0.450646 11.977840 2.785432 -6.890882 -5.073170 4.309627 -1.618830 -4.589368 -1.767853
8.287975 0.591985 3.763291 2.402300 -6.498641 -14.084955 -11.048913 -11.332362 -3.325835 -5.094760
21.556702 -11.323335 -15.496517 2.901833 -28.603613 -47.325264 7.525263 -19.193758 -14.566890 11.913753
24.684620 -9.817872 -2.150550 6.750682 -7.761576 -16.423782 21.205357 -14.198425 -6.557248 -7.102830
18.863491 -7.472814 -15.707079 7.247458 -8.550734 -29.560730 -11.349509 -31.774107 4.548062 0.304726
4.324705 -2.687728 -12.471754 16.528660 -24.537304 -46.064991 0.636580 -36.121635 0.326221 28.611063
21.953468 -1.350258 -1.874577 5.256767 13.742347 19.664101 1.028935 -1.493460 13.159976 -30.146137
17.281952 -2.177633 -4.811543 9.802206 -4.491691 -18.572918 -4.144233 -17.090046 16.002655 -5.580929
