-11.410786 -15.622765 3.866568 3.864002 9.706219 4.791061 -4.962718 -7.120946 -14.832894 8.601872
-3.339628 -14.425579 12.324973 -6.457219 -0.450066 5.179614 13.772233 -11.529735 -11.129505 13.467065
13.213339 12.336828 9.499690 17.911240 5.423689 8.663561 20.880966 -15.523161 -13.498717 12.986011
-45.461601 2.756909 0.206088 19.274137 23.561998 6.293481 -1.862285 -6.923830 1.894061 -2.011276
-8.987530 6.237225 9.963134 20.424446 17.875256 16.975964 25.083546 -18.261778 1.022860 0.368267
-1.202308 23.828222 13.722822 9.399423 4.016129 12.078642 34.970169 -16.075998 0.511099 6.414404
-15.961702 -1.275647 8.938475 -3.383065 14.292347 16.348969 20.999077 -11.709092 10.721512 -5.798398
1.798213 -2.679652 4.437729 17.529406 12.860950 6.757423 0.080348 -9.871387 -22.981775 8.106134
-3.973405 24.020227 8.629868 11.398641 -3.279247 2.781531 23.634325 -10.585130 -8.458290 12.690890
-26.829206 -3.866597 10.454960 4.506920 20.217943 12.937991 18.703053 -12.671184 6.109861 3.761548
-21.638689 -23.467407 5.002376 -6.752423 11.476196 5.042296 -3.495743 -4.714121 -12.869723 9.785092
-10.186243 -7.893830 2.920612 12.063037 10.921942 3.758722 -5.983349 -6.802714 -21.373508 9.698696
-2.166316 -9.687408 8.815765 9.191229 11.555923 8.374104 7.752597 -11.863145 -23.044600 11.583535
3.810633 6.107966 8.871177 9.061815 8.430889 17.165709 26.770397 -15.667384 4.842961 -6.337144
-13.027782 -19.193533 6.862217 6.683700 17.876493 12.680764 10.222697 -12.219260 -5.864425 8.009858
3.455639 -26.693460 0.103270 18.450274 22.858221 20.313866 2.429811 -14.887219 -5.836932 -0.756917
-5.014618 15.405106 6.037196 11.522935 21.156435 17.915926 17.772970 -13.219694 -3.718298 -5.158884
-11.603098 16.570852 10.697069 7.585712 1.474130 4.279178 24.429207 -11.180799 -2.421773 11.226484
-9.268341 4.793726 14.605933 2.968083 -6.230262 4.047336 32.641579 -14.153554 3.808374 9.446517
-10.506994 1.712874 -0.148016 24.933506 21.239475 7.493139 -11.661969 -8.750871 -36.403931 16.000429
-0.023293 -2.177975 13.615432 10.355926 17.334101 13.482260 14.551393 -16.995499 -13.895624 7.031769
-7.708405 -9.325278 13.991449 -0.221627 9.290829 13.620545 20.256325 -15.140705 -4.713769 1.226789
0.618714 11.353749 10.899688 17.359961 11.502037 13.215227 26.974754 -17.060944 -0.939135 9.110824
-19.709066 -2.076178 -0.343840 15.450809 10.334656 0.416364 -9.615876 -5.515965 -14.522759 9.406224
-10.510315 -4.892088 6.892889 9.566337 15.615912 6.596594 -2.948352 -8.084666 -25.161980 10.618567
11.118473 1.198768 12.213306 -3.656206 -10.032043 7.103071 29.332050 -12.812549 -1.982909 7.510427
-14.989323 -3.520033 11.475709 4.825354 6.971870 7.689342 16.498856 -11.469234 -9.101251 2.660918
-53.478951 -30.002718 8.415391 -26.570826 35.702320 16.917393 3.847652 -6.858945 29.362204 -2.843204
-10.206074 -5.373361 13.202361 -10.322269 11.515272 18.469595 23.441460 -13.915032 7.756860 -8.160449
1.850081 26.636747 18.208868 1.027302 -5.709000 9.005442 41.181782 -15.561714 0.176653 12.407913
-17.232794 -3.413047 9.108105 14.774487 15.800627 5.875616 6.628918 -11.242477 -18.545977 12.604018
-9.195114 -5.508155 13.520169 11.719989 12.380182 12.253212 22.367970 -18.346012 0.354598 8.943331
6.303812 12.497591 13.252882 6.155420 10.328470 21.398428 38.391113 -17.326521 11.252383 -6.025793
-4.441422 17.771530 16.395233 -0.632724 -16.273050 -0.893102 30.754135 -11.382323 -3.086601 10.906096
-7.549244 8.219824 8.747254 -9.999967 -21.903883 -7.085896 17.420269 -2.899573 -3.796044 7.685268
8.332422 -9.387243 9.942837 8.308311 -2.890515 4.205064 15.883956 -13.263402 -9.571882 12.319188
6.941750 17.191910 2.572427 27.505281 3.238502 -1.055055 4.633175 -7.897601 -30.106478 24.079428
-13.458672 4.761307 -9.411027 31.866131 14.109903 5.071950 -14.947452 -3.682027 -17.795572 -8.766551
-4.479639 -10.168856 2.269418 12.686447 9.311322 3.564781 -4.017481 -7.321603 -14.625445 9.635989
2.997068 9.681356 15.978889 -2.537038 2.149783 17.181551 39.463463 -16.960026 10.077773 -1.835134
-6.388775 -5.148809 7.018223 0.586489 6.409118 7.367023 9.666310 -7.024695 -6.416264 0.370386
-17.663137 -7.169166 3.423705 -4.466757 -4.416701 0.397332 4.385035 -0.973599 -3.704758 -7.425268
-4.906160 -23.590467 7.852855 11.244300 13.709906 12.139177 15.240332 -15.353727 8.307755 7.619509
-11.289722 -20.904696 12.560996 -14.534753 12.162642 13.297832 14.832104 -12.131925 -0.942845 8.031101
-23.900135 -3.686838 12.905776 -10.553576 10.411087 11.395308 22.428299 -9.886878 6.069542 -0.458086
3.429838 0.238842 8.608911 6.410708 11.648533 16.826948 17.983440 -14.899413 -7.678741 -4.170325
-6.394083 15.308714 11.566801 -3.389164 6.161540 12.133070 26.724155 -12.424817 3.175847 1.016189
0.514026 -12.474352 -2.954403 14.788925 0.645881 1.725750 -3.530995 -6.920593 -5.602344 -4.458856
3.107547 14.823571 -1.942906 28.149612 21.824574 16.541357 7.174123 -11.087005 -9.757324 -13.556514
-1.051296 -17.080847 5.540781 5.967992 10.828643 10.146461 6.281739 -11.151581 -5.703865 6.336754
3.955929 18.722654 17.567026 -3.159271 -7.678263 9.287502 39.228546 -15.189301 5.557247 7.794054
-5.231189 -16.430017 3.148875 4.883069 8.818527 4.997779 -3.125203 -7.349023 -13.506816 11.155946
-15.551058 4.079087 10.737348 3.294467 12.580322 10.458424 20.333567 -11.106948 2.564275 2.078676
-13.224518 0.889319 6.220003 7.670548 -8.923514 -4.273673 7.754847 -6.883479 -7.811288 3.439636
-4.035635 -6.716776 6.931809 -1.045216 -4.874636 -1.813724 5.679436 -5.959509 -11.245425 8.759770
-7.595208 -19.045076 2.185335 17.815018 16.002504 7.784322 4.806454 -11.472850 -4.909186 15.622475
-14.241075 3.348585 6.859210 6.881839 5.676396 1.453185 1.144455 -6.187046 -18.492769 -1.343760
-8.808280 -14.291066 6.100407 -2.037649 4.882214 7.106440 4.614746 -7.198425 -18.302206 2.539266
-20.585997 -7.335212 4.664438 2.418033 3.071139 0.268068 3.688987 -4.799387 -9.022389 4.872894
0.124663 -0.103695 8.455134 7.246377 7.854122 6.227555 12.732879 -11.586717 -9.295182 14.154639
-2.341394 12.684231 2.779232 7.356174 -1.565884 -0.634739 5.546321 -5.416247 -6.878593 3.174814
-6.465623 4.376472 4.206939 2.271239 3.277310 10.568234 16.114758 -7.858110 6.064852 -12.670147
18.099474 25.224892 14.711702 -0.800820 0.185542 19.820574 40.779106 -16.423859 4.719764 -3.984445
2.064142 4.255170 8.561016 17.564461 3.175985 5.586652 19.460167 -14.293119 -7.300872 12.335284
-3.203563 -4.973340 14.469825 -3.792413 3.594879 13.467955 31.934418 -16.372576 7.999291 3.091459
8.130295 13.347653 20.839527 -24.166420 -15.992502 10.474323 45.207008 -13.145802 10.542283 3.822901
-10.582060 -14.054047 -0.563284 9.180581 8.332098 3.763964 -6.698785 -6.604933 -14.289944 11.283547
-3.376495 -4.557639 8.088544 2.524493 0.400980 10.110926 22.677525 -12.767079 -4.431567 1.052548
