3.215290 8.430594 -0.186740 -0.491265 3.695087 -1.141035 -8.560780 -4.562209 6.346866 -3.828455
9.089790 0.696975 0.719809 -10.329743 8.607658 0.840703 -9.663630 0.027394 9.021820 -14.190821
6.048940 -5.393363 10.021777 -16.342804 0.755638 8.381734 -15.599737 5.467383 11.713375 -24.156315
6.102162 15.901996 7.106375 -5.569435 1.865567 3.352255 -8.925814 3.842739 8.718589 -12.132059
6.908023 1.336374 12.770391 -15.290417 0.176966 9.794539 -17.211830 5.173689 12.162754 -24.904778
7.835699 -8.103916 12.102677 -21.779682 -2.854690 11.079503 -12.084056 10.363954 11.560834 -29.366877
14.319588 5.279309 5.734100 -16.433006 1.820116 7.688267 -8.556066 4.716663 6.616705 -22.845688
1.059594 12.480437 5.162839 -6.435295 1.563672 2.213044 -12.442441 -1.903636 9.984654 -11.503971
6.078746 -0.525227 10.581506 -20.777576 -4.808415 10.059978 -6.968506 12.743055 11.784143 -25.079624
11.262559 4.034183 7.399945 -15.874184 2.033480 8.096645 -11.809655 4.187232 8.861818 -22.437935
6.139545 10.226430 -1.504929 -1.825127 4.985033 -1.112077 -6.695899 -3.757261 5.361255 -4.369164
-0.037442 13.161242 2.058689 -3.642270 1.799571 0.391166 -7.437200 -0.154980 8.784335 -6.565851
7.050125 1.138484 4.022413 -5.643697 7.322650 2.500142 -17.659979 -5.161677 9.417365 -14.394472
11.575005 0.411174 8.750766 -20.391626 -2.569863 10.632849 -9.256878 7.197003 7.822309 -27.674538
9.805719 3.595167 3.553643 -7.735620 6.714974 2.893719 -14.283818 -1.205121 8.233624 -14.118158
11.834613 1.720594 1.365877 -6.595115 8.240548 1.770774 -14.140063 -5.647272 6.281376 -13.389465
4.482374 -3.474344 10.375558 -14.483381 -2.328025 7.940010 -13.894613 5.020635 10.471665 -22.007694
6.205616 -6.402324 10.029943 -17.811821 -1.632286 8.235517 -11.171765 8.913492 11.498697 -24.592491
11.396312 -4.355994 7.932418 -19.924585 0.734348 8.968993 -9.639789 8.787117 9.828093 -25.267122
-10.722663 10.317273 11.904546 11.928973 -2.848327 1.478265 -21.247192 -9.149527 11.311302 -2.156610
7.054600 0.932905 5.996284 -7.663424 7.844166 3.360055 -18.163883 -2.103065 11.096140 -16.604696
12.840493 5.887601 3.044345 -11.928560 4.104149 5.009212 -9.802199 1.281596 6.324440 -18.200331
6.104061 -6.871366 9.871050 -16.041290 0.356969 7.549474 -14.778277 5.997382 11.616011 -23.643444
1.789798 10.747164 2.363752 0.413708 3.645939 -0.145030 -9.104342 -3.790639 7.127158 -4.403295
1.213847 11.962321 1.559916 -0.953155 3.924054 -0.078224 -10.425583 -4.550457 7.814709 -5.307963
8.569568 -10.836900 6.458362 -17.219170 -1.392177 7.844116 -10.433263 5.075005 7.672536 -23.663792
9.145052 -0.465016 4.899010 -8.515554 7.962955 3.653697 -16.739389 -1.860841 9.781083 -16.674015
24.038462 25.741451 -3.271420 -4.146407 13.815133 -2.951165 2.672193 0.847209 2.459062 -8.299487
14.510477 1.914868 4.769298 -12.862148 4.318404 6.177299 -11.796721 2.635902 6.407953 -21.297001
9.324187 -7.281703 11.482210 -24.145874 -3.230368 12.438614 -10.582797 11.738808 11.716408 -31.085518
3.176312 14.341113 4.153064 -5.938154 4.997667 1.354621 -13.055722 -1.881123 11.979088 -11.277662
8.043268 -0.732454 8.766659 -12.204468 4.459931 6.446124 -17.575850 1.728020 11.178955 -20.921860
9.081720 -6.653458 11.670101 -20.443121 -2.567550 10.311297 -11.934604 9.359779 10.307095 -28.554253
6.784717 -5.912643 8.944826 -18.841385 -2.252975 7.199234 -6.579360 11.753994 11.686546 -23.631355
4.300883 0.918053 4.616973 -14.672312 -4.970028 4.937856 -2.675901 9.078665 7.293899 -16.110952
9.873861 2.220331 2.996046 -12.302715 3.394881 4.616938 -9.815985 2.195507 8.126923 -17.299740
-5.126297 18.774471 8.561779 -8.076164 -2.249458 4.269869 -8.829850 1.618706 11.922796 -11.957002
-8.639425 4.884821 12.046089 8.626168 -4.390959 1.800257 -19.057156 -5.315391 10.560629 -4.592770
3.787247 9.116783 0.900457 -1.394860 3.376534 -0.786549 -9.080594 -3.177830 7.849803 -5.254214
9.301383 -7.848207 10.805694 -20.940880 -1.517799 10.249858 -11.817674 9.165735 10.429154 -28.577805
4.652710 0.615167 3.574527 -9.618383 0.678274 2.343714 -6.758109 4.023078 7.788418 -13.864326
3.388996 -2.240668 0.006427 -5.680306 -2.237082 0.050597 -2.662558 4.800020 6.269339 -7.402648
11.096732 2.228353 2.517400 -4.692213 11.079187 0.780854 -16.567377 -4.160125 8.589001 -12.328719
13.233588 1.076596 -0.175025 -7.478411 10.858361 0.941672 -11.998571 -4.047062 5.728092 -13.182101
12.313479 3.070054 3.659738 -12.196762 4.060236 4.731268 -10.095393 1.614602 6.414219 -18.345757
7.416551 -3.927628 9.268235 -10.929715 1.898343 6.251326 -16.744583 2.372303 9.984598 -20.488098
6.390872 -10.418287 9.542224 -18.594780 -1.554212 8.521584 -12.230309 7.613616 10.644920 -25.330770
1.872891 3.344917 1.104728 -1.715838 0.000481 0.608316 -6.887691 -0.886243 4.983316 -5.045687
1.654522 -0.616023 13.483640 -8.418797 -2.765265 7.515493 -17.282845 3.339329 10.985501 -18.842415
9.724099 -2.919170 1.999238 -4.748693 10.492726 1.021869 -16.822887 -6.013957 7.643702 -12.553373
8.811989 -9.725392 8.138681 -19.061619 0.456618 8.340781 -11.252875 7.360751 9.585537 -26.068296
3.473195 7.673494 -0.644414 -1.560076 4.646278 -0.890271 -9.018018 -4.500068 6.820574 -4.354398
7.856746 -1.306519 9.838014 -13.477818 1.895867 6.900769 -15.545969 4.296869 10.179923 -22.097752
4.715122 5.575742 2.080900 -7.611366 -0.579917 1.588662 -2.999272 5.348547 6.093008 -9.448128
3.717505 4.564090 0.518496 -5.990462 -0.315384 0.633196 -4.618010 2.294428 6.422838 -7.512312
10.308234 2.021848 1.508046 -5.152544 10.430259 0.771956 -15.904996 -5.118763 8.025266 -11.444909
-1.707639 15.510990 4.311598 -5.570135 -0.641262 0.737225 -8.424387 0.036776 10.939457 -9.442878
5.604222 6.557178 1.017166 -5.672471 1.694820 1.281038 -8.026071 -1.325928 5.645024 -8.951366
6.180025 8.080191 0.753513 -5.679713 3.878693 0.586445 -6.556050 0.737576 6.903098 -8.325228
5.129575 -1.877615 6.687244 -12.110529 1.605576 4.836945 -13.291359 2.733382 10.211192 -18.749912
0.008724 0.311019 4.926073 -9.756987 -1.243765 0.859975 -4.647486 5.107016 7.884663 -13.756880
7.052921 -11.636104 4.830531 -13.398257 -0.541082 5.233924 -9.387804 3.796171 6.170791 -19.609955
9.797137 -3.761551 9.818057 -22.170547 -4.395529 11.549362 -9.562142 9.321599 9.419152 -28.995655
7.521764 -2.034628 7.213263 -14.109000 1.407773 6.289368 -13.033083 4.144293 9.868780 -20.657890
10.453637 -6.987008 6.455994 -17.060051 1.372346 7.452229 -10.964765 5.083779 8.053569 -24.201235
11.529626 -6.367393 7.679417 -22.399971 -1.764066 10.562487 -9.086922 8.616663 8.936871 -28.878651
3.902684 7.631238 -0.293813 -0.839958 5.066146 -0.284525 -9.452868 -4.714220 6.065016 -3.921491
10.791045 5.182779 6.499921 -16.092529 -2.084976 7.811310 -7.635691 5.672285 6.437039 -22.102314
