-6.028147 -5.067386 0.243991 -1.582863 -2.449607 1.262056 -3.985280 4.783868 -2.546305 1.263807
-6.156735 4.105977 -0.628980 -10.832085 -8.775819 7.790439 -6.128969 12.480210 1.595513 8.507931
-4.849869 3.505286 -3.920031 -15.543694 -13.039103 10.844980 -6.288578 12.805029 1.924137 10.219651
-5.341493 0.850084 0.563905 -3.741043 -3.445704 2.711077 -6.366852 7.005485 0.438552 5.360320
-4.736464 3.484612 -3.690026 -14.078973 -11.891076 9.506746 -7.337101 12.423725 2.080621 10.286625
-2.562759 4.223974 -5.866961 -17.164171 -14.764684 11.341332 -6.585142 12.084502 2.476576 11.356262
-1.732919 5.446346 -3.012192 -13.396803 -11.174730 7.985789 -7.538089 11.046266 2.754544 10.577419
-8.157026 -0.099100 0.522070 -7.017911 -6.821629 5.194779 -6.598396 9.474251 1.238353 6.264585
-1.138710 4.251085 -5.682315 -16.192818 -14.051352 9.552847 -7.572965 11.100494 2.743048 11.726992
-5.074192 2.750839 -2.284708 -12.177052 -10.212274 8.359608 -7.077482 11.427694 1.722872 8.798016
-5.511456 -3.657413 0.359120 -1.812025 -2.323359 1.388491 -4.349699 5.131781 -2.182869 1.851792
-5.655345 -4.684202 0.466556 -1.349745 -2.804282 1.042084 -5.012547 4.265280 -1.932244 2.162987
-9.276367 1.387819 0.243703 -8.196770 -6.971199 6.489411 -6.385065 11.657112 1.283766 6.580377
0.251806 4.733127 -4.422430 -15.409884 -13.508195 8.743258 -7.565828 10.140287 2.758503 11.401841
-9.613103 2.042615 0.437267 -7.613907 -6.444509 6.324652 -6.637662 11.760868 1.429445 6.841474
-8.557354 1.990236 1.025732 -6.142429 -5.612733 5.178266 -5.613726 10.210721 1.057646 5.783652
-3.204389 1.901302 -4.883910 -15.074673 -13.594967 10.404171 -5.746877 10.441285 1.597942 9.558767
-3.510403 3.716130 -5.526421 -16.785561 -14.389221 11.349924 -6.663427 12.458504 2.193429 11.182175
-3.065253 5.309053 -3.621310 -14.301422 -11.665408 9.372952 -7.010917 12.495861 2.278958 10.726057
-6.641771 -5.282554 0.027120 -1.891274 -3.606319 1.584702 -4.364404 4.558995 -1.225076 1.565873
-10.134161 1.948879 -0.249608 -9.706573 -7.985145 8.282337 -5.818563 13.125267 1.310664 7.208703
-5.035105 3.975969 -0.348617 -9.123874 -7.462478 6.342223 -6.648644 10.971431 1.729031 7.788096
-5.102157 3.025539 -4.292308 -15.214769 -12.891242 10.863098 -5.960378 12.593488 1.670829 9.752476
-5.852318 -4.324429 0.020298 -1.238963 -2.278596 1.207451 -4.206437 4.895136 -2.526367 1.478750
-6.910611 -5.116181 0.531165 -1.987039 -3.221854 1.721622 -4.812777 5.257935 -1.966048 2.049926
-2.124152 4.907846 -4.439047 -15.583104 -13.515413 10.578798 -6.009433 11.555306 2.389091 10.223679
-8.620738 4.130077 -0.744191 -11.231351 -8.723239 8.932512 -6.420780 13.451027 1.989483 8.364673
-5.991361 9.716348 5.023559 -1.538368 0.137763 1.883096 -9.322817 10.551643 4.352446 7.771427
-5.320695 5.332918 -1.156859 -10.948398 -8.538520 8.228256 -6.317908 12.318820 2.116822 8.578530
-1.500778 5.233138 -6.109852 -17.996277 -15.369456 11.442265 -7.119468 12.231384 2.936817 12.325479
-9.991020 -0.146504 1.665750 -5.819077 -5.212942 4.549232 -7.391517 10.304121 0.769536 6.076026
-7.169962 3.270253 -1.417981 -11.492299 -9.265800 8.801369 -6.325329 12.949647 1.503945 8.424859
-2.830531 5.166759 -5.341981 -16.952154 -14.260521 11.245026 -6.663997 12.366211 2.795815 11.350863
-2.773005 5.073993 -5.557853 -17.149055 -14.440269 11.187050 -7.068502 12.907891 2.779988 11.801781
2.150449 5.311573 -5.036149 -14.567944 -12.579748 7.064750 -7.744943 9.209282 3.014878 11.384192
-5.498965 3.461149 -1.081037 -11.103982 -9.107516 7.744559 -6.906854 11.918676 1.624687 8.588944
-3.874073 -8.548678 -1.927490 -9.481090 -12.144960 3.433611 -9.720296 4.526608 0.160618 6.948693
-6.398920 -5.646138 -0.554069 -1.827146 -3.624761 2.257380 -3.353741 4.714780 -2.850455 1.099040
-7.860803 -3.200236 0.926135 -2.298115 -2.429723 1.809017 -5.883720 7.194149 -1.601967 3.278825
-2.824941 4.998327 -5.128611 -16.788067 -14.086313 11.167210 -6.352266 12.644287 2.367650 11.209656
-5.444780 2.259162 -2.530511 -12.367839 -10.349586 8.831985 -6.139438 11.472716 1.226399 8.314952
-4.831689 1.148437 -0.466609 -4.569988 -3.276689 3.073323 -5.974448 7.626473 -0.500638 5.193223
-11.099533 2.464657 1.166888 -7.553787 -5.916509 6.654690 -6.163250 13.123775 1.134400 6.822578
-7.841297 4.721128 0.730123 -8.879383 -6.858366 6.914673 -5.880970 12.593749 1.986181 7.561779
-5.264023 4.291520 -1.106204 -11.368047 -8.757058 8.008237 -6.411993 12.555387 1.687517 8.695496
-5.560887 3.134721 -2.838655 -12.605947 -10.649757 9.443684 -5.675814 11.822046 1.370670 8.486105
-2.582098 4.185659 -5.422606 -16.721880 -14.476936 11.517056 -5.831280 11.922428 2.184978 10.799336
-4.417335 -3.275094 -0.456421 -1.280318 -2.197234 1.172807 -3.636769 4.282338 -2.189495 1.477032
-5.824051 -1.347541 -4.167550 -10.656716 -10.304613 7.940472 -5.965620 8.886138 0.510157 6.509433
-9.295726 2.840753 0.564894 -8.150146 -6.695456 6.912375 -5.112843 12.390953 1.108043 6.605054
-2.674156 5.595785 -5.036962 -16.932783 -14.109625 11.305458 -6.365813 12.874935 2.557419 11.324203
-7.143165 -2.903287 0.613277 -2.499227 -2.998873 2.247531 -4.769677 6.480103 -1.203292 2.752048
-5.067585 3.044238 -3.397064 -13.673066 -11.379523 9.684782 -5.910137 12.232883 1.350617 9.194187
-4.080239 1.059831 0.006208 -4.719553 -3.929768 2.687811 -6.220429 7.424434 0.147710 5.416135
-4.974961 0.053571 0.406778 -4.413324 -4.250265 2.725597 -5.618617 6.836054 -0.232146 4.482213
-10.394561 2.428595 1.381215 -7.090346 -5.901621 6.037189 -5.949768 12.223580 1.162329 6.370633
-5.432176 -3.148667 0.338753 -2.995288 -3.609770 1.620813 -5.450828 5.748363 -1.688823 3.325169
-4.767210 0.308669 0.356237 -4.319327 -4.251892 3.200823 -5.028191 6.636343 0.232257 4.527233
-5.882068 -0.173463 0.522813 -4.592705 -4.254806 3.687061 -5.516831 7.637978 -0.139821 4.788970
-5.650008 1.950175 -2.773355 -12.619742 -11.182699 9.276735 -6.091521 11.516619 1.260607 8.578423
-2.835748 1.374620 -3.933057 -12.243951 -11.337913 8.656874 -5.357531 10.135347 0.355657 8.547310
-2.353084 4.059978 -4.420308 -14.850226 -12.982391 10.604286 -5.094392 11.339215 1.545409 9.493492
0.665189 5.006828 -5.427787 -16.509834 -14.939414 9.666342 -7.329477 9.891868 3.021932 11.870287
-4.195179 3.725928 -3.106213 -13.119631 -11.008517 8.896784 -6.832416 11.813287 1.803696 9.415946
-3.770813 5.100893 -3.510920 -14.649149 -12.067950 10.052487 -6.196600 12.558832 2.173102 10.201636
-1.435447 6.221884 -5.236488 -17.433813 -14.629177 11.153755 -6.801177 12.432804 3.048483 11.950654
-6.375687 -4.568285 0.150541 -1.915642 -3.044387 1.801187 -3.885914 5.137451 -2.169375 1.692392
0.683101 4.976984 -3.838315 -13.214693 -11.556050 6.993620 -7.392422 9.147951 2.720107 10.635408
