-23.589275 73.920624 1.195644 -10.482988 -17.408497 33.032600 -33.064854 -12.127598 20.096918 12.446157
-6.664493 65.333618 -2.630502 7.001861 -26.403580 21.286461 -15.796359 -1.913238 9.491603 9.198430
-34.196663 75.825546 -11.621400 -26.562872 -22.000856 53.861046 -52.176800 -25.589214 33.675064 8.743522
-9.134766 64.409393 9.694052 10.215438 -20.062019 13.182937 -12.561023 4.201165 7.886465 10.483704
-25.707115 64.951660 26.536589 14.751518 -9.305450 10.157308 -24.215359 9.320483 15.040434 18.316236
9.807110 51.429539 1.337012 8.217854 -21.309597 3.975093 0.463703 2.893125 -4.481641 -7.103083
-9.142797 13.514007 30.926243 26.586655 8.271373 -24.889252 -6.024627 25.582598 1.953118 -5.342963
-10.196583 44.470066 20.411812 -0.257542 -2.491024 0.899059 -9.917584 0.876380 4.607047 7.492845
-3.110773 49.520191 17.568283 12.513285 -13.340534 -2.788385 -2.933922 10.320488 0.255769 5.121743
4.239181 42.896069 16.978809 10.759596 -7.327440 -11.475608 1.398209 9.536453 -7.843094 -7.646310
11.449584 22.582708 26.479189 25.566040 -4.192581 -31.598492 15.051942 24.287245 -11.836995 -11.843116
4.438990 47.079967 9.977008 3.790014 -12.043679 -1.012262 0.877235 3.905252 -4.819533 -4.608266
7.207872 49.395931 -17.195297 -19.547010 -20.335293 18.482956 -3.826513 -15.488547 -0.851967 -13.492658
13.621372 33.762066 16.796333 19.428942 -15.252275 -15.804321 12.335800 16.225788 -8.867536 -6.777712
-22.707176 67.717407 15.569083 14.506704 -17.867880 21.201248 -25.190660 5.156648 17.408670 20.016186
-9.026087 16.650213 37.142365 37.047535 3.619565 -28.482384 -0.393313 33.263893 3.828512 2.880686
7.194876 53.499340 -1.769363 -8.037203 -15.409596 6.652568 4.707815 -6.804488 -6.386922 -3.441380
9.360653 43.244907 7.677049 6.558338 -14.763934 -2.578522 5.402642 5.962949 -6.973894 -8.174516
-35.966610 72.240700 -9.374698 -41.342850 -12.471561 52.706345 -52.761707 -32.500111 34.093742 4.010481
-5.988200 37.711880 22.155167 13.708061 -0.485728 -12.796355 -10.571797 12.093452 -4.255392 -11.358106
-13.585057 71.875290 -18.351391 -19.310669 -30.113510 44.645134 -28.467987 -21.432192 21.411068 7.136183
-13.982265 39.561337 36.101322 28.881603 1.981791 -19.092346 -13.192833 23.104353 -0.613445 -2.803520
13.261770 44.629768 -18.596416 -18.079422 -22.064926 10.594664 -1.856526 -12.192980 -5.822339 -28.311815
21.056969 22.297390 11.446261 19.484596 -17.433838 -16.196301 18.658772 16.168640 -9.176405 -12.342906
-6.846472 30.709612 31.208096 24.633045 5.095956 -23.451378 -8.534629 20.431454 -3.751992 -9.338719
-12.136559 65.924789 0.639606 7.812719 -28.197802 24.449585 -21.119967 0.372571 14.518800 8.813907
3.001960 59.521915 -8.315120 1.124401 -28.937796 20.702904 -5.290965 -6.231666 6.382358 9.270209
-1.976510 64.052658 -3.052012 4.469500 -29.211164 26.653406 -3.722062 -6.370871 11.214264 24.281319
-18.090672 75.676743 -11.575535 -13.065708 -28.375072 45.934212 -28.945898 -20.475422 25.425446 23.522692
4.663111 50.581913 -1.774371 -1.237767 -16.334099 4.651316 -3.078395 -2.572908 -4.120240 -10.645658
-27.671124 63.146709 6.696874 -0.554862 -10.951033 17.362387 -43.218861 -1.710586 16.603384 -12.112408
-0.684075 51.204784 12.656005 4.842499 -8.619298 -1.470288 -4.202080 3.661403 -4.156251 -3.655386
0.838978 20.808775 35.618252 33.372353 0.567492 -33.556046 7.336855 30.577232 -6.491277 -6.825841
-44.530499 82.356773 -8.428124 -29.764044 -20.910793 60.222290 -60.506992 -28.700274 41.345528 15.755834
-41.408760 73.962265 12.495948 -7.839013 -8.945000 34.914230 -50.764072 -9.720950 30.787100 11.645905
2.171400 51.053642 13.700915 9.234409 -16.091866 1.859357 2.471524 5.911384 -0.579172 9.000895
-29.196274 70.616928 -12.297618 -23.704172 -23.960447 57.050972 -47.529869 -27.556229 36.047745 17.656809
23.049835 22.649717 -2.402440 4.598301 -17.397692 -9.862755 16.397936 7.212754 -12.425283 -23.561289
-1.647954 15.734973 34.231148 31.539278 6.568519 -33.286568 1.623026 29.015240 -4.892396 -9.129096
6.092905 31.345938 26.562004 27.808891 -11.396173 -18.818394 7.850423 22.669889 -3.181909 0.989032
-7.111371 62.073414 1.150982 -7.107735 -16.854748 20.961651 -11.911275 -8.277638 8.591943 10.966522
-6.000889 30.198973 36.108067 33.365044 -0.810395 -24.671329 -0.479763 26.156031 -0.071487 5.748775
-2.790932 52.015598 -3.548195 -9.122908 -18.253445 18.943214 -12.086654 -7.281555 7.134964 -2.948568
13.580305 31.679535 16.011837 17.725462 -11.761900 -18.503805 11.022696 15.041850 -11.517839 -13.240571
-5.284159 20.921907 29.544308 27.598938 4.976303 -25.396027 -6.260994 23.561335 -2.762905 -10.529208
0.508304 34.626339 25.028105 25.273407 -10.638297 -13.639016 2.012772 19.279169 -0.035762 6.219976
14.217438 29.360285 11.902707 14.454743 -14.693040 -10.778966 12.186860 11.845409 -6.645534 -4.218046
-12.676369 44.919724 17.250967 -7.238548 4.708724 -1.326691 -17.210812 -2.335998 2.355097 -9.678769
13.236367 18.997938 27.313519 29.772776 -6.687965 -32.323391 17.539497 28.871859 -11.418468 -13.755837
-2.891582 44.091312 19.278769 22.446632 -14.747602 -4.941075 -5.373380 14.976520 2.097778 4.636093
-38.146282 32.376850 34.282887 39.898705 2.826317 0.267447 -40.066036 25.856377 24.981190 13.790723
-7.635695 69.457916 0.698799 7.562526 -26.203259 22.775867 -13.608731 -2.914642 10.553589 16.873560
-6.392233 42.052040 31.350435 24.219498 -4.692738 -16.819540 -3.986578 19.949724 -2.394520 0.975355
-11.402479 60.385036 19.212219 3.805155 -11.597550 9.655284 -6.815067 1.698610 7.096996 19.867575
-12.606837 63.185543 3.520708 13.081864 -22.773085 18.711777 -24.383801 2.085756 11.704300 3.570205
-33.011562 65.210609 29.651489 16.592533 -5.803945 11.863362 -33.882053 9.477263 19.800484 17.992704
21.494350 18.650679 13.163093 19.017963 -12.811908 -28.749725 23.939272 20.327759 -16.443979 -22.669237
6.346556 40.945400 10.247703 10.558455 -18.450790 3.226194 4.094730 8.411283 0.565648 3.279712
-9.460297 53.640240 13.533818 4.091922 -9.492286 9.371601 -13.203807 0.350162 6.557193 10.691330
-9.765601 40.455387 34.754848 28.670948 -1.125804 -17.801281 -8.949528 21.532492 -0.114534 3.016853
1.713312 34.338169 14.100419 9.732650 -11.185187 -9.994554 -1.571226 12.783149 -4.309686 -12.686528
21.557266 18.765705 10.445098 13.006384 -9.078572 -26.118942 21.103464 15.115632 -15.796045 -22.729780
-2.356017 62.242989 -5.696462 11.448267 -31.561604 21.817732 -13.523610 -1.259957 9.734138 9.994966
6.760412 23.955515 22.247169 19.614424 -1.913073 -22.656456 4.698653 17.767546 -6.653869 -10.010183
19.858889 27.836061 6.239903 13.352293 -17.507624 -10.550102 14.097491 9.284739 -9.747143 -10.956956
-37.552349 60.509922 37.339073 18.345448 3.797760 5.096901 -38.638569 11.920446 18.779186 13.147785
6.320858 35.695797 25.401020 25.874367 -13.746606 -18.367462 6.927036 22.506189 -4.762827 -3.387965
10.493593 22.798605 24.667559 21.537693 -2.591993 -27.060452 10.301863 20.394773 -11.077178 -14.240136
9.576641 34.212482 19.053959 17.349493 -11.631086 -19.487598 9.914650 16.552513 -10.034033 -9.900947
15.797255 37.550652 4.541799 5.720038 -15.788344 -9.308443 12.314451 6.166187 -12.576348 -14.019430
18.689701 42.400097 -3.826597 1.220052 -20.849518 -5.201693 12.859798 2.101345 -13.705311 -19.149403
-13.912515 68.024582 5.395994 -8.978685 -14.642798 20.668980 -18.420687 -8.033114 10.167501 8.010429
