4.728612 -21.153494 -1.333711 -15.617440 -1.935890 -20.069050 12.545986 -24.243025 34.428616 -4.126162
2.913398 -18.255310 -3.733824 -13.492595 -6.565454 -21.126171 16.712086 -23.288681 39.040813 -7.558079
-4.527917 -19.171373 -19.118774 -10.211135 -6.973391 -28.753952 39.651031 -25.294106 72.283730 -20.386772
1.641692 -17.422796 -6.389893 -12.306404 -10.308790 -22.305813 19.585175 -21.289581 40.721088 -9.193623
5.681371 -21.538145 0.416791 -16.456097 -3.266431 -19.944450 9.441567 -25.349743 30.782139 -2.914853
11.100504 -24.323977 8.416453 -20.028833 -3.476960 -16.462265 -3.084747 -24.973412 12.697639 4.393911
12.542696 -21.529058 12.848020 -19.552071 -12.595665 -14.771694 -8.607692 -21.543173 1.857605 7.362036
5.109006 -20.405844 -0.453963 -15.357069 -4.128905 -19.644100 10.453910 -24.095800 31.197477 -3.642254
11.879729 -22.380121 10.610356 -19.548498 -8.924313 -15.364529 -6.580354 -22.976105 6.041783 5.960648
-0.022873 -19.277826 -11.732754 -11.778469 -6.221416 -25.042892 27.121124 -24.532463 55.074661 -12.977688
9.551429 -24.188440 6.616516 -19.592855 -2.944936 -17.524818 -0.118174 -25.526999 17.240866 2.810339
10.182644 -24.641846 7.318908 -20.130724 -3.266860 -17.666857 -1.027107 -26.108063 15.943828 3.254495
2.670971 -20.314150 -5.469897 -13.947166 -3.994420 -22.103043 17.992176 -25.120075 42.880493 -7.857803
12.212794 -21.795418 12.387529 -19.759253 -10.849918 -14.943698 -8.392809 -21.800114 3.030395 6.858776
10.840480 -22.725946 8.927408 -19.060774 -5.656895 -15.783091 -4.374018 -23.416979 10.110593 4.698644
9.679635 -21.796921 7.811320 -18.323156 -6.488771 -16.998085 -1.718498 -23.639967 13.668443 3.337380
2.801156 -20.771379 -4.944178 -14.479780 -4.477091 -22.573072 18.082792 -24.831005 42.556042 -7.471254
11.819228 -23.189936 9.799113 -19.784227 -5.879530 -15.784119 -5.456015 -23.603951 8.300971 5.160794
-4.554991 -19.221231 -19.290316 -10.169237 -7.006308 -28.915367 39.729069 -25.542118 72.535049 -20.448143
7.422166 -23.919249 3.454026 -18.875368 -2.675472 -19.830795 5.607685 -26.655901 25.857691 -0.155967
1.124436 -19.705582 -7.428108 -13.163439 -4.821035 -23.110931 22.003754 -24.950150 48.042507 -10.335205
10.297677 -24.103039 7.785648 -20.205019 -4.576205 -17.424868 -1.221609 -25.673775 15.222634 3.079562
7.919111 -22.344759 4.504728 -18.156210 -1.685525 -16.825348 1.620274 -23.889585 17.570896 1.596222
13.375989 -22.757833 14.016047 -20.504919 -14.089095 -15.329994 -10.491104 -22.482885 0.343570 7.930424
11.653249 -21.523861 10.960664 -19.160421 -11.093494 -15.235733 -5.314878 -21.650784 6.194367 5.452446
8.456603 -21.284761 5.643860 -17.472479 -6.302153 -17.717707 1.110681 -23.737362 17.740807 1.462027
12.539419 -22.687738 12.078589 -20.099134 -10.799283 -15.119999 -7.276210 -22.726650 4.585523 7.036152
9.195848 -23.510445 5.698713 -19.004095 -2.240782 -17.643990 1.107779 -25.308027 18.350817 1.530561
1.720192 -20.744478 -6.904236 -13.872103 -3.189466 -22.727720 20.404240 -25.355217 46.265747 -9.042212
12.390104 -23.176718 11.403197 -20.348089 -8.918954 -15.668054 -6.899392 -23.234016 5.765231 6.110501
12.142428 -23.473404 11.435692 -20.780462 -8.691544 -16.091692 -6.940082 -23.892906 6.576806 5.805883
-3.292625 -19.446856 -16.740217 -11.138827 -7.468835 -28.061516 36.495350 -25.207901 67.943954 -18.457657
13.610463 -23.026361 14.069227 -20.955133 -13.381268 -15.595089 -10.182827 -22.988144 0.943374 8.012074
4.126614 -20.120907 -2.682428 -14.690067 -6.769417 -21.195330 14.706252 -23.933102 36.903904 -5.807539
-3.115809 -19.007116 -16.614603 -10.501568 -6.245317 -26.988405 35.285824 -24.942188 66.093208 -17.901503
10.231208 -23.876959 7.655196 -19.523680 -4.058569 -16.819641 -2.253999 -24.870407 13.646388 3.790748
-3.345859 -19.303782 -16.966818 -10.663495 -6.765028 -27.497765 36.332695 -25.134659 67.547318 -18.451664
-0.383775 -19.724270 -10.867949 -12.344505 -4.727812 -24.606491 25.998024 -24.804291 53.670582 -12.574861
12.478360 -23.778101 12.299984 -21.046682 -10.461965 -16.149719 -7.566480 -24.170021 5.209819 6.845387
3.679657 -19.103466 -3.639812 -13.822769 -8.590883 -21.927422 14.236392 -23.385944 35.600178 -5.831202
10.181910 -23.298471 7.658516 -19.554306 -5.175169 -16.479702 -2.385358 -24.348858 12.699982 3.692907
5.368115 -21.640213 -0.623754 -16.257292 -3.111109 -20.788177 10.904065 -25.730082 33.490971 -3.517660
2.786299 -19.646395 -6.243734 -13.099609 -6.485994 -22.641981 19.057577 -23.998795 43.523380 -8.282682
12.325070 -22.310308 12.534809 -20.177423 -11.661049 -15.422024 -8.469626 -22.337101 3.136292 6.719671
-0.886619 -19.803690 -12.173174 -12.038586 -5.877526 -25.611317 28.972031 -25.002529 57.944530 -14.031854
7.954196 -21.644781 4.787331 -17.908693 -1.331292 -16.464136 0.748002 -23.086155 16.270838 1.975312
3.625139 -20.476086 -3.633608 -14.488840 -4.712239 -21.477684 15.324569 -24.744228 38.548641 -6.324886
10.311206 -23.931818 7.953320 -19.875326 -3.796964 -17.194435 -1.607376 -25.328341 14.994971 3.276058
4.089657 -19.890192 -3.653838 -14.057808 -5.069204 -21.052956 14.183408 -23.706738 36.675076 -5.548326
2.693966 -19.458536 -5.399224 -13.079688 -5.747157 -21.651207 18.855885 -23.286716 42.632412 -8.054876
2.523462 -20.383352 -5.220248 -14.176696 -4.325979 -22.377560 18.964643 -25.243359 43.990887 -8.343683
10.639789 -24.549599 8.038288 -20.875011 -3.907284 -17.559608 -2.355222 -25.686716 13.520471 3.812691
2.886863 -21.557890 -4.672982 -15.068775 -2.966597 -22.221729 18.691082 -25.959833 43.512291 -7.848765
-2.283727 -18.747496 -14.375871 -10.824890 -6.056644 -25.679585 32.707939 -24.514416 62.235786 -16.489948
13.181300 -22.888502 12.762428 -20.510355 -12.149000 -15.119490 -8.286437 -22.869637 3.092206 7.267761
13.057884 -22.732615 13.742468 -20.687941 -12.514603 -15.382788 -9.543412 -22.562542 1.471857 7.762263
3.748944 -19.327391 -3.285364 -13.623355 -5.815529 -21.002373 14.813457 -23.852964 37.498199 -6.167008
-3.362232 -19.203781 -17.511225 -10.561236 -7.108049 -27.912247 36.878281 -24.981113 68.327446 -18.625038
6.605374 -22.322985 1.994733 -17.234125 -2.327677 -19.396097 7.147703 -25.216640 27.369173 -1.203137
12.561109 -21.927769 12.968086 -20.231293 -12.356621 -15.502083 -8.238605 -21.862089 3.172602 6.744253
12.900516 -21.910345 11.968155 -19.551558 -10.892521 -14.306007 -8.343940 -21.399166 2.779628 6.968415
9.012239 -24.235296 5.730486 -19.530214 -1.075971 -17.722994 0.997647 -25.793459 18.572763 2.177667
8.345896 -21.080133 4.596027 -16.935804 -2.869403 -16.852230 2.184684 -23.298216 19.205832 1.419397
8.912248 -21.954370 6.820597 -18.604353 -7.534658 -17.756386 0.591793 -23.844814 16.207865 2.014400
6.250554 -22.629416 0.737221 -17.206900 -3.213520 -20.282005 9.746056 -26.023983 31.468264 -2.649177
9.055649 -23.418383 6.320106 -19.074781 -2.880875 -17.625416 0.899521 -25.125814 18.303938 2.125615
11.547342 -22.796606 10.641225 -19.824217 -7.073063 -15.230823 -6.973971 -23.078175 6.355781 6.037359
13.588706 -23.397013 13.681797 -21.409971 -12.715880 -15.880953 -9.117754 -23.193127 2.536437 7.491848
8.237735 -23.251215 4.773411 -18.591990 -2.238377 -18.010946 2.622730 -25.553308 20.905592 1.253346
8.717623 -23.099924 5.190519 -18.609432 -2.303098 -17.420399 2.071321 -24.721867 19.375078 1.694534
8.983027 -23.482992 4.824188 -18.824110 -1.604283 -17.737883 2.095366 -25.626625 20.393780 1.666279
