-3.290143 1.149440 -4.411138 3.683086 1.868230 4.215623 -0.174941 -3.280443 2.391501 -0.995583
-3.168548 1.084209 -4.234736 3.371691 1.812510 3.854959 -0.062014 -3.258586 2.290528 -0.876705
-3.334138 1.179904 -4.429851 3.560312 1.871611 4.140264 -0.046193 -3.330822 2.400784 -0.914869
-3.250209 1.120009 -4.281215 3.476508 1.786165 3.916910 -0.083304 -3.263669 2.249665 -0.945070
-3.260535 1.102323 -4.325439 3.467305 1.850021 3.980888 -0.101990 -3.326400 2.333077 -0.977594
-3.239738 1.042449 -4.249727 3.442095 1.785566 3.827288 -0.182699 -3.339186 2.291083 -1.030661
-3.263022 1.167358 -4.380101 3.560392 1.841618 4.146972 -0.050538 -3.333729 2.335371 -1.026289
-3.205737 1.073745 -4.280109 3.437081 1.844278 3.889126 -0.125654 -3.297941 2.330855 -0.901353
-3.187335 1.044340 -4.160559 3.531923 1.745281 3.866360 -0.162499 -3.241486 2.180360 -1.054047
-3.242309 1.083418 -4.279236 3.526112 1.768151 3.937732 -0.156381 -3.237847 2.290490 -0.910067
-3.110504 0.969048 -4.126399 3.300105 1.704543 3.716761 -0.187043 -3.382160 2.203222 -1.119215
-3.190071 1.131491 -4.330678 3.520416 1.847706 4.071553 -0.094184 -3.278219 2.294129 -0.993711
-3.230325 1.124397 -4.393601 3.498813 1.901764 4.070258 -0.118949 -3.290306 2.442523 -0.855776
-3.204913 1.140381 -4.343343 3.490552 1.908519 4.123255 -0.125530 -3.298362 2.420033 -0.992238
-3.269665 1.182116 -4.386269 3.607758 1.856762 4.222169 -0.071824 -3.287524 2.351418 -0.978846
-3.166035 1.026161 -4.190455 3.473010 1.792735 3.843288 -0.210635 -3.291883 2.258269 -1.032749
-3.322644 1.156704 -4.387705 3.557361 1.878984 4.130453 -0.053363 -3.306617 2.362851 -0.976739
-3.188384 1.168934 -4.419292 3.581190 1.925027 4.189724 -0.151203 -3.301784 2.417951 -0.930079
-3.234171 1.087000 -4.308037 3.508235 1.846224 3.960326 -0.167323 -3.304825 2.336028 -0.969438
-3.250762 1.087784 -4.233578 3.515236 1.745960 3.841280 -0.142121 -3.288053 2.189701 -1.059569
-3.307189 1.154405 -4.411684 3.636000 1.837975 4.199329 -0.106599 -3.311430 2.348264 -1.024421
-3.439144 1.199149 -4.425503 3.702138 1.823945 4.332139 -0.024318 -3.247956 2.451280 -0.895330
-3.317407 1.160781 -4.412666 3.513396 1.886590 4.044128 -0.086855 -3.355832 2.415109 -0.941048
-3.266195 1.015534 -4.244040 3.546634 1.725760 3.905714 -0.186825 -3.353539 2.253615 -1.128179
-3.181802 1.035326 -4.176988 3.416093 1.779065 3.823219 -0.131570 -3.218291 2.259761 -0.939038
-3.364120 1.111172 -4.341305 3.542306 1.754772 4.002472 -0.091971 -3.356310 2.294454 -1.080788
-3.084883 1.106206 -4.255931 3.468524 1.852134 4.031187 -0.132522 -3.264192 2.309609 -0.954361
-2.980175 0.961799 -4.024921 3.225954 1.739363 3.578083 -0.214926 -3.291160 2.159285 -1.053746
-3.304913 1.109746 -4.338652 3.580528 1.808961 4.059833 -0.127517 -3.255482 2.345743 -0.932209
-3.220377 1.098987 -4.320361 3.488292 1.857170 3.990829 -0.103605 -3.327906 2.306768 -0.997060
-3.217386 1.151019 -4.376571 3.578747 1.858748 4.163072 -0.094860 -3.246974 2.346209 -0.923181
-3.379741 1.135079 -4.303504 3.711263 1.701137 4.116718 -0.162231 -3.280159 2.299366 -1.143768
-3.354078 1.142257 -4.347496 3.635324 1.775114 4.059597 -0.077638 -3.288795 2.338210 -0.922965
-3.433799 1.192662 -4.440138 3.671534 1.845155 4.209218 -0.100184 -3.340690 2.402653 -1.016196
-3.300329 1.165667 -4.365772 3.579852 1.800492 4.110618 -0.060762 -3.328459 2.311471 -1.009448
-3.281896 1.137902 -4.296618 3.513057 1.781973 3.955747 -0.059397 -3.246273 2.258830 -0.937982
-3.153338 1.056340 -4.215380 3.456918 1.802880 3.950341 -0.129566 -3.242521 2.284514 -0.983208
-3.212555 1.018007 -4.215326 3.345633 1.817362 3.878859 -0.143905 -3.329069 2.374336 -0.960701
-3.220682 1.081209 -4.328827 3.414382 1.885815 3.909976 -0.140155 -3.373888 2.374993 -0.943535
-3.132033 1.097615 -4.304061 3.581064 1.833728 4.083285 -0.195312 -3.246369 2.318248 -0.995149
-3.119904 1.070396 -4.160367 3.226053 1.787000 3.676314 -0.067421 -3.240463 2.263691 -0.786859
-3.134639 0.988964 -4.085720 3.361282 1.687326 3.604884 -0.157678 -3.280949 2.180526 -0.981389
-3.219410 1.133358 -4.332910 3.607459 1.844154 4.085645 -0.139491 -3.241867 2.317176 -0.993981
-3.212856 1.092387 -4.264669 3.566215 1.840802 4.052030 -0.125083 -3.216931 2.321415 -0.962961
-3.231828 1.113047 -4.309507 3.575159 1.850883 4.065389 -0.131520 -3.270825 2.333485 -1.007011
-3.255939 1.126824 -4.408442 3.483919 1.918273 4.097291 -0.140682 -3.390299 2.399783 -1.010306
-3.233914 1.090127 -4.306118 3.348304 1.833216 3.793036 -0.119928 -3.358942 2.338146 -0.888613
-3.405944 1.120471 -4.306818 3.694765 1.729966 4.011398 -0.187547 -3.336224 2.274760 -1.095025
-3.245448 1.114830 -4.351735 3.368342 1.852467 3.931664 -0.053360 -3.437242 2.350970 -0.998410
-3.362580 1.145396 -4.383615 3.671023 1.837064 4.165175 -0.157293 -3.297304 2.407352 -1.004419
-3.130061 1.139605 -4.272495 3.495896 1.797758 4.136427 -0.095263 -3.280333 2.329930 -1.082802
-3.246787 1.082041 -4.313256 3.620836 1.796355 4.026374 -0.210363 -3.298038 2.301297 -1.088595
-3.176886 1.197211 -4.368167 3.431693 1.917485 4.106382 0.006214 -3.289475 2.400301 -0.863327
-3.257953 1.135855 -4.345285 3.379402 1.851542 3.923725 -0.031384 -3.389406 2.356081 -0.927351
-3.099219 1.094990 -4.262272 3.374849 1.823288 3.925895 -0.087835 -3.344450 2.334893 -1.021594
-3.262574 1.105727 -4.300047 3.567330 1.833354 4.056402 -0.102978 -3.247154 2.330468 -0.997750
-3.170685 1.020547 -4.155034 3.528910 1.721594 3.955267 -0.187921 -3.263148 2.225024 -1.162337
-3.274540 1.101818 -4.309859 3.678124 1.782958 4.122079 -0.152698 -3.257780 2.309770 -1.046343
-3.229959 1.182824 -4.377638 3.603131 1.848948 4.170357 -0.072340 -3.299561 2.348759 -0.980095
-3.227898 1.159482 -4.371109 3.533245 1.895400 4.101720 -0.059174 -3.281873 2.358144 -0.899379
-3.114352 1.046296 -4.182940 3.333524 1.838875 3.754973 -0.181682 -3.332489 2.292307 -1.005016
-3.305496 1.095375 -4.279193 3.604144 1.708582 4.007036 -0.119080 -3.318933 2.216627 -1.099969
-3.272450 1.084465 -4.268575 3.582712 1.693461 4.006507 -0.113391 -3.266473 2.269372 -0.967885
-3.270547 1.163265 -4.370287 3.701853 1.815274 4.281309 -0.084829 -3.281773 2.360366 -0.975903
-3.104126 1.062822 -4.185088 3.430807 1.842382 3.950781 -0.201910 -3.226775 2.339376 -1.008667
-3.271864 1.190438 -4.452640 3.601691 1.881056 4.231556 -0.116555 -3.367155 2.384196 -1.044840
-3.308886 1.189069 -4.480515 3.581728 1.927646 4.201705 -0.108315 -3.347173 2.457383 -0.956746
-3.339386 1.167216 -4.431945 3.618384 1.856393 4.157297 -0.117517 -3.362657 2.371070 -1.068311
