-38.539509 26.587143 9.310662 -16.380220 -6.979035 6.269994 15.957107 27.933607 -13.345843 12.554085
-31.613676 25.456160 6.516651 -12.606470 -5.236758 4.963480 13.746007 24.493704 -9.935560 9.831821
-40.513557 31.340506 9.428831 -17.176975 -6.734280 6.695343 17.807056 32.125088 -12.951128 14.073330
-34.997005 25.891443 7.134082 -13.927725 -5.974989 5.082365 14.995887 28.100258 -10.504070 11.109712
-31.622807 25.810228 7.709907 -12.539610 -5.958084 6.798954 15.612311 26.979029 -11.386583 12.465810
-32.320168 22.740499 7.394207 -14.366114 -6.404908 5.928110 14.340803 24.443159 -11.945490 10.378775
-33.851475 26.448626 8.352964 -13.611527 -5.888526 6.551025 16.279734 28.038034 -11.777998 13.192472
-36.980690 29.340151 9.397702 -14.322706 -5.942786 6.917811 16.498960 30.392046 -11.745796 13.528939
-35.951080 24.642450 7.217736 -14.582374 -6.335172 5.328695 14.362172 26.064285 -11.741265 11.027012
-39.136440 25.697744 8.180062 -16.437584 -6.588438 5.871921 15.808005 28.384460 -12.761897 12.340494
-39.107628 25.039173 8.579370 -16.503357 -6.342414 5.714109 15.431852 28.199423 -12.155805 11.798323
-38.222744 26.031960 9.012552 -15.879560 -7.217233 6.597016 15.961818 29.183512 -12.777643 12.259932
-35.027153 24.772684 7.896924 -14.708685 -5.727059 6.209497 13.980039 26.648180 -11.044965 10.732361
-37.771893 25.142927 8.363727 -15.320213 -5.205080 5.352652 13.958058 27.532049 -10.152948 11.011371
-38.357719 26.298998 8.210891 -15.929846 -5.218283 6.236161 15.322670 28.317503 -11.623500 12.149200
-37.132221 26.327400 8.090777 -14.777657 -5.663110 6.118329 14.936595 28.868183 -11.304817 12.036639
-42.052647 27.444849 10.286308 -17.772524 -8.257352 6.658863 18.170160 31.629559 -14.754772 14.325089
-34.846828 26.053411 7.912269 -14.361900 -6.277070 6.116313 15.146605 26.726662 -12.334514 11.841742
-39.112782 29.673031 9.386245 -16.816000 -6.408601 7.141188 17.239790 31.191084 -12.517877 13.774475
-36.547482 25.228294 8.160462 -15.115314 -6.936121 6.528770 16.105532 28.533957 -12.585110 12.118837
-33.509380 25.595774 8.614483 -13.857785 -6.535515 7.323013 16.388809 28.003328 -12.331707 13.027685
-38.739269 26.934629 9.365031 -16.081099 -7.346507 7.131909 17.035788 29.990576 -13.692419 13.521826
-38.994793 25.755116 8.565148 -16.341736 -6.645094 6.291992 15.429432 28.650457 -12.622632 11.931034
-37.015427 26.503683 7.992574 -14.828503 -6.334991 5.367068 15.185618 27.891148 -11.682723 11.948536
-36.118786 26.965570 7.876389 -14.380707 -6.686801 5.816558 15.242924 27.750647 -11.905302 11.767614
-34.723732 25.976007 7.581654 -13.935381 -5.834066 5.724921 15.100644 27.148167 -11.905003 11.831324
-32.861801 23.954870 7.198725 -13.416215 -6.882801 6.004021 15.491996 26.592039 -12.025373 11.547207
-33.363297 25.099417 8.377240 -14.389719 -6.740447 6.433016 15.358291 26.141470 -12.569307 11.916288
-41.660366 27.995510 9.937340 -17.592230 -7.163016 6.899083 16.597075 30.705189 -13.750278 13.401048
-35.374989 25.597036 8.089622 -14.770062 -6.534977 6.313030 15.962952 27.916008 -12.323606 12.229754
-35.371883 24.383154 7.984310 -14.781340 -5.776028 6.147901 14.406058 27.204634 -10.966493 10.920800
-38.117226 28.241335 10.137067 -15.551719 -8.298825 7.770431 18.881552 31.546303 -14.408957 14.983588
-36.208057 26.667152 8.604309 -14.386651 -6.348484 6.705166 15.777480 28.999853 -11.918835 12.597206
-36.672550 26.991514 8.654327 -14.728343 -6.870107 6.860111 16.419052 29.332348 -12.415684 12.894761
-38.703873 28.916254 9.294965 -16.022869 -6.699837 7.213130 16.953188 30.247643 -12.890259 13.889305
-36.762508 25.730986 8.341671 -15.329674 -6.928466 6.452626 16.309353 28.483797 -12.804391 12.821430
-36.835125 29.554178 9.782996 -15.064064 -6.682436 7.335352 17.364319 30.582090 -12.747343 14.225219
-41.618618 26.903908 9.591439 -17.749237 -6.964370 7.018249 16.615152 30.357611 -13.412623 12.841365
-37.909294 26.950975 8.943035 -15.442399 -6.273978 7.236001 16.495905 29.857412 -12.595481 13.294336
-36.780025 27.198614 7.246345 -14.546118 -5.914667 5.740807 15.954267 29.343340 -11.552835 12.477570
-36.728142 28.367182 9.023664 -14.716972 -6.611778 6.623125 16.414370 29.261572 -12.830067 13.620317
-40.091366 27.181547 9.390847 -16.429283 -7.051630 7.111651 16.575666 29.588709 -13.274224 13.054070
-39.760044 28.257013 9.329154 -16.468632 -6.662071 6.825256 17.432730 31.106276 -12.978477 14.063101
-37.441071 27.938412 8.495723 -15.059380 -4.871292 6.453655 15.623769 29.408609 -11.242588 12.553119
-40.530628 26.833836 9.991597 -17.192299 -8.276506 7.302687 18.056753 31.375486 -14.487703 13.982490
-36.353912 23.515917 7.340608 -15.425514 -4.983603 6.103917 13.792853 26.144804 -10.649862 10.479265
-38.133793 26.287947 8.621066 -15.507624 -6.442740 6.499279 15.670248 29.888136 -12.069002 12.370044
-35.652561 24.971643 8.636032 -15.259575 -6.267568 6.587186 15.015581 26.743734 -12.221276 11.661602
-37.664978 24.824457 7.963853 -15.561992 -6.252506 5.578613 15.233914 28.472591 -11.790834 11.794884
-37.630581 27.717325 8.175406 -15.647539 -7.594413 5.505461 16.913088 29.409004 -12.879522 12.832855
-34.878429 26.952610 8.765089 -14.437689 -5.982317 7.229688 15.759991 28.418413 -11.940820 12.942369
-36.800148 24.929808 8.555871 -15.238485 -6.369571 6.446167 14.856685 27.807449 -11.742256 11.401545
-35.982628 26.291111 9.536551 -15.398945 -7.525568 7.182847 16.818785 28.432264 -13.680260 13.175306
-36.745178 29.149885 10.008019 -15.359095 -7.571725 7.244753 17.481348 29.429237 -13.681860 14.092806
-37.124298 25.569220 8.498451 -15.356751 -7.826140 6.758049 17.062553 28.812140 -13.691805 13.070978
-36.947243 25.270155 8.725933 -15.233828 -6.644966 6.103273 14.675036 27.325491 -12.061296 11.441684
-34.002876 26.799061 8.375664 -13.713313 -6.021301 6.923774 16.334402 27.959459 -11.650566 13.077050
-39.947025 28.451401 9.545386 -16.904463 -8.499514 6.958868 18.670076 31.089010 -14.841488 14.647275
-35.460194 24.925508 8.085790 -14.899603 -6.738109 6.276443 15.670278 27.708153 -12.229311 11.818495
-36.572453 27.538679 8.667141 -14.381735 -5.799151 7.261198 15.869698 29.441772 -11.643187 13.163328
-35.722614 23.864374 7.040166 -14.884086 -6.463819 5.273472 14.490158 24.952925 -11.755721 11.032206
-38.552929 24.890394 8.615925 -16.458561 -5.990078 6.388995 14.776738 27.385244 -11.901484 11.233075
-37.763210 26.309275 8.304716 -15.543631 -6.378361 6.601367 15.461101 28.107038 -12.450882 12.440647
-40.101460 29.157362 9.367022 -16.246422 -6.684045 5.832560 16.399435 30.644377 -12.385411 13.178163
-37.823711 28.608870 9.533511 -15.682713 -7.099316 7.242104 17.484110 30.479122 -13.326990 14.108375
-35.323238 26.362812 8.978830 -14.609078 -6.240052 7.478622 16.262161 29.033520 -12.220282 13.065416
-37.447582 25.353960 8.255619 -15.474273 -6.430337 6.618490 15.866143 28.811420 -12.250336 12.282506
-36.284206 25.325670 8.397474 -14.963289 -5.757271 6.649010 14.827044 27.928108 -11.531517 11.656462
-40.232464 28.374037 9.956340 -16.391640 -7.238973 7.184097 16.942911 30.689068 -13.709171 13.884092
-35.201443 25.037586 8.060917 -15.054878 -7.383543 5.373924 15.082136 26.486578 -12.740572 11.373953
-36.076244 25.601767 8.455651 -15.569933 -7.216094 6.399729 15.419601 26.650934 -13.028279 11.920657
