6.046681 1.448739 0.507349 -7.333878 12.689212 -3.926381 5.462800 3.415275 7.008448 1.691248
3.978844 -11.076752 -4.601977 -2.527398 2.889722 -7.194000 6.881670 2.825123 7.284641 -0.818023
5.385794 -18.059938 -9.262741 -4.342884 2.673794 -10.515082 12.902694 7.628476 -7.821070 3.441952
-5.981948 -2.885634 -7.745983 -4.587795 10.246505 -9.276023 9.361331 5.152409 2.400408 9.089469
-0.842031 -18.095257 -11.990341 -3.604653 4.205423 -11.314924 13.399295 8.179382 -3.259921 7.308001
2.805442 -23.188217 -14.598227 -0.389805 -3.444154 -12.677482 13.325358 7.459577 -10.755632 4.456102
-1.774619 -14.415390 -10.528189 -0.163671 0.363201 -9.455991 8.794447 4.717161 4.130034 4.496826
5.842805 -4.547672 -1.092882 -8.254381 11.457647 -6.415317 9.395801 5.716936 -2.568376 3.105748
1.436664 -17.090046 -10.532694 -1.514198 0.480851 -11.445400 12.590970 4.509463 -12.820096 3.405758
-0.648229 -12.176783 -9.939579 -3.428827 4.539744 -12.348203 12.531184 5.889679 3.261578 5.533652
5.033035 1.652352 1.822917 -7.354302 12.556663 -4.405472 5.908114 2.348496 12.524166 0.626717
4.601477 2.784854 1.941825 -8.425911 14.068646 -5.134929 7.966954 3.356075 1.158402 2.842378
5.566581 -8.453405 -1.970316 -7.961814 10.698396 -7.564115 11.015697 5.931887 2.279971 3.027608
1.884452 -20.636412 -11.806498 -0.964079 -0.301378 -9.732373 10.433815 6.775263 -4.786467 3.646206
0.090357 -8.524586 -2.640610 -5.496302 8.736093 -7.969244 10.312865 4.758330 10.209869 4.773409
4.839877 -8.898909 -1.352034 -8.084624 10.045512 -4.437780 6.516009 6.517814 11.841672 5.418337
4.580384 -15.006930 -9.702059 -5.132319 4.704486 -9.206086 11.313305 8.207620 -8.823559 4.790952
1.152035 -16.447166 -11.355908 -0.908153 -0.378454 -11.848748 12.083167 4.867037 -8.133194 3.311875
-0.579403 -18.156889 -11.882591 0.875615 -2.925735 -12.163907 11.489832 3.773114 -3.673829 2.428553
10.439591 4.353090 1.740451 -13.020401 17.009583 -2.490679 6.750709 6.329921 -5.367870 5.707786
6.585941 -9.787579 -6.862802 -7.444933 7.602084 -9.950730 11.710410 8.987423 1.248255 4.375924
0.875708 -12.605650 -7.844646 -3.319772 3.959352 -8.611956 8.413084 5.492148 8.196635 3.409117
2.459393 -18.268593 -11.759879 -2.566847 0.760119 -12.284707 13.393390 7.681458 -5.603719 4.730028
1.795622 4.239560 -1.340147 -6.880243 12.602391 -4.910459 5.146827 1.974438 -0.179652 5.699217
7.426476 2.858281 0.862227 -10.105883 14.725068 -6.012857 8.776689 5.998004 0.666253 3.685237
4.683880 -19.234835 -7.968996 -1.706814 -0.159984 -8.121617 9.711212 5.178666 -2.845060 1.406561
-0.411610 -12.402590 -8.128826 -2.422959 4.465611 -9.587148 10.023056 4.683188 2.786396 3.146568
-7.725029 9.687775 -3.143541 -0.181026 -1.118810 -6.495812 1.982288 0.421862 41.414131 7.199858
0.769492 -13.892943 -10.481436 -1.875827 -0.322417 -8.881843 7.505231 6.486486 9.070556 3.871637
2.941796 -23.820963 -14.828775 0.553642 -4.851632 -13.131021 13.589464 6.830199 -11.050970 4.015799
2.332301 -4.031400 -3.720180 -7.010878 10.927110 -10.247704 12.477561 6.001100 4.210761 4.384422
1.352504 -14.429795 -9.870313 -3.978243 3.136042 -11.551539 11.839724 7.528623 5.099389 5.775722
0.742378 -24.369083 -14.592174 0.277079 -3.610576 -11.665977 12.596923 8.116701 -6.457646 5.743043
1.263123 -18.414637 -12.980811 1.542709 -4.550929 -11.998297 10.460986 3.956072 -6.911960 2.035223
-1.254292 -12.329380 -8.750763 3.316870 -3.696495 -9.308260 7.219501 -0.129901 -3.829440 -1.287134
3.695329 -13.017414 -4.455185 -3.807263 4.318477 -8.382992 10.042012 4.186723 2.616427 0.370896
6.326591 -8.457575 -1.513440 -8.773582 9.896258 -6.669752 11.648894 5.590130 -14.466252 2.326084
0.409224 -1.689420 -1.059915 -9.064197 16.574326 -3.095401 3.975256 3.443124 -4.587910 6.789674
3.107946 2.483749 2.311639 -7.931304 12.556779 -5.631989 9.242779 3.781072 4.658492 2.983693
1.379026 -23.361004 -14.327738 1.013381 -5.277937 -11.428864 11.373902 6.999948 -4.010541 4.128135
1.809612 -10.249117 -5.174086 -3.226241 5.626118 -8.155774 9.358588 3.933579 1.486359 1.421421
-5.986336 -6.690242 -5.886028 1.545042 2.225675 -4.519474 3.664945 -0.114476 3.614024 1.170479
-0.544474 -9.930197 -4.415833 -3.617899 3.210795 -10.140525 11.354140 5.425908 14.858191 6.840645
3.268398 -10.050709 -4.617398 -3.792560 2.477185 -7.733645 7.351972 4.996540 16.738771 3.167420
-1.662627 -14.668695 -11.404533 -0.652036 0.278287 -11.055879 10.190879 5.747923 5.498429 4.918017
4.183088 -16.901848 -9.311004 -4.025910 3.015661 -8.108159 8.907365 7.310001 1.138793 3.419437
3.970664 -19.862883 -13.878216 -1.111758 -2.393870 -11.354527 10.876650 7.484376 -5.543162 3.872233
-0.807621 -3.784430 -1.280374 -3.662628 9.380806 -3.100129 4.199214 1.609191 1.784604 3.456521
1.111657 -13.065793 -7.497385 -6.974006 10.497903 -7.449060 11.833436 7.807325 -10.699944 5.880452
2.648520 -9.051548 -2.950262 -5.218307 7.378458 -7.499924 9.192044 4.901850 8.806545 3.747716
3.157986 -23.211018 -14.214263 0.870934 -5.869833 -12.310748 12.310369 6.532495 -6.355889 3.179523
4.717136 0.653441 2.598487 -7.196923 11.581357 -4.726543 7.531922 3.511281 8.807454 3.147223
1.143719 -16.768124 -11.596148 -2.112753 1.775488 -11.073722 11.511447 7.710220 -3.685884 4.897241
-3.487016 -8.267971 -6.708425 -0.517902 3.978316 -8.412870 7.114012 1.094368 0.300453 0.669676
1.233809 -5.424617 -2.692679 -2.320531 5.515527 -7.099573 8.309466 1.478405 2.780744 0.961319
0.797446 -6.362838 -0.983998 -6.416603 8.999501 -8.822749 12.632708 5.472875 10.060922 6.674725
2.311026 -2.845587 -4.867328 -4.702680 10.194926 -7.708998 7.962114 3.782763 -1.649135 1.934932
2.567298 -5.843394 -1.933435 -6.271325 11.131007 -5.536412 6.673631 2.978693 7.792087 0.646496
-0.597015 -6.066385 -3.440422 -2.876956 6.669662 -8.089462 8.489488 1.481389 5.546145 2.029097
5.663748 -11.720804 -6.444293 -4.576570 4.033246 -9.851368 11.287991 6.086241 -3.468786 2.002063
1.314272 -10.265507 -6.673571 -2.034853 3.937471 -7.447920 8.291568 2.857820 -9.689934 1.821850
-1.617151 -13.699088 -9.021247 -0.307145 0.984738 -7.715254 6.953241 3.101477 0.231182 1.437084
4.117208 -25.740335 -14.050619 -0.047924 -4.375190 -11.259946 12.214395 7.900670 -10.047915 4.461122
1.682485 -16.312778 -8.620588 -3.380531 3.787282 -9.639820 11.714896 6.246366 -3.929914 4.021385
0.731525 -18.816025 -11.403210 0.390047 -3.455569 -10.857176 10.078303 5.513180 4.841090 3.182540
2.159496 -23.822592 -14.160671 2.335962 -7.684042 -11.487672 10.857366 5.975929 -1.943351 2.570977
3.836943 1.570603 2.344128 -8.140690 13.044671 -3.733122 5.645295 2.179261 7.104926 4.454228
0.332582 -16.269180 -7.097551 -0.999964 1.061779 -8.073767 8.239483 3.186268 0.591708 1.212356
