13.461172 -0.939875 -2.246455 1.892846 -10.414701 -15.202487 -12.966720 -2.916470 2.591491 10.670370
9.427355 10.233072 -1.145143 2.840689 -9.297781 -14.418447 -12.475154 -2.848533 3.690403 9.367339
-0.762984 7.080243 11.058023 14.683204 -7.523192 3.090336 -9.174146 -17.193302 10.671820 -1.656905
1.988379 1.141862 8.715156 12.155829 -7.445506 -2.680847 -8.923064 -14.321472 8.299326 -0.535727
-3.087110 2.059149 9.681309 14.536278 -5.636479 5.651991 -12.072945 -18.171120 13.013495 0.835255
5.786771 10.681707 3.859621 3.975657 -8.791339 -4.206501 -9.449651 -5.771855 3.652606 3.489994
-2.776598 -3.660332 6.887920 12.267898 -2.780955 -4.028692 -12.047201 -16.092972 11.716020 1.135572
-1.945228 9.153677 9.715631 13.695310 -6.362695 1.690126 -9.358411 -16.064999 11.474440 -1.527451
4.022006 6.580520 3.006105 8.625346 -9.099774 -2.249352 -14.666583 -9.878969 10.466940 7.928225
6.969912 1.903823 7.238282 11.710004 -11.451785 -4.685797 -7.816752 -11.884695 6.621517 0.488359
-1.189281 4.082402 3.854501 5.163637 0.227302 -13.780320 -18.558439 -11.628481 9.801929 6.928894
-1.610651 0.737890 7.077239 13.468526 -5.314620 -2.906117 -11.149285 -15.563568 12.287958 1.109535
1.906354 5.336730 5.083628 9.500196 -6.809062 -3.302015 -14.089771 -12.347177 10.718870 4.605445
-4.029721 -7.872053 2.799766 10.598801 -2.577632 8.576427 -21.539364 -17.160671 17.196861 11.674476
8.652794 2.694446 -4.248109 0.447292 -5.043457 -20.604563 -13.800038 -1.386644 2.819534 11.327533
-0.371895 0.350159 2.344329 10.092105 -6.599773 6.907979 -17.346434 -13.406236 14.619844 9.532123
-8.061609 -2.229184 9.117134 15.363992 -1.808138 8.271844 -15.436420 -20.927027 16.905363 2.407164
-9.267401 -6.607922 11.658026 18.961718 -1.757748 4.291455 -12.930106 -23.936050 17.412878 -1.130527
9.066631 7.090708 0.034646 3.400846 -9.903076 -8.439170 -12.306184 -3.982608 4.570480 8.603811
-3.671111 5.832891 13.175533 16.807140 -5.975861 2.210956 -8.494857 -20.006153 11.985703 -4.193279
12.487714 -0.617932 1.378005 3.923163 -11.345286 -13.193049 -12.782790 -5.627685 3.089672 8.069320
-5.132202 1.576507 13.702326 18.610973 -5.510569 5.616792 -10.296439 -22.731480 13.857511 -3.110278
-7.133659 9.013456 12.123249 15.254796 -2.581842 3.854869 -11.256998 -20.052874 13.843572 -3.282858
7.982597 1.603693 4.924344 7.651567 -10.561325 -6.209846 -8.162849 -8.330613 3.614877 1.484570
11.365146 11.548365 -4.223688 -2.312459 -9.589644 -11.200403 -9.391289 3.048250 -1.304086 9.857141
3.460217 -0.978107 9.034307 13.006886 -8.528663 -2.403007 -10.863416 -15.563303 8.798241 0.394499
-8.091631 -1.982695 4.658631 13.439395 -0.935759 9.855018 -19.734901 -19.226444 20.370035 8.543746
13.974616 -10.207120 -20.243240 -7.772497 -6.387255 -14.639749 -21.202299 8.423211 -1.099116 29.920256
9.613261 1.277219 5.645037 9.427239 -12.368371 -6.821284 -9.251390 -9.730511 5.299824 2.653003
9.708036 7.312992 -0.430260 3.259794 -10.490964 -9.873542 -12.537137 -3.497139 4.178796 9.691128
3.016975 -0.599638 5.877319 12.346777 -8.557912 -2.353813 -12.154779 -13.768879 11.168322 3.753826
11.151434 -8.674088 3.274179 6.148772 -10.224448 -5.219531 -11.975363 -8.572948 4.168336 6.335022
-17.062447 0.793458 22.820539 29.492752 -3.750432 18.930433 -18.234755 -37.367176 25.719049 -3.454068
11.884016 -2.578514 6.159389 7.813843 -12.867763 -8.895532 -8.299376 -9.083572 2.452157 1.032170
-4.087587 -1.886690 10.985761 15.073781 -3.531794 -2.217365 -8.071833 -18.405590 10.242277 -4.411025
6.689044 7.180535 6.910134 9.129642 -11.310799 -5.213840 -6.012272 -9.044720 4.032088 -0.704704
6.489494 4.473658 -1.166378 4.465619 -7.675399 -10.569041 -16.576315 -6.278428 8.193619 11.950231
-2.781877 11.802004 4.250319 5.495197 -3.063236 4.061597 -17.721136 -11.408114 11.700334 6.847259
3.964245 13.668858 -2.092202 -0.855860 -6.288325 -2.626800 -11.968742 -0.943141 4.347869 9.873673
4.536870 -6.013624 2.368745 8.833450 -6.789263 -8.042509 -11.537688 -10.052418 8.581553 5.714698
-1.187213 18.423630 8.325859 7.582728 -5.540026 -0.947078 -8.398582 -10.116202 7.490120 -0.667573
5.507029 12.253147 4.741578 5.210120 -8.941947 -3.399692 -2.919733 -4.633586 1.005637 -1.684795
13.600014 2.094473 -1.871894 3.544616 -12.272605 -14.565327 -12.697493 -3.065911 3.347255 10.528474
-1.684466 2.099371 4.355876 12.071134 -6.732210 8.010135 -16.903772 -15.113545 15.616520 7.844846
10.703728 0.774653 -3.595664 0.237987 -10.109646 -2.751549 -14.672224 -2.019431 3.632003 13.684579
-8.520436 -6.970653 13.615911 20.698671 -3.222004 8.966580 -13.750106 -25.957180 18.006943 -0.861648
-3.473366 7.971500 12.542973 11.949872 -4.025550 -0.792689 -7.451332 -16.580111 7.470971 -6.024430
-0.475036 0.381952 13.401888 15.437458 -9.077553 10.269810 -7.026261 -17.934544 7.634223 -3.385436
-1.099649 6.829373 6.641430 8.237870 -4.985034 4.165073 -11.712639 -12.170325 8.729077 1.842116
5.883961 4.075133 3.384431 5.464154 -8.698009 1.162771 -12.674185 -8.156498 6.019259 6.213879
2.355189 -21.511080 -1.177867 5.681663 -2.325991 -1.441159 -21.096697 -13.501061 10.787173 14.314963
1.769744 3.736163 8.967768 13.434457 -8.501284 2.910947 -8.722966 -15.135456 9.570623 -0.101178
-6.403953 -2.008467 7.368886 14.653975 -2.152958 1.128054 -13.892668 -18.815601 15.943647 2.205261
-1.941576 2.268660 5.789139 11.202579 -3.520882 -3.618748 -14.582010 -14.824533 13.231571 3.814429
3.000456 -2.684573 -5.767285 -1.829760 0.792170 -13.909965 -16.882067 -2.643151 4.507248 13.466786
6.822127 0.544203 1.958865 8.496194 -11.351683 0.524448 -16.405773 -10.147950 10.155849 10.705693
4.489857 -14.378473 -1.787471 6.235265 -6.643705 1.279286 -20.275219 -11.298108 11.445351 15.842948
8.000278 -0.863181 3.258892 7.664217 -10.053222 -6.489968 -8.926201 -7.717361 5.014301 3.936461
-2.470788 -9.296942 7.077116 13.720702 -3.487043 -3.944358 -11.656048 -17.338192 11.912550 1.042243
10.571768 5.229680 -4.217641 0.809847 -8.334096 -17.958328 -16.247364 -1.555033 3.934931 14.396854
-4.514681 10.240266 3.730243 7.215457 -1.509126 3.269882 -12.714494 -10.435821 12.168412 4.031621
-2.614934 7.668205 9.632160 9.730342 -3.618497 -1.186928 -7.532952 -13.203939 7.073914 -3.919163
-10.906444 -11.413662 20.634283 25.918562 -5.631164 11.085367 -13.096300 -32.597683 17.577719 -5.460815
-9.130957 -5.147421 14.468431 19.679605 -2.887809 8.008811 -12.294383 -25.106407 15.610920 -2.861554
-12.130505 -12.991009 11.196102 19.424568 -0.863860 19.353043 -18.882622 -26.791664 20.841808 4.244244
3.162026 -18.879372 4.102215 10.419876 -4.229473 -14.428185 -12.738194 -14.696748 8.538786 3.412742
9.411993 -8.103006 4.103857 6.673481 -8.692506 -13.148732 -9.431507 -9.225639 3.254371 2.198364
15.734533 -0.922250 -0.521286 0.378625 -11.700000 -15.602023 -8.731589 -1.442960 -1.702857 5.540988
