3.208965 2.985963 -5.297224 0.265856 -1.166338 -10.503500 9.049723 -5.743114 -6.369985 -3.107000
1.220522 -1.616637 -3.268110 5.301434 1.681245 -4.205383 13.086594 -5.648942 -3.405375 -9.659838
-4.635072 10.805471 -11.201598 7.036315 -13.693774 2.273558 2.518836 -9.991895 -14.081774 -7.902399
-5.235425 10.182284 -11.267265 0.726581 -13.490095 0.663083 -2.392753 -10.078049 -11.509616 -3.422904
2.066940 10.616995 -3.944435 7.418228 -15.830716 -0.895922 -0.320844 -2.965126 -11.314322 -6.702369
1.001555 3.508050 -11.028619 1.451165 0.217556 -0.645726 8.313021 -7.766459 -9.245148 -7.264161
0.421172 5.661930 9.833100 12.200187 -14.973950 -3.847252 -0.061486 2.769610 -9.962622 -1.084960
-6.241288 8.730487 -2.075091 12.893736 -5.961526 0.221783 1.734367 -8.413311 -16.568228 -7.676257
3.363264 6.577241 1.056815 8.496314 -5.003184 -14.326141 -2.388336 -1.854931 -7.768473 -7.308317
-6.142947 6.985711 -4.903786 10.212968 -4.422863 -4.728877 4.103982 -10.098608 -15.510522 -2.783064
10.533785 -2.804142 -0.695002 -4.088923 -0.430676 -3.305622 15.363776 0.030165 -1.714385 -0.545629
-7.722038 6.956533 0.461487 11.336858 -12.480079 -7.069240 2.235606 -6.233878 -11.594313 -4.045911
4.971198 5.054197 4.523360 9.743968 -9.068400 -6.107979 6.952423 -1.410208 -11.599593 -4.377600
13.722276 11.054424 6.361917 4.511552 -13.202226 -8.297689 -6.925162 7.680508 -9.153776 -0.592684
3.647156 -1.018085 7.983807 8.608851 3.835013 -8.321713 8.541447 0.209215 -2.912864 -7.283886
3.926908 13.520846 -0.128499 6.707377 -10.402116 -11.961700 -8.523887 -0.348993 -11.484570 -2.679880
2.074984 11.571346 1.442180 8.354376 -19.009449 -2.839778 -2.942884 1.579610 -11.847692 -2.609134
-14.221003 8.451641 5.050245 8.855187 -23.544399 -8.492455 -0.859332 -2.243810 -12.018299 4.290099
2.919158 2.699208 -4.835437 3.072066 3.371033 -7.717965 8.017350 -3.753422 -4.185832 -7.253430
-5.422926 12.061769 -14.225805 4.683351 -14.567814 2.947149 3.281752 -12.870258 -17.005219 -7.470409
11.266860 2.319723 0.004188 0.610737 -5.068335 -8.871572 7.727458 0.427490 -5.699291 -2.861594
-5.102216 14.151095 -8.799900 8.877541 -20.830582 0.877810 -0.897942 -7.445447 -18.589895 -3.770004
-4.280384 7.366203 -2.695498 11.184976 -15.694304 7.094743 7.095478 -7.644951 -17.815306 -4.420919
-0.383395 5.696467 -11.061150 1.539699 3.701720 -7.836881 1.024735 -6.949947 -4.539436 -10.334144
0.733309 0.361783 -5.348366 4.960167 6.937087 -4.801891 8.668648 -4.276443 -2.079633 -11.294906
3.888097 7.550784 0.079437 5.852646 -19.809267 5.121598 4.401886 -1.088535 -15.752426 4.386567
1.024359 14.527957 0.785883 5.287480 -18.879845 -12.397931 -11.500249 0.605398 -11.680086 -0.714375
7.083112 4.324772 -2.575978 3.260507 4.590068 -10.548024 2.604998 0.236751 -1.580987 -9.736023
-1.995394 6.061323 -9.137499 4.448798 -5.099516 -6.407306 5.506320 -11.000469 -12.703172 -4.514466
2.136177 0.658754 -2.018468 5.085173 2.912161 -7.611948 8.986213 -3.980945 -3.846327 -7.567849
1.688526 6.137119 2.341546 7.364249 -7.095720 -12.370774 -0.309273 -3.186159 -9.293070 -5.092860
9.993315 7.679332 -14.425701 -6.863085 -8.789057 -6.455307 3.039099 -4.299486 -6.512329 -0.962850
-22.275375 19.412884 -2.937552 12.692292 -37.842415 16.130735 -9.444694 0.401578 -22.759773 1.363250
6.444325 3.924654 -12.533980 -3.202300 -5.720622 1.458078 8.964901 -5.317054 -7.507928 -2.204692
-7.693105 -1.607695 11.530635 10.007960 -13.281280 5.439415 3.355746 3.726542 -1.288043 -0.530241
-5.342502 3.331745 -9.195477 6.608875 3.011911 -1.631870 8.878494 -9.141300 -8.399290 -9.952727
0.644330 0.329685 1.144237 6.233745 2.373021 -12.302783 10.803833 -3.994060 -5.013069 -5.545823
16.386806 2.827203 2.227657 2.228845 -3.635921 2.914274 7.301451 4.653564 -9.117767 -1.401525
3.663602 2.185846 -4.490561 3.424856 4.815197 -3.997634 6.244601 -2.004530 -2.533760 -9.621211
-6.629009 2.224915 2.464070 2.299881 -10.021236 -14.256788 2.156560 -4.666523 -3.763299 2.042063
-10.795068 6.224720 -18.497097 -4.470330 -9.442871 7.580832 6.349885 -5.850760 2.447369 -4.860310
-0.897161 -0.533227 -5.087308 6.619253 -2.325241 4.091289 11.735975 -6.713879 -7.342044 -9.989964
-9.846477 2.153488 -13.361340 2.656512 1.977141 0.789169 8.872299 -9.570638 -3.671899 -9.681991
-1.214132 3.756603 1.582325 9.580346 3.780412 -15.157350 5.492379 -6.135580 -9.917776 -4.759285
4.001144 12.321375 -4.633580 8.661263 -9.203820 -6.768777 -4.425216 -1.910877 -11.269678 -7.790238
8.306197 4.167926 -4.196027 1.865725 3.765506 -7.542284 2.250960 0.656803 -1.038635 -7.842104
-4.882060 13.741592 -0.905495 8.855386 -23.171711 -0.396324 -3.198346 -2.608698 -16.916945 -0.110988
-3.293608 1.731505 -2.587929 6.895661 -11.460834 14.602920 10.813377 -5.553659 -14.218307 -2.815606
-0.211612 12.280322 -19.160278 -5.619108 -12.428762 0.365406 -2.310509 -5.918504 -6.880580 -1.631111
5.095408 6.305742 0.230441 8.299964 -1.631094 1.626031 1.754181 1.494764 -7.242760 -6.776857
12.519425 5.490828 -5.300478 0.302545 -1.563574 -2.599396 2.570958 0.379642 -5.441574 -4.876098
12.008255 1.269955 -9.611256 -7.382950 -2.842239 3.163701 6.590621 -1.271718 -3.198392 -0.467474
-2.908099 11.187948 -8.644303 4.223887 -7.968417 -4.704478 -2.107440 -9.613888 -13.386543 -4.871048
-2.588290 6.670095 11.680077 15.928606 -16.701906 -4.438322 -2.106597 3.197421 -11.688084 -1.653518
6.807219 5.041713 -4.209250 0.200163 -0.717671 -13.481059 0.406752 -2.272855 -4.199524 -4.791844
9.394146 -2.899115 12.328960 3.582762 1.512120 -7.624628 8.423676 6.426640 3.627518 -2.480319
7.830990 10.151280 -5.709587 4.021520 -7.460592 -14.401683 -2.068959 -3.359192 -10.756741 -4.735620
13.471705 11.836452 -3.891633 -0.497962 -12.306404 -6.277386 -5.961297 3.511119 -8.076698 -1.668453
-6.526288 7.221701 3.387294 12.093667 -13.183703 -2.789108 0.815128 -0.966782 -9.529577 -3.894562
3.648826 -0.641164 6.254861 7.436824 3.165366 -11.840596 8.080195 -0.564127 -2.740379 -6.460997
-3.825737 2.221186 4.509375 5.681819 -11.502212 1.566858 2.417088 -1.674414 -5.334234 -1.737643
-8.665813 4.031743 4.548913 11.364747 -12.495878 4.293065 4.026840 -0.653601 -5.555707 -4.767985
-21.775105 17.873018 -4.266063 14.150235 -35.160023 16.983667 -5.830268 -1.066003 -21.957432 -0.815435
-11.918044 13.182909 -1.551988 9.541259 -26.659901 6.659217 -3.858668 1.053355 -12.957392 -0.233646
-4.682621 24.359081 -1.308290 5.028399 -30.512180 2.705158 -20.677807 9.535748 -13.163255 3.491909
-1.697807 0.739014 10.301204 2.404493 -17.570339 -13.815124 7.168068 -1.926511 -8.200436 8.592127
2.388592 3.003986 -2.113701 2.477616 -2.346105 -0.865578 5.097598 -5.455731 -12.151148 4.033737
0.671313 2.542602 -7.771605 -0.400911 2.298160 -4.172263 11.061768 -6.388108 -5.900081 -4.268964
