-2.053786 31.812656 8.954801 -2.221006 -7.988645 2.500603 0.671938 -6.653253 -9.645775 -5.831158
-1.883154 31.511015 9.049070 -2.038927 -7.723015 2.420910 0.620578 -6.646542 -9.673260 -5.704093
-29.605829 45.715107 -6.073848 -24.197287 1.391405 29.007040 -20.316336 -28.479057 5.627748 7.640517
-21.313002 40.712921 -1.808654 -17.754421 -1.948925 21.193384 -13.570662 -21.104935 1.595501 3.175821
-32.984188 48.624996 -7.382757 -27.816753 1.235968 32.791824 -22.612558 -31.191238 6.788856 7.963278
-1.950278 31.573868 9.604828 -2.262515 -8.375331 2.283236 1.042382 -6.529551 -9.835309 -6.608100
-36.958893 50.562210 -9.433578 -31.445971 2.980828 36.754353 -25.953135 -34.775074 8.518517 9.456422
-23.014912 41.914616 -2.389071 -18.687958 -1.202242 22.486259 -15.170788 -23.870968 2.153860 4.429093
-2.523645 32.047306 8.601190 -2.321168 -7.543167 3.092335 0.257221 -6.903201 -8.887436 -4.842511
-20.080105 40.940826 -0.982030 -16.381935 -1.392572 19.509144 -12.971458 -20.470165 0.643563 2.921453
-1.856160 30.559340 9.637743 -2.316310 -8.506376 2.173809 1.217770 -6.105566 -9.639346 -6.981375
-30.866306 47.297180 -6.122260 -25.925323 0.932730 30.194292 -21.174366 -29.760738 5.619783 6.496626
-28.900558 46.538574 -5.742125 -24.855721 0.057739 28.826483 -19.571159 -28.521242 4.272180 5.764445
-33.167606 48.145672 -8.195879 -28.863911 1.247016 33.639786 -22.850594 -30.930490 6.685322 8.116485
-1.893775 31.128811 9.516747 -2.163252 -8.251672 2.368511 0.927188 -6.422007 -9.754107 -6.503222
-26.494856 46.259174 -4.280493 -22.480373 -0.568967 26.786119 -17.726187 -25.920877 3.356058 5.371019
-37.323711 49.914749 -10.135576 -31.711470 3.300992 37.247417 -26.081045 -34.496181 9.333117 10.312566
-36.509617 47.194016 -9.628688 -30.921629 3.513471 36.042820 -25.464815 -33.090218 9.186917 9.329535
-1.941942 31.024240 9.267103 -2.194755 -7.933580 2.248489 0.975512 -6.323632 -9.532579 -6.218882
-15.037620 37.493122 1.391996 -12.186151 -3.054550 14.899185 -9.027353 -16.477810 -1.507947 1.119742
-2.859235 32.278175 8.821654 -2.754813 -8.074035 3.078695 0.513853 -6.853566 -9.026937 -5.573761
-36.376095 48.513344 -9.782064 -30.128653 3.455916 35.828373 -25.229303 -33.271160 9.228922 10.506886
-33.439693 47.257450 -8.141990 -27.560474 2.592237 32.806110 -23.229574 -31.777504 7.370875 9.006894
-1.791462 31.019684 9.022028 -1.902965 -7.462900 2.305189 0.765110 -6.480223 -9.614210 -5.954589
-1.773677 30.910257 9.243330 -2.081983 -7.864929 2.184707 1.003557 -6.362103 -9.665645 -6.389120
-31.895134 47.204460 -7.346750 -26.728983 2.131624 31.641966 -21.966114 -30.203678 6.616726 8.363144
-36.421871 48.530117 -9.719206 -31.099796 2.646441 36.271740 -24.843018 -32.832619 9.115908 9.589437
-1.725302 30.277925 8.898668 -1.932125 -7.386972 2.189898 0.713190 -6.357100 -9.456835 -5.921213
-11.889845 37.842804 2.976510 -9.682502 -4.459857 11.884748 -6.473904 -13.980552 -3.883125 -0.162260
-1.898781 31.485970 9.295032 -2.164609 -7.983562 2.291657 0.883925 -6.557244 -9.694181 -6.200074
-13.850069 39.587849 2.734301 -11.572981 -4.556654 14.029650 -8.023303 -15.858422 -3.047797 -0.432593
-3.513803 32.350693 7.391741 -3.025116 -7.059471 3.958658 -0.463130 -7.379121 -8.271900 -4.278351
-45.966297 54.594429 -15.077068 -37.804535 7.797897 45.005600 -32.686710 -40.966663 14.545944 16.478935
-3.142687 32.756569 7.731788 -2.880685 -7.268958 3.477314 -0.043967 -7.334126 -8.499530 -4.425752
-29.892937 46.298145 -5.908555 -25.404444 0.636886 29.926527 -20.892971 -29.586946 5.031475 5.933522
-2.172940 31.123320 8.472475 -2.033421 -7.048609 2.411566 0.566049 -6.614370 -8.952152 -4.955407
-2.002905 31.660692 9.425650 -2.226030 -8.332576 2.448920 0.906817 -6.512683 -9.657185 -6.186138
-3.725251 29.734478 8.069139 -3.490211 -7.523577 3.310628 0.413791 -6.769224 -7.505602 -5.231003
-1.859987 31.590509 9.506134 -2.109818 -8.075018 2.246055 1.000985 -6.553112 -9.820053 -6.388164
-16.833397 38.792683 0.953006 -14.404365 -4.242825 17.102753 -9.815512 -17.460560 -1.310530 0.488643
-1.755417 31.061808 8.629677 -1.922224 -7.245448 2.153259 0.779927 -6.475806 -9.625454 -5.753475
-4.498645 32.509033 7.253995 -3.621046 -6.497466 4.383495 -0.971062 -8.534509 -7.444339 -3.579867
-1.769785 31.024626 8.647865 -1.985629 -7.456509 2.036454 0.927510 -6.565096 -9.516585 -5.676851
-1.888091 31.863972 9.048073 -1.886344 -8.116066 2.562724 0.718421 -6.672335 -9.565426 -5.476429
-28.638229 46.776051 -5.515494 -23.880051 0.260464 28.368032 -19.287786 -27.349443 4.818736 6.878936
-1.827468 31.036997 8.881698 -1.944431 -7.324598 2.276163 0.579213 -6.523412 -9.553967 -5.631518
-40.192017 50.180843 -12.150112 -33.901562 5.112704 40.123699 -28.491571 -36.366825 11.263083 12.304017
-21.274113 41.100002 -1.409575 -17.772707 -1.872128 20.852083 -13.578754 -22.342838 1.136897 2.791279
-19.759645 42.039959 -0.492528 -16.022957 -2.322301 19.502525 -12.196682 -19.817947 0.446580 2.868432
-2.109824 31.703051 9.064307 -2.166396 -7.719141 2.427012 0.843547 -6.559534 -9.277472 -5.715064
-5.122512 34.286190 7.839880 -4.185328 -7.389098 5.186817 -0.874730 -8.224906 -7.467306 -4.151340
-2.014918 31.111595 9.278906 -2.188458 -7.999648 2.254356 0.962516 -6.323816 -9.634584 -6.329772
-14.517716 37.972012 2.188832 -11.732076 -3.947989 14.335249 -8.260760 -15.552219 -2.202500 0.203319
-37.470028 50.786995 -9.913521 -32.029743 3.247131 37.491997 -26.606489 -35.304371 8.837214 9.728261
-1.748330 31.348558 8.942373 -1.853683 -7.583136 2.459634 0.508070 -6.682197 -9.705238 -5.620791
-1.890652 30.421423 9.485074 -2.172539 -7.937403 2.284516 0.973211 -6.086980 -9.497927 -6.558239
-18.171711 42.714653 0.357830 -15.001110 -3.094599 18.040337 -11.286846 -18.759571 -1.381495 1.945812
-15.366983 40.725025 1.974179 -13.076787 -4.260565 15.801884 -9.049302 -16.486710 -2.461157 0.398501
-33.422485 47.818573 -7.688449 -28.209259 2.194827 32.980148 -23.217575 -31.852978 7.032972 7.828049
-1.834299 31.181631 9.385281 -2.042605 -8.163055 2.431277 0.810363 -6.463679 -9.699211 -6.141291
-12.192318 38.382923 3.708089 -10.314602 -5.368193 12.567879 -6.455329 -15.253202 -3.941807 -1.347555
-20.730038 40.830498 -0.710923 -17.492397 -1.956707 20.780428 -13.502468 -21.217392 0.822660 1.824949
-45.672321 54.935734 -14.258177 -37.330402 7.944232 44.071323 -32.206577 -40.972851 13.812592 15.939559
-39.046085 49.643963 -10.974800 -32.649731 4.817515 38.435314 -27.315104 -35.098000 10.598022 11.387935
-41.601566 51.174389 -12.837341 -34.781818 4.978181 41.368557 -29.216089 -36.563747 12.338768 13.475125
-14.378591 37.219463 1.738744 -12.541173 -4.268807 15.132790 -8.503988 -16.154499 -2.482502 -0.145201
-2.831363 32.322636 8.394095 -2.647842 -7.935133 3.056063 0.507998 -6.877694 -8.830074 -5.236075
-1.800315 31.118612 9.075434 -2.128126 -7.946055 2.159361 1.001802 -6.419027 -9.750840 -6.300673
