-2.692149 6.589348 1.943395 8.421252 -7.196469 13.581192 9.001587 -11.363417 -6.356067 -5.809229
-2.156047 4.902211 1.768187 7.645564 -5.905422 9.197124 16.168455 -10.517496 -6.052410 -9.194616
-13.697739 -4.283151 11.313465 13.435720 -14.739470 -5.179122 16.711172 -7.868348 -7.693435 -21.592924
-11.062912 -1.457173 9.064289 12.063703 -13.234958 -1.587535 15.477064 -8.325302 -7.442601 -17.948671
-15.234536 -4.025070 13.057948 15.110316 -16.844116 -3.705189 12.086330 -9.574316 -8.915406 -20.600296
-4.008477 0.524744 1.881088 7.870918 -6.082961 5.813412 16.522440 -7.704916 -5.125822 -8.812373
-13.163897 -2.052337 12.297894 14.075257 -14.768233 -1.790936 7.584589 -9.910897 -8.623612 -17.792845
-12.838857 -4.131197 11.081326 12.846427 -13.146433 -5.398351 17.115791 -8.001637 -7.888539 -21.224133
-8.979052 1.260461 7.896210 12.547896 -12.106303 5.660122 10.238629 -11.644553 -8.099447 -13.013893
-8.485968 2.402811 6.492319 10.307279 -11.687846 1.760522 16.066200 -8.563653 -6.288232 -15.696237
-9.690606 -3.059998 9.106603 13.375410 -10.683504 5.150810 7.671254 -10.928432 -9.277701 -11.548340
-12.625792 -1.522108 11.832004 14.309445 -14.550677 -1.334642 12.296751 -10.980184 -8.443704 -19.189356
-10.098357 -1.137248 9.122763 13.665948 -12.594275 3.900145 12.090447 -11.412363 -8.407516 -14.462312
-17.618561 -4.920938 15.397862 19.385149 -18.953236 3.852986 -3.338710 -11.153943 -11.128335 -12.432768
-2.255579 5.617374 2.234851 8.061299 -5.309495 12.891420 5.933619 -10.767943 -6.082362 -4.904587
-14.212507 -4.107711 12.285273 16.421204 -14.993224 2.494013 1.986761 -10.380152 -9.035090 -13.396771
-17.871294 -6.848275 16.340967 17.770863 -17.984791 -4.366876 4.450163 -9.783651 -10.334172 -20.168869
-19.068615 -6.347881 17.590408 17.944588 -18.817608 -9.141876 6.671660 -9.951548 -9.908765 -25.981756
-3.650033 4.291938 2.097963 7.910142 -7.067133 9.238367 12.459276 -9.325606 -5.559192 -7.878251
-15.563081 -6.057757 13.916027 14.300726 -15.496140 -8.970744 17.949881 -7.822072 -8.690361 -25.432644
-5.138168 4.689610 3.223770 9.608321 -9.946097 11.019011 11.852869 -11.166943 -7.088408 -8.060003
-18.661516 -7.054634 16.160303 16.474308 -18.812862 -10.044712 14.716237 -8.413502 -9.557765 -26.685640
-16.181503 -7.855281 14.736240 15.912369 -15.881289 -8.521430 14.562396 -8.086828 -9.168338 -24.528170
-6.137993 3.807101 3.803371 8.277404 -9.449937 4.960059 13.574162 -8.451387 -5.478926 -11.168436
2.235249 6.696036 -3.195786 3.809402 -1.425803 11.500846 13.136276 -6.197093 -3.495608 -2.506659
-12.686676 -0.939113 10.328636 13.257601 -15.772760 -1.667571 14.872194 -9.131241 -7.805665 -18.788271
-18.554916 -7.582276 16.588516 19.762978 -17.844995 1.180960 -2.290897 -11.277516 -11.690553 -15.741455
-0.662818 10.855239 0.683413 7.514536 -5.467913 21.230768 -8.100442 -9.720557 -5.960015 2.402106
-7.093587 2.625770 4.514246 9.677815 -10.972599 5.543110 16.056986 -9.319451 -6.382089 -12.155930
-2.555014 5.516419 1.828250 8.093143 -6.484181 10.734995 13.176620 -10.556215 -5.846212 -7.746909
-11.513204 0.329010 10.038353 13.329110 -13.988502 1.895052 9.572324 -10.632841 -8.036172 -16.058331
-8.201083 3.726131 5.576624 10.629769 -12.528425 8.017427 6.676915 -8.999323 -6.904150 -9.077162
-28.263941 -15.595880 25.326942 23.829762 -25.892601 -18.259556 9.400899 -8.261823 -13.102437 -36.229557
-7.065483 3.626374 4.308011 9.213052 -11.374942 4.400213 16.101892 -9.100138 -6.137527 -12.432659
-13.287691 -1.327307 11.952362 12.495212 -14.386986 -6.485528 11.468118 -7.528122 -7.521027 -21.719807
-5.899813 2.125561 4.417933 8.435332 -8.814437 1.920942 19.460857 -7.841684 -5.381336 -13.981904
-6.101445 2.517938 5.310783 11.067510 -9.325090 10.817707 7.766590 -12.475842 -8.053891 -8.219809
-11.404384 -6.500190 9.212766 14.668372 -11.960942 4.669257 6.104592 -9.286024 -8.989013 -9.961249
-1.316172 2.869225 0.069636 6.570013 -3.422172 10.781624 10.482301 -8.597859 -4.892130 -4.852347
-8.609750 3.312418 7.375456 11.389003 -11.715974 7.197200 3.710864 -11.481236 -7.633045 -11.070444
-6.105099 -2.957347 5.394283 8.912555 -6.378052 -1.304400 19.122400 -5.647471 -5.778299 -15.536699
-2.614459 1.916704 0.685205 4.722557 -4.246785 0.983390 16.949389 -4.269333 -3.060377 -10.202360
-1.961555 7.542222 1.351806 7.944427 -6.535230 12.694734 12.026361 -11.231051 -6.101772 -7.298523
-15.364324 -4.296134 12.994482 16.881195 -16.434490 1.018282 5.337500 -10.793451 -9.619161 -16.159027
-2.807701 5.687231 1.086158 7.732915 -6.562970 13.219729 6.293082 -9.275377 -5.632843 -3.423934
-21.592648 -8.052728 18.639435 18.647356 -21.437710 -10.662539 8.996265 -9.132187 -10.295674 -27.194998
-11.159492 -5.098333 9.477345 11.182732 -11.788496 -7.252693 20.577589 -5.035378 -6.816648 -21.033491
-13.769746 -3.050279 9.435120 11.038693 -15.499915 -7.569407 14.565960 -5.129971 -6.017034 -21.039843
-10.218570 -2.190952 7.393041 11.369850 -12.515771 0.683544 12.934379 -7.880745 -6.721461 -13.705273
-7.275572 1.908456 4.205518 10.083613 -10.815946 7.219662 10.402824 -8.413366 -6.228679 -8.423754
-14.662948 -1.660830 12.185568 16.813900 -17.254059 8.648487 -6.399983 -10.286267 -10.308799 -6.390150
-12.240187 -1.919925 9.485438 12.422118 -13.792441 -2.039492 14.604939 -7.955604 -7.281836 -18.162170
-16.262117 -4.903605 15.437114 17.182056 -16.904423 -3.076812 7.215273 -11.381758 -10.004476 -20.984293
-12.707124 -2.333151 12.028597 15.286558 -14.618729 0.866252 10.686070 -11.652448 -9.474586 -17.936310
-3.956402 1.946758 3.525927 8.848674 -5.120494 13.196724 -1.629863 -9.713607 -6.526814 -0.775456
-10.141883 2.630717 8.193611 13.259200 -14.244344 6.772603 6.885520 -11.260310 -8.080482 -11.766083
-13.409634 0.679502 11.015304 15.611356 -16.019808 9.834541 -5.728477 -11.210526 -9.704835 -7.069066
-6.204605 3.869316 4.379818 8.888963 -9.329954 6.386206 9.109356 -9.008080 -5.468513 -9.715399
-13.919154 -1.703792 12.965626 14.472526 -15.794557 -2.680144 5.402740 -9.898562 -8.224484 -18.077881
-1.853797 6.278566 1.577880 7.967666 -5.638379 13.489107 8.362971 -11.389513 -6.341781 -5.295825
-9.796161 -3.817088 8.530445 12.689631 -9.364902 2.607848 6.746562 -9.239752 -7.428855 -13.733064
-9.487902 -3.464908 7.621639 10.620422 -10.361392 -2.780833 17.334415 -6.555038 -6.761664 -17.221724
-25.009079 -10.218501 22.016264 20.781612 -25.343027 -17.643665 12.201830 -7.850713 -11.121539 -33.619324
-20.030571 -7.842061 17.403250 17.412426 -20.183010 -11.891743 9.298100 -8.084947 -10.002820 -26.413662
-24.628231 -10.348685 21.241312 22.649342 -24.223953 -8.522855 -1.181142 -8.866939 -11.394292 -23.269468
-12.495022 0.180124 11.587626 13.937764 -15.193373 2.375445 3.780282 -11.375801 -8.981747 -14.934181
-7.166812 2.490587 5.018773 10.227227 -10.729705 6.708970 12.286412 -9.735150 -6.571781 -10.172807
-0.711167 6.441643 -0.924857 6.141726 -4.714676 12.967100 11.429551 -8.797880 -4.873843 -3.112037
