-2.927666 -3.808264 -7.198917 -0.321760 4.225233 4.535890 -6.540203 -2.756560 -3.566524 3.474499
-4.542009 -6.168206 -7.690918 4.726633 4.243027 2.874242 -8.421768 -5.043121 -6.147756 2.938109
-5.796671 -7.666698 -7.809966 8.009560 5.269419 4.428057 -9.576140 -6.783344 -8.613278 0.719449
-2.860684 -3.608938 -7.134835 -0.368390 4.308097 4.460726 -6.408437 -2.840732 -3.309620 3.152361
-5.776990 -7.692709 -7.832640 7.968250 5.169311 4.466764 -9.616450 -6.852361 -8.591897 0.741499
-6.147151 -8.083162 -7.721173 9.235250 5.632694 5.057130 -9.885195 -7.492876 -9.380102 -0.164185
-5.727720 -7.680925 -7.738415 7.824738 5.157685 4.387244 -9.324348 -6.637080 -8.522618 0.842710
-4.269809 -5.295048 -7.306704 3.829767 4.177156 3.187938 -7.930328 -4.874494 -5.581261 2.090073
-5.705058 -7.442649 -7.567904 8.020388 5.377706 4.941019 -9.365206 -6.849866 -8.583409 0.113349
-5.717847 -7.510519 -7.652432 7.967013 5.355198 4.587942 -9.515169 -6.881932 -8.540195 0.405539
-2.783166 -3.668989 -7.106942 -0.110052 4.214458 4.432107 -6.325887 -2.734891 -3.541827 3.062217
-2.665217 -2.314856 -6.312162 1.385588 5.093200 5.158457 -5.806069 -4.210706 -3.379518 -2.204625
-4.279176 -5.987027 -7.864987 3.866324 4.288181 3.119147 -8.437787 -4.755610 -5.802281 3.320687
-6.100515 -8.124737 -7.658454 8.913929 5.458594 4.912274 -9.725237 -7.314620 -9.300391 0.050922
-4.807936 -6.419887 -8.023358 4.821478 4.470242 2.790386 -8.925669 -5.279604 -6.564777 3.028109
-3.031236 -4.133721 -7.402973 0.035086 4.273731 4.011943 -6.900351 -2.913296 -3.752718 4.112035
-5.942876 -7.756530 -7.501955 8.752529 5.492490 4.990720 -9.431479 -7.200049 -8.868286 -0.411505
-5.925800 -7.715177 -7.700692 8.524076 5.515834 5.004265 -9.710395 -7.194351 -8.883278 0.065944
-5.820690 -7.795827 -7.792334 8.171354 5.247228 4.427150 -9.578275 -6.869929 -8.730350 0.598690
-2.510336 -2.175861 -6.166797 1.203179 4.951262 5.092732 -5.754795 -4.120195 -3.050940 -2.244141
-4.645497 -6.248697 -7.886930 4.826164 4.380628 2.988923 -8.585479 -5.195947 -6.259379 2.918797
-4.600139 -6.575629 -7.737877 4.834203 4.455910 3.211535 -8.539162 -5.106595 -6.695371 2.989352
-5.878418 -7.588299 -7.800700 8.314130 5.437343 4.718641 -9.595874 -7.016250 -8.693626 0.223821
-2.619162 -3.403458 -6.864443 -0.272813 4.002464 4.275078 -6.293257 -2.801827 -3.217026 2.626977
-2.477089 -2.468348 -6.674563 0.458969 4.798467 5.065274 -5.826024 -3.661637 -3.085623 -0.753865
-5.672808 -7.575425 -7.752399 8.025460 5.335110 4.610921 -9.473890 -6.859531 -8.490736 0.350365
-4.895385 -6.636941 -8.009536 5.397686 4.418539 3.171847 -8.871264 -5.538173 -6.872799 2.616553
-2.846035 -3.907328 -7.157222 -0.042018 4.157491 4.305150 -6.376588 -2.771665 -3.604000 3.425516
-5.132987 -7.238006 -7.821278 6.229239 4.593182 3.480233 -9.074579 -5.822240 -7.675688 2.391832
-6.143700 -8.134045 -7.689271 9.249182 5.567095 5.002038 -9.802906 -7.498516 -9.450873 -0.169621
-3.178433 -4.181443 -7.311033 0.945176 4.204452 3.928363 -6.885273 -3.305131 -3.891079 2.973015
-5.479750 -7.257323 -7.920884 7.043536 4.927915 3.812591 -9.441975 -6.300582 -7.911556 1.611432
-6.122775 -8.157066 -7.870255 9.075666 5.491861 4.868065 -9.858295 -7.393020 -9.449357 0.117090
-5.718426 -7.465639 -7.644710 8.000637 5.385816 4.772153 -9.506866 -6.770134 -8.471679 0.377088
-5.521074 -7.289186 -7.191915 7.732114 5.366292 4.998716 -8.965246 -6.677299 -8.236511 -0.114334
-5.416092 -7.334312 -7.809500 7.047448 4.876636 3.701114 -9.185999 -6.255107 -7.924133 1.514838
-2.587438 -2.154571 -6.096654 2.143738 4.930569 5.144935 -5.734973 -4.249212 -3.562045 -2.832911
-2.660823 -2.405095 -6.351682 1.378487 5.054221 5.360173 -5.877241 -4.175043 -3.214170 -2.315356
-2.698196 -3.669512 -7.089419 -0.494185 4.184218 4.334252 -6.445285 -2.612878 -3.321678 3.417746
-6.078581 -8.092993 -7.857693 8.856644 5.433297 4.737685 -9.809923 -7.238954 -9.246293 0.300936
-5.635301 -7.287960 -7.562261 7.478825 5.410897 4.846000 -9.519967 -6.614225 -8.283401 0.522695
-2.940560 -3.867623 -7.082769 0.150256 4.244401 4.286133 -6.497602 -3.040766 -3.502430 3.110384
-4.448128 -5.976914 -8.121797 3.840446 3.964188 2.565312 -8.503635 -4.835261 -5.749592 3.636245
-4.342065 -6.052920 -7.897493 3.806322 4.004930 2.423497 -8.550631 -4.747569 -5.784198 3.858936
-5.065300 -6.994989 -7.802682 6.235839 4.505589 3.296766 -9.143291 -5.916569 -7.353165 2.267539
-5.677835 -7.517970 -7.822215 7.821013 5.246503 4.405448 -9.503236 -6.736142 -8.524174 0.794099
-5.953757 -7.801927 -7.625738 8.800180 5.539114 4.871260 -9.665724 -7.226129 -8.935981 -0.067861
-2.898498 -3.868344 -6.822689 -0.035615 4.189213 4.222115 -6.477145 -2.824257 -3.527159 3.342587
-5.500741 -6.902144 -7.590302 7.252994 5.362030 5.066777 -9.141289 -6.519268 -7.939873 -0.056977
-4.371583 -5.848867 -7.945750 3.933434 3.931695 2.450584 -8.503332 -4.829178 -5.653778 3.355084
-6.083960 -8.099157 -7.831753 8.812466 5.295400 4.482283 -9.795275 -7.121707 -9.191117 0.531539
-2.948919 -3.709087 -7.133870 -0.205436 4.275519 4.496095 -6.436603 -2.934696 -3.485976 3.018200
-5.843841 -7.849271 -7.817031 8.129721 5.230325 4.531600 -9.658729 -6.847458 -8.760815 0.779585
-2.867561 -4.001146 -7.103175 0.022660 4.165020 3.964706 -6.686343 -2.726730 -3.720426 3.968906
-2.878085 -3.935891 -7.398524 -0.198093 4.249550 4.377493 -6.626345 -2.807465 -3.511015 3.270011
-4.225870 -5.857896 -7.947095 3.350698 3.984220 2.532547 -8.474294 -4.598713 -5.574818 3.934741
-2.759179 -3.594877 -6.933696 0.090760 4.295560 4.609486 -6.284919 -2.894197 -3.418203 2.521707
-2.915114 -3.960369 -7.029420 0.347857 4.218464 4.090662 -6.444303 -2.914104 -3.783747 3.447994
-3.103983 -4.162569 -7.517491 0.419245 3.861895 3.546684 -6.914805 -2.951210 -3.750478 4.342681
-5.789562 -7.556758 -7.707760 8.032361 5.229097 4.389916 -9.384789 -6.799548 -8.447574 0.514755
-5.375353 -6.964052 -7.362286 7.402675 5.086205 4.392189 -8.938848 -6.471364 -7.724639 0.295311
-5.832922 -7.678463 -7.717284 8.269509 5.540518 4.887923 -9.618925 -7.018068 -8.619305 0.070155
-6.255032 -8.296310 -7.549803 9.533813 5.628032 5.186742 -9.751720 -7.681620 -9.671593 -0.434707
-5.628357 -7.516869 -7.817411 7.453684 5.096694 4.222465 -9.498913 -6.507699 -8.301579 1.113975
-6.001218 -8.052767 -7.811017 8.568081 5.246280 4.438069 -9.660398 -7.055596 -9.036231 0.544337
-6.129832 -8.255742 -7.721985 9.006788 5.376719 4.806539 -9.698336 -7.377581 -9.426263 0.154380
-2.945615 -3.795038 -7.116531 -0.185020 4.171580 4.385773 -6.569250 -2.786111 -3.524486 3.464990
-5.549433 -7.289870 -7.501064 7.255342 5.383903 4.859439 -9.031206 -6.484747 -8.150683 0.473510
