-14.513677 10.260518 -4.443459 -13.392543 -27.157009 -7.978257 -8.556289 21.328865 -2.696699 -2.191092
-13.517898 7.868081 -1.584795 -13.369596 -27.565819 -4.700508 -11.131417 21.945234 -0.454159 -2.253675
-14.166989 9.811772 -6.138151 -14.617181 -27.434681 -8.141179 -8.308070 21.374582 -2.222372 -2.391615
-14.857436 9.651981 0.704707 -10.229186 -25.388010 -6.475135 -9.809241 20.256826 -2.306710 -0.985022
-17.360613 14.339644 -2.225176 -7.606050 -21.620258 -14.176284 -5.292003 17.077459 -6.110415 -0.605470
-11.971075 5.474739 6.612737 -8.075299 -24.206074 1.139303 -12.461094 19.147562 -0.613695 1.045602
-19.229969 15.398876 7.247821 3.514659 -7.420540 -16.866879 -2.939185 8.343463 -4.663291 2.330135
-15.476173 12.901563 -1.439420 -5.758811 -18.417248 -12.652067 -4.967489 14.150071 -6.774575 -0.906948
-13.791520 8.899590 5.765211 -5.070846 -20.274551 -4.744605 -9.007146 16.556021 -3.405416 0.853365
-12.673890 7.680650 11.160054 0.036269 -16.404659 -0.379981 -8.696343 12.947156 -4.723368 4.317860
-13.755680 10.177564 18.168831 10.941297 -3.974898 -3.483023 -4.284422 4.126981 -6.915756 7.155866
-12.108952 6.742085 5.983545 -6.474828 -21.833807 -0.819675 -10.574939 17.582808 -2.384582 0.867411
-9.554857 3.709061 1.372201 -11.597800 -26.741508 2.706309 -11.945046 20.939278 -0.022510 -0.533157
-10.150013 5.207061 13.863370 1.228097 -14.184429 3.548375 -9.477262 11.431322 -2.551462 4.881627
-15.585226 11.675485 -3.157745 -11.754995 -25.628838 -10.079873 -8.633208 20.232805 -3.622767 -2.280489
-18.486933 15.462908 8.425759 4.393511 -6.615919 -18.989658 -2.903369 7.897971 -5.061417 2.494174
-11.007149 5.350108 6.700183 -7.533681 -23.730894 1.664723 -12.112653 18.746918 -1.573993 0.438100
-10.450678 4.587343 8.862116 -4.931971 -20.588341 2.903980 -11.650874 16.337862 -2.023282 2.249027
-13.777645 10.149200 -7.312972 -14.861783 -27.502689 -8.114363 -7.637352 21.240412 -3.323926 -2.700339
-16.162762 12.511697 6.470377 2.835184 -10.243663 -11.651261 -2.239898 8.662734 -5.098681 2.998780
-12.709175 6.729110 -3.616500 -16.285965 -30.394226 -2.622148 -11.739319 23.704803 0.078500 -2.659476
-19.747873 16.390371 8.359736 5.753522 -7.693920 -17.942745 -0.674667 7.685832 -6.788102 3.222061
-8.206901 2.390650 6.562484 -7.152646 -22.834908 6.871818 -11.252769 17.178350 -0.376528 3.113366
-9.998623 4.156990 14.273931 1.274168 -13.737567 4.939977 -10.296930 10.726352 -3.341340 5.086408
-19.564281 15.669907 8.755653 6.264226 -6.662866 -17.677706 -1.108139 6.823587 -6.222201 3.932093
-13.574625 8.612197 -3.222726 -13.379370 -27.036558 -5.627360 -9.788777 21.189865 -0.957870 -2.030150
-12.098695 5.896453 1.993339 -11.515409 -26.603779 -1.173147 -12.505210 21.315474 0.480085 -0.761025
-12.278687 6.744636 -0.291591 -12.925569 -27.283043 -3.150693 -12.192519 22.152426 -0.507165 -2.269696
-13.044129 7.619576 -3.611452 -15.452209 -29.612186 -5.154561 -11.575608 23.301916 -0.497339 -3.090916
-11.408090 6.045876 5.689698 -6.631668 -22.067516 0.429137 -10.635152 17.491182 -1.337792 1.651987
-16.833544 13.229729 -2.500822 -8.394435 -21.809883 -11.675741 -4.590919 16.905649 -4.706345 0.240486
-14.240387 9.548092 3.650103 -6.248713 -21.079670 -5.525941 -8.740729 16.959763 -3.620219 0.588212
-18.713339 14.763942 12.640838 7.857733 -4.629138 -14.440753 -1.857143 6.003641 -5.142633 4.051108
-14.751833 10.864143 -7.154439 -15.333636 -28.664154 -8.893497 -8.142184 22.245075 -3.212100 -2.734789
-16.704718 13.820453 -6.826130 -11.833241 -24.998253 -13.119954 -5.500149 19.387655 -5.941768 -1.784908
-12.931955 7.460907 5.958648 -6.720446 -22.620068 -2.194881 -10.994737 18.227100 -2.995502 0.222304
-13.482983 9.019666 -6.884440 -15.290949 -27.655125 -7.706470 -8.873001 21.578745 -1.381934 -2.568739
-8.196177 2.284791 12.600230 -0.467696 -14.963898 6.918023 -10.465138 11.076104 -1.528031 5.363808
-18.037853 14.802815 9.786709 6.527856 -5.356102 -14.814010 -1.682797 6.212056 -5.058999 3.215631
-13.639822 8.721181 13.656390 5.066021 -9.120450 -5.640903 -6.208146 7.795164 -4.581899 4.511933
-13.053261 7.724049 -1.790568 -13.280932 -27.675011 -4.324211 -10.875553 21.792021 -1.468600 -2.185914
-18.995382 15.826523 9.282657 6.351518 -6.151534 -18.322029 -1.588533 6.953595 -5.795371 3.569261
-12.300074 6.524968 -1.118982 -13.088188 -27.684879 -1.913621 -11.267831 21.445967 -1.603911 -1.465172
-11.543190 6.463264 17.910503 5.941003 -10.571449 3.431358 -8.065017 8.014949 -4.583080 7.466147
-19.002161 15.308030 9.256041 6.818078 -5.584107 -16.707644 -1.180650 6.164712 -5.721150 3.325642
-16.458235 12.978332 9.435288 4.436487 -8.042777 -14.930857 -2.915045 7.540914 -4.889343 3.098057
-9.884125 4.644203 13.202160 1.245093 -13.102563 2.413979 -9.254382 10.671994 -3.343997 4.628649
-15.302859 12.443913 -1.349721 -5.520047 -18.640398 -10.502965 -4.160956 14.386306 -6.620461 0.180029
-13.072370 8.943226 20.268742 11.295533 -4.152525 -1.003804 -5.547828 3.693936 -6.492085 7.578388
-15.546353 10.124063 6.783411 -2.368500 -16.684978 -9.226051 -7.837607 13.749660 -2.917421 2.199546
-20.860476 17.054758 0.208125 -1.544848 -13.039929 -22.500221 -1.527252 11.263507 -6.260549 1.694552
-14.241680 8.802092 -1.323927 -13.347344 -28.048958 -5.645794 -11.338714 22.428637 -1.086966 -2.312804
-18.577749 14.955195 10.287387 5.424935 -8.956560 -14.747931 -2.248152 8.398732 -6.101367 3.984515
-14.921398 11.785995 -1.228830 -9.035676 -23.638813 -9.593316 -8.045334 18.693258 -5.893117 -1.643923
-15.680891 10.836812 -3.016213 -11.397262 -24.927702 -9.764643 -8.236155 19.698011 -2.369402 -1.862253
-18.749723 15.987329 -3.212053 -6.942023 -20.575306 -17.468979 -3.889686 16.045383 -7.329731 -0.359051
-10.215409 6.255073 21.215378 10.071991 -6.117612 6.171966 -7.218923 4.186552 -6.010323 9.063282
-10.904661 4.785034 3.995531 -8.218192 -21.715052 -0.891348 -11.521300 17.136894 -1.721497 -0.326279
-15.367882 11.568772 -2.685729 -9.540673 -22.820335 -10.925001 -7.095717 17.927750 -4.416976 -1.420254
-19.767118 16.376635 8.896823 6.172989 -7.504284 -19.095459 -1.193677 7.368110 -6.000835 3.600342
-10.526591 5.778749 12.408894 1.907423 -12.519282 0.826873 -7.135205 9.545489 -2.386316 5.764899
-10.312950 6.705057 20.792274 10.464898 -6.566319 6.035676 -6.805218 4.494083 -7.601151 9.113516
-13.120695 7.118856 1.250514 -10.919366 -25.415407 -3.585889 -11.301713 20.454605 0.741152 -0.628492
-13.326044 9.812697 16.296444 9.153289 -5.528178 -5.030056 -4.249843 4.813942 -6.413249 6.622822
-9.483128 3.466575 14.142707 0.487010 -15.053989 4.778708 -10.652190 11.700466 -1.810633 5.068852
-20.435566 18.379292 -3.197015 -4.420209 -18.039528 -20.380459 -1.181433 14.180720 -9.152516 0.162051
-13.349669 8.318410 16.077841 6.218632 -8.778743 -2.589157 -6.410520 7.410667 -3.758169 6.305084
-11.986972 8.353958 19.526499 10.726295 -5.224832 0.840717 -5.696941 4.210755 -6.724772 8.350468
-12.396403 7.594705 18.377806 8.040441 -7.755675 0.784451 -6.282984 6.793271 -4.601923 7.562909
-9.609896 4.278162 14.643337 0.617853 -16.350800 6.341664 -10.548214 12.645959 -3.885381 5.743731
-9.380745 3.731262 13.544274 -1.678091 -19.588818 7.879328 -12.066003 15.086007 -1.876470 5.276694
-13.429304 9.023458 -2.066633 -12.523132 -27.210972 -4.946391 -9.739758 21.384306 -2.718196 -1.560084
