-15.700388 -56.521618 27.722643 -1.899056 0.512999 -43.096180 -6.116990 24.079876 -57.760498 -12.085789
-6.326552 -44.921238 18.676819 -5.122318 3.269178 -35.483307 -1.771931 22.208143 -48.632065 1.002388
-29.280151 -66.694252 36.071667 2.000516 -5.465035 -47.144810 -9.416886 25.124903 -65.401718 -29.860758
-4.323648 -43.341694 17.285006 -6.056442 4.793011 -33.942463 -2.286790 21.433453 -46.320869 3.252589
-4.463926 -42.563240 17.597292 -6.421458 5.790449 -33.610996 -3.937678 20.763954 -44.796295 3.190690
1.894305 -29.229223 7.824494 -6.044700 2.636169 -21.905405 2.069397 16.596533 -31.620173 9.102230
5.460089 -16.467773 3.180982 -11.702091 11.436920 -13.465540 -7.021631 11.882914 -16.665426 17.754715
-1.149130 -30.576149 10.302029 -6.776253 5.008293 -22.518507 -1.790407 17.119055 -31.698866 6.848875
0.642356 -33.876492 10.834524 -7.039083 4.708132 -26.204329 0.247170 18.239241 -36.418678 8.992702
5.855349 -25.568474 3.863775 -7.102219 2.980075 -18.507673 3.505174 15.957385 -27.172539 14.090957
15.348424 -12.624556 -5.622647 -7.968004 1.977292 -10.000433 6.080424 10.917840 -14.048560 24.514675
1.780773 -30.499218 8.083966 -6.636066 3.158177 -22.294765 2.290319 17.270184 -32.145473 9.495352
-5.240863 -37.286037 10.928021 2.114421 -8.828807 -25.958868 10.965178 19.155918 -40.272881 -4.579422
10.594262 -17.993542 -0.166159 -8.373098 3.104273 -13.991782 2.039718 12.965607 -19.056761 20.308990
-6.299467 -44.849895 18.180067 -4.886542 2.635637 -34.686565 -0.917287 22.176214 -48.187103 0.422088
7.737822 -16.748604 2.550301 -11.878209 10.932862 -13.607828 -4.809556 12.763931 -17.277693 19.968449
-0.101028 -33.030323 9.018672 -4.527586 0.575832 -24.182955 4.527484 18.574839 -35.528069 5.910367
3.656747 -27.006670 5.367480 -5.948661 1.109320 -19.405684 3.398480 16.337317 -28.571795 11.218420
-27.847889 -64.499901 33.575130 2.607675 -7.645939 -44.714878 -5.817825 24.406742 -63.212315 -29.329529
2.498520 -29.185465 6.774775 -6.862586 2.659896 -20.732790 2.368788 17.052114 -30.331545 10.728254
-24.346577 -63.447693 33.055897 1.956021 -4.509697 -46.228497 -6.871479 25.067318 -63.732403 -24.141933
6.195193 -23.518869 4.771189 -11.656765 8.864958 -17.864851 -2.861599 15.504398 -24.499205 18.090446
-4.881236 -35.736309 9.509427 1.864260 -8.172113 -24.158060 10.916591 17.813204 -37.636269 -4.126120
11.850717 -16.448521 -2.899616 -2.866564 -4.484220 -12.683061 8.475470 12.773366 -17.874071 17.397110
7.405490 -18.854424 3.256729 -12.937886 11.507654 -14.559737 -5.343278 13.141790 -19.300529 20.245821
-6.261724 -45.685085 18.372370 -4.467455 2.143016 -35.301922 -0.287532 22.457050 -49.011856 0.046686
-6.600535 -43.009418 17.211655 -1.607650 -1.662297 -33.372921 2.906456 21.299522 -46.824936 -2.489346
-4.833217 -41.417313 16.640749 -3.750610 0.711154 -32.591312 1.356348 21.208172 -45.363785 1.098696
-26.287994 -64.614494 34.512928 2.150218 -4.732821 -47.211071 -8.056952 25.334846 -64.811981 -26.585041
-3.104681 -37.321110 10.774669 -1.914154 -3.736827 -26.587198 7.692705 19.264004 -39.853348 1.196117
-16.940838 -54.621407 25.773994 -1.510930 -1.140042 -37.621075 -5.378231 22.596748 -53.826912 -13.620239
1.118997 -31.391960 8.625448 -5.859840 2.481242 -23.481878 2.541162 17.639172 -33.654510 8.394221
11.438254 -13.186202 -0.921402 -12.970939 11.659109 -11.709135 -4.308023 10.490434 -13.873967 24.454319
-29.155024 -66.464523 36.086128 2.019509 -5.574947 -47.101788 -9.423618 25.010975 -65.205002 -29.935417
-17.560549 -58.154369 28.984587 -2.518752 1.209165 -42.951145 -7.765155 24.437191 -59.066620 -13.188389
1.649980 -31.599440 10.039870 -7.528366 5.360717 -25.031340 -0.472394 17.744652 -34.335342 10.463690
-27.971207 -65.340599 34.940468 2.224774 -5.987853 -46.672318 -8.098668 24.992252 -64.523483 -29.020145
8.665916 -18.127916 -3.396928 -0.890570 -8.249138 -11.427021 11.946046 12.809176 -19.383829 12.976038
8.918879 -16.179815 1.469135 -13.131739 12.084552 -13.873971 -6.688977 12.353986 -16.517668 22.575453
9.259422 -17.179842 2.104572 -11.772272 10.305676 -14.247099 -4.388219 12.521937 -18.084978 21.307274
-5.621853 -43.251301 17.332449 -3.762041 1.610704 -33.842365 0.224396 21.407154 -46.570148 0.199163
11.024808 -16.807522 0.925573 -12.971987 10.579447 -13.645629 -3.291892 12.498058 -17.634357 23.804834
-5.674576 -40.183346 13.054064 0.508063 -5.881339 -28.688995 8.129063 20.159775 -42.832615 -3.996734
12.976688 -15.060976 -3.173041 -7.790396 1.694878 -11.530797 4.797355 11.742541 -16.619209 21.885473
7.827988 -16.675236 1.556915 -11.357935 9.099903 -13.524108 -3.813588 11.797729 -16.982540 19.620842
7.422492 -18.918829 3.095535 -11.481018 9.722097 -14.667866 -3.930450 12.813768 -19.654936 18.998791
7.243107 -19.935783 -0.087631 -2.628644 -4.569526 -13.830043 8.833177 14.043063 -21.516701 12.824139
-3.692676 -35.741901 12.188691 -4.014903 0.566859 -25.653780 1.310345 17.931793 -36.332664 1.253669
13.108058 -12.918892 -3.429848 -8.847623 4.296309 -10.646739 1.833085 10.841479 -14.148571 23.068974
2.851600 -28.783796 8.097002 -8.001484 5.519467 -21.781580 0.286162 16.877819 -30.688982 11.957032
-2.751613 -30.175219 12.203089 -9.927514 9.860395 -22.627741 -8.721757 17.479324 -30.461477 9.318712
-4.405123 -42.428387 17.519670 -6.763815 5.794305 -34.218441 -3.697259 21.324131 -45.866928 4.145312
9.071581 -21.399357 2.804532 -11.062509 8.875914 -16.313255 -2.028946 14.296998 -22.430632 20.649912
-0.871554 -37.616863 14.011173 -8.342432 7.418036 -29.984678 -3.240350 19.631630 -40.174309 8.507056
-6.112160 -45.220764 18.169340 -5.320285 3.266903 -35.036205 -0.960232 22.475754 -48.603249 1.231597
-4.988610 -44.180737 18.384951 -7.234458 6.558791 -34.310234 -4.518569 21.479891 -46.420921 3.395342
15.239878 -12.472398 -6.212069 -6.571469 -1.176470 -9.607385 8.588218 10.404762 -13.663306 23.101429
1.082025 -29.353130 8.846609 -6.571984 3.753131 -22.214493 0.203101 17.010445 -31.333992 9.071129
-4.636222 -42.179508 16.979456 -6.563337 5.439051 -32.962940 -2.953403 21.020695 -44.793457 3.237644
7.799098 -20.842041 4.416067 -13.827617 13.143299 -16.542482 -6.288726 14.135020 -21.463041 21.500631
5.123185 -22.011024 2.570880 -5.795733 0.710674 -15.501504 4.364720 14.021234 -23.129721 12.063337
14.155786 -14.127005 -6.850550 -2.902198 -6.712740 -10.108924 11.915570 11.558520 -15.611615 19.751583
-6.049232 -43.251785 17.543261 -3.853049 1.140609 -33.874027 -0.299638 21.152597 -46.697861 0.011285
9.415829 -15.267958 -2.022699 -5.814030 -0.438920 -10.904615 5.180576 11.665525 -16.444086 16.748718
9.340435 -17.518959 -1.594862 -3.145975 -3.897817 -13.025320 7.277035 12.949161 -18.865572 15.191212
-2.626266 -40.112511 15.522574 -8.148608 7.114810 -30.804895 -3.563836 19.897087 -41.932262 6.382672
10.464380 -17.017727 0.460172 -9.739817 7.020299 -13.553056 -1.037434 12.202015 -17.807444 21.275370
11.731150 -15.168998 -2.468383 -7.737509 2.754141 -11.760638 4.690503 12.114557 -16.267679 20.525826
12.646078 -15.935414 -2.986386 -7.848166 1.364607 -11.912261 6.073730 11.973871 -17.034803 21.542269
9.748879 -19.529961 -1.683228 -4.770838 -3.174548 -13.313164 9.836684 13.887943 -21.345945 15.908875
8.577252 -22.506721 -0.859507 -3.429226 -5.769997 -14.970771 12.329381 14.681371 -24.224276 13.926317
-7.196430 -46.800236 20.032747 -4.825843 3.461231 -36.675259 -3.274277 21.952282 -49.253975 -0.880098
