1.337718 2.955465 -2.411051 3.788715 -0.642529 -6.169211 6.490240 -3.833711 -5.680375 -5.572077
0.272524 1.310714 -3.894350 4.306090 1.028566 -3.876498 7.258113 -4.762424 -5.033377 -6.140244
-2.957931 12.753389 -8.073060 5.322371 -18.947443 0.142857 -1.421652 -6.425051 -14.306760 -3.208328
-2.824929 10.019476 -8.488132 3.558105 -15.679522 1.043000 -0.292706 -6.900620 -11.461240 -3.132316
2.264388 12.282220 -4.304232 4.391024 -18.047503 -2.797091 -3.521158 -1.552866 -11.175117 -2.578058
0.248122 2.471974 -6.797625 3.486702 0.575156 -2.065224 6.582791 -5.828850 -6.152892 -6.752102
-1.317173 9.629802 5.070407 8.413973 -19.707249 -5.309713 -4.712212 1.505984 -10.857136 0.099193
-2.975788 8.275780 -2.402556 9.080837 -8.935707 -3.377924 1.095716 -6.748486 -12.782541 -5.841953
6.960130 6.843513 3.437052 6.399521 -6.339293 -12.637115 -3.482068 1.528079 -7.020641 -4.492458
-2.871256 6.981636 -3.186788 7.069160 -8.071178 -3.948471 1.133896 -5.841249 -10.988693 -3.119194
6.689079 0.690732 -1.827277 0.711771 0.062452 -3.390173 7.922709 -0.848085 -3.097882 -3.839723
-2.735994 10.150310 -0.658937 7.433952 -16.809818 -4.971107 -3.380014 -1.817828 -11.023288 -1.438420
7.191998 8.521026 1.290880 6.039228 -9.566058 -9.737553 -1.983586 1.217136 -8.708308 -3.806214
11.865442 9.162315 3.882999 4.003189 -10.283276 -11.052080 -5.883207 5.394001 -7.024370 -1.931568
3.490949 0.304538 6.479540 7.374380 2.547938 -9.331654 5.942280 0.373409 -3.684735 -5.412467
6.693040 11.237282 0.863491 5.643023 -11.391197 -10.880747 -6.027450 1.015669 -9.820856 -3.129046
-1.436292 14.001788 -0.313302 6.576667 -23.724403 -2.104217 -5.890093 0.746931 -13.377748 0.547234
-15.185882 13.570534 3.137817 11.115438 -31.348942 2.232303 -4.923872 -0.204766 -17.672476 2.142601
4.976099 2.594095 -2.115962 3.243945 0.631604 -5.598889 5.566483 -1.640101 -4.579131 -6.120158
-3.752056 11.810944 -10.916192 5.176304 -16.950043 1.948210 1.601430 -9.347451 -15.368696 -4.780351
9.767098 3.450981 -1.735620 0.880202 -2.175143 -5.706480 4.342811 0.950989 -4.328584 -4.185478
-11.953539 18.284107 -4.844485 9.805443 -33.305866 7.571970 -6.004039 -2.996682 -21.739065 0.005565
-7.400834 13.484851 -3.588584 9.347832 -25.289906 4.827646 -0.938187 -5.466620 -18.818850 -1.845815
0.362285 3.698083 -7.341907 2.460691 0.585941 -4.047456 4.557317 -5.069756 -5.515284 -7.005681
0.038828 1.329262 -4.816929 4.096704 2.820460 -3.775464 6.451285 -4.610744 -4.407813 -6.899786
-2.230165 10.574862 -0.002405 5.993726 -22.291832 0.605085 -2.029824 -0.359198 -12.746194 2.278807
1.806856 13.486283 0.843612 6.402924 -20.352352 -7.220865 -8.201649 1.332329 -12.475928 -0.510065
8.914439 3.647780 -0.530895 2.050781 0.188992 -6.694785 3.083694 1.757217 -3.649060 -5.204311
-2.178113 6.897521 -6.668126 5.584303 -7.724591 -3.692116 2.531302 -8.403523 -10.709094 -5.550415
3.188259 1.453505 -0.748092 5.484849 1.267406 -6.052208 5.713935 -2.439459 -4.927756 -6.290538
6.482133 8.840350 1.398735 5.726994 -9.391464 -11.106552 -3.817966 0.187533 -9.186988 -3.968059
6.238614 7.991457 -14.989329 -5.888404 -9.707355 -1.471621 2.805256 -4.172348 -6.322456 -1.338748
-25.069937 19.218931 -3.147005 13.780535 -41.342281 18.873358 -7.718581 -2.540771 -25.226944 0.278716
4.353357 6.494966 -14.120210 -3.433239 -6.383551 -0.369091 4.895262 -5.073120 -6.535064 -2.796972
-8.368905 5.200138 5.579982 7.247390 -17.613371 2.612185 -1.573736 1.404222 -6.497978 0.434152
-3.062080 2.213385 -7.110759 4.901446 1.641016 -2.605480 6.619563 -7.372378 -6.130332 -7.445676
2.120605 0.878271 3.757045 7.122850 2.042024 -9.867783 6.939812 -1.716881 -4.814854 -5.690289
13.735499 3.659062 -0.347508 0.682505 -1.898633 -4.698814 4.051920 3.015950 -4.901130 -3.206329
5.571545 1.851043 -1.428411 3.405771 1.220258 -4.443853 5.115276 -0.713928 -3.733025 -5.980824
-5.551110 4.234613 4.773286 7.336911 -10.118806 -8.203835 1.223601 -2.325176 -6.306850 -0.589666
-9.415061 5.730812 -18.851343 -5.888010 -8.333067 6.718233 6.482954 -6.225914 1.064721 -3.942449
0.199205 2.084754 -5.811909 3.453455 -1.427171 -0.206462 6.005135 -5.041804 -5.947817 -6.079225
-8.520670 2.649653 -12.218201 0.987956 -0.830692 1.736166 6.481368 -8.075572 -3.242123 -7.270489
1.579752 2.145535 4.961677 9.397612 1.372939 -11.694413 4.326463 -2.513354 -6.974364 -5.328726
7.081190 11.761703 -1.305046 5.184291 -12.254494 -9.355139 -5.600675 0.708165 -10.024816 -3.889307
10.262161 3.311321 -1.545650 0.699916 -0.389688 -5.339507 2.732094 2.027273 -2.975300 -3.795087
-12.223191 17.338350 -1.623605 10.438342 -32.693424 5.957094 -5.738731 -1.645298 -20.349970 0.858264
-4.730134 4.815237 -3.870687 6.014091 -12.022818 8.365499 5.464670 -5.455999 -11.173314 -3.459301
-0.096535 10.411149 -17.669020 -5.666328 -14.369864 2.636198 1.581975 -5.038636 -6.560599 -0.370434
9.367153 4.605357 -1.511795 2.042483 -1.544626 -4.182682 1.931581 1.804386 -4.170229 -4.435040
11.637703 4.088306 -3.925479 -0.466924 -1.426222 -4.711258 3.558090 1.179573 -3.751205 -3.851202
7.788326 3.127446 -9.333355 -4.374415 -3.148631 1.611041 5.603651 -1.563699 -3.115004 -1.847848
-0.132922 10.298377 -5.918030 5.470510 -11.642592 -3.744768 -0.626399 -6.701736 -11.992778 -5.087081
-3.966035 10.990081 6.707398 11.031925 -22.368866 -3.446615 -6.177588 1.928632 -13.169536 0.043787
7.580161 3.872988 -1.057745 2.160254 -2.386618 -7.332520 1.769768 -0.041237 -4.588269 -3.502702
7.115531 -0.391793 7.861409 4.087612 0.812853 -8.083296 6.567370 3.693075 -0.294654 -2.613557
9.444586 10.091684 -3.073288 2.688704 -9.458148 -10.845921 -3.799397 -0.328001 -9.040338 -3.438112
11.698752 9.884541 -3.638966 -0.768463 -11.299433 -6.979560 -3.864147 2.537300 -6.591637 -1.282476
-3.873817 11.955163 0.622220 7.528051 -20.769798 -2.215328 -4.804999 0.344469 -11.579468 0.047135
3.381219 0.317633 6.979833 7.809570 2.200136 -10.710508 5.578605 0.735651 -3.620446 -4.843105
-3.128088 3.568585 3.725208 7.299456 -10.579472 -2.181542 1.405213 -1.337621 -6.274726 -1.589919
-6.180430 7.587374 0.756166 7.257398 -15.419989 3.233116 -0.138973 -0.451708 -7.745109 -2.838356
-23.537550 19.205393 -4.197258 13.097332 -40.329494 18.378344 -7.247044 -2.825634 -24.668638 0.055166
-19.224609 17.605175 -2.864796 11.066156 -36.169636 14.162964 -6.784994 -1.245327 -20.086103 0.648217
-16.100515 20.078375 -1.030792 10.164236 -37.102367 11.786201 -10.112597 2.257621 -19.612333 1.911449
-4.783971 4.080329 7.260221 8.054018 -15.273190 -8.221577 2.572773 -1.699883 -8.546624 1.440269
0.629483 2.268658 -1.158620 5.016087 -1.606415 -3.544562 3.751194 -4.345523 -7.417328 -2.369013
-0.876242 1.942179 -5.359155 3.632872 1.389356 -3.879355 6.844377 -5.475930 -5.524785 -6.824568
