-11.540158 -27.498737 -1.342789 -19.163374 3.197555 15.997883 34.929245 -48.082893 -10.915648 13.962636
-15.256210 -8.026305 -8.437066 -9.097178 7.771719 15.864260 31.011566 -30.934435 -1.726329 -9.210258
-32.523670 -28.046934 5.384025 -13.534971 8.627522 13.164641 28.471106 -60.190887 -21.131153 4.408465
-2.918576 -14.768911 -3.130935 -10.881912 -2.184953 18.691347 32.723587 -24.934689 3.448974 6.910572
-10.017453 -18.813238 3.928379 1.838736 -15.969003 22.271629 29.069721 -27.886168 1.072600 5.098649
-8.628783 -0.633451 -5.192090 -6.739530 10.189993 18.294353 28.845135 -13.419138 7.947452 -9.091334
-9.170989 -6.432888 8.168952 20.733385 -30.120056 10.848430 -3.532297 5.671001 18.937004 -8.038363
-2.996541 -6.389715 -3.977289 10.428059 -8.893895 14.991945 24.729162 -11.508604 -6.248048 -2.105972
3.728254 -6.903390 -2.909767 -1.758200 -5.380266 17.960070 27.390347 -7.378050 6.264665 4.668584
-1.075355 -0.153222 -1.590578 0.242370 4.474498 17.345366 24.300808 -4.598993 7.487446 -5.147363
-0.479509 4.947382 -10.735848 12.112527 -3.838042 9.089630 4.102740 12.002861 21.896189 -20.457830
5.750642 -4.632089 -3.017811 -1.969442 0.447099 15.297138 27.587904 -6.520271 2.567262 6.298447
6.191514 -7.926291 -3.899006 -17.644272 19.072935 10.551527 31.576527 -18.390100 0.348461 15.851371
5.829021 -1.412644 -9.120286 1.442515 -2.834470 15.741958 19.328232 4.227658 16.816645 -6.199728
-5.292051 -20.877604 3.222200 -11.824067 -4.997069 21.059015 33.086555 -31.476694 4.910390 12.367277
-7.671559 -2.675025 -1.558339 21.517946 -26.027578 9.863976 -5.141103 11.035347 26.195963 -16.990030
-2.124829 1.229448 -14.532346 -7.523454 16.403503 9.474524 29.569027 -15.288893 -6.944501 -7.626492
9.751486 -5.295177 -6.122205 -7.313212 1.042714 16.274591 25.276514 -2.352043 13.816542 5.342798
-29.162962 -26.054552 8.820693 -7.398991 10.032081 10.788059 27.171215 -56.363262 -25.959932 8.460732
-4.387230 -4.505195 2.314391 10.049340 -12.913968 17.915918 17.328390 -5.883429 7.409935 -7.262838
-1.903168 -27.543659 -0.243039 -31.139734 14.010429 12.845482 37.131714 -44.880692 -5.733123 28.013033
-6.964860 -9.100052 10.009874 11.311007 -23.085358 24.011488 15.955488 -2.756116 17.319742 -3.677105
-16.529507 6.185151 -10.331895 -4.517516 22.539017 8.615463 26.122955 -19.767618 -3.905900 -16.853834
9.554179 4.596303 -12.752050 -0.444689 11.612540 8.352230 12.185715 10.441975 23.681831 -7.794657
-1.493784 1.881699 -4.832477 12.929342 -9.884637 12.586228 5.209816 10.807121 23.506454 -16.611973
-1.032432 -14.409306 -5.045636 -19.916445 10.197548 14.647828 32.375786 -28.177258 3.114750 9.803895
5.890033 -9.703939 -17.999439 -25.345539 14.785882 10.849762 32.223389 -21.965576 0.089833 2.559910
9.903650 -18.369097 -15.382873 -27.069330 3.054264 12.478390 32.439022 -23.863014 2.358839 13.016207
-18.365936 -20.050394 -10.724541 -16.457544 11.872462 9.513001 30.213768 -48.663101 -18.761026 -2.419329
4.538916 -1.642999 -8.936261 -12.107041 13.665940 11.245012 27.581215 -11.840359 3.987447 0.802936
-14.055545 -21.811672 19.426243 -4.102650 -1.520944 18.154943 28.598516 -36.255859 -2.552964 23.136805
5.082805 -5.746077 -2.438014 -1.147209 -3.653496 18.186018 27.239964 -7.403190 9.406120 1.548861
-0.188432 0.875012 -7.434665 16.827465 -17.090603 10.450497 1.286294 13.679670 27.644840 -17.874214
-13.219004 -37.808887 9.138793 -26.351614 7.558488 14.862387 36.547825 -59.366730 -15.735879 31.972002
-9.693922 -34.909313 10.291760 -9.125048 -13.612386 17.742540 30.887745 -46.645546 -9.763768 27.921446
12.724236 -7.726662 -8.414418 -7.176807 -3.790828 15.372202 27.713943 -3.735502 9.392276 8.589129
-27.767094 -21.409369 -3.902407 -8.651089 11.422911 6.789392 21.957504 -53.581322 -26.014784 -4.665804
11.498860 5.169340 -9.690749 -2.684304 16.197300 5.224308 11.817060 8.141327 18.895449 -1.541697
-4.150918 -1.474127 -2.908256 20.848589 -25.968018 11.059851 -2.479518 13.319608 29.876219 -17.007645
7.786853 -2.884065 -9.190366 7.030596 -12.441060 16.007929 16.550743 8.082350 22.467600 -7.117517
12.978774 -12.470902 -14.640908 -17.171881 0.844381 11.010096 30.479948 -15.654951 0.919208 11.197101
-2.165423 -3.800302 -0.215725 15.077085 -23.825169 17.825956 8.507288 7.988349 22.727186 -11.936310
-2.150012 -5.281908 -6.266261 -3.836071 7.020522 9.997747 25.600708 -18.677149 -3.289438 1.088104
0.686920 1.963882 -5.818187 6.363348 -1.568217 14.507935 15.401754 5.865281 16.416372 -12.059041
0.784810 -3.438457 3.770868 13.214848 -18.870979 14.827017 5.894639 8.557695 22.132067 -5.860055
5.738795 5.003354 -13.658700 1.851009 8.025732 7.422153 16.292461 4.679202 6.776744 -10.464005
1.561618 -5.902471 -4.153635 11.326071 -16.177952 13.107475 18.900417 -5.420616 -1.384346 -0.990127
1.881094 5.198411 -13.639532 10.498929 -2.886434 9.164541 4.492178 14.341707 29.731176 -20.395399
0.063101 -5.781017 -1.353818 1.622879 -9.510466 18.618818 20.224270 -3.780788 14.854392 -2.823209
-15.312622 -22.032637 23.750074 15.147450 -43.623447 22.607519 6.448385 -8.553579 23.328573 14.123208
5.392472 -19.140097 -3.220442 -20.944668 -0.283843 19.734179 36.661213 -25.353975 6.946690 17.521578
5.550873 -3.948016 -1.186214 3.631392 -9.544752 20.222197 21.600563 3.510669 16.603563 -2.210738
0.802794 -10.417639 -6.030630 3.194375 -11.853930 17.928644 30.698647 -14.768278 -1.556316 3.162162
-12.285510 -13.417356 2.241776 -8.038179 0.639006 18.226713 27.440468 -28.875248 5.442054 1.408583
-9.355983 -20.181028 8.662107 7.075339 -23.470028 21.948526 25.828072 -24.936468 5.335188 8.755323
1.470140 8.589159 -16.280058 7.261786 7.482077 6.072123 4.404059 13.416414 25.064180 -21.105349
14.617454 -9.867439 -11.958155 -7.381024 -8.104919 12.873020 23.759075 -3.515658 13.776677 8.538260
5.634544 -14.600544 0.707585 3.903165 -16.201553 14.732777 24.790953 -14.148070 1.982631 13.176572
-0.757094 -6.202580 1.519315 6.633574 -15.910583 21.481924 19.147274 -0.612777 13.182788 -5.704597
0.730023 -1.530353 -7.355090 11.853184 -10.328904 10.658077 14.214307 -0.036755 2.244463 -7.729656
6.015600 7.566993 -11.351908 1.823415 13.585906 5.934981 6.789160 11.785388 23.468805 -12.085902
-6.150524 -6.166918 -16.248619 -15.686134 13.733361 10.814741 29.875587 -25.465719 -1.865985 -8.511279
-0.700861 0.141598 -3.872885 9.410231 -6.742556 12.799404 9.889227 6.023596 15.083405 -10.928404
-3.665400 1.981448 -2.871419 3.439318 4.277308 13.430098 20.784855 -5.661708 3.482298 -7.838210
-8.845128 -24.473127 19.971577 5.807760 -23.619480 26.215696 28.303364 -25.605085 6.733804 22.113779
5.425116 -1.689300 -10.000981 2.550342 -3.729586 15.882783 17.368484 6.144015 22.260843 -8.421597
2.387862 0.905666 -4.413281 11.885649 -11.121007 13.198264 7.365262 11.741215 24.629686 -12.678512
3.113773 1.165710 -8.259932 3.212077 -0.125592 14.582194 19.559162 3.663723 8.541073 -9.127522
-4.244595 6.658070 -10.331128 0.114360 12.346001 12.772072 22.301670 -1.848834 5.155271 -15.383947
15.651059 0.684700 -10.842952 -13.699519 17.964420 12.582335 28.141462 -0.051594 13.775883 5.432008
4.127556 -21.971846 -2.729069 -16.711336 -1.977954 17.361143 37.677910 -30.312115 -2.400393 22.104702
