4.370052 -11.085881 -28.571608 -20.126701 -9.499423 -18.416534 14.781354 5.830822 -20.129877 -29.154514
-1.175040 1.318462 -5.641678 -11.012109 -6.763473 -17.703039 3.885859 4.463471 -12.674084 -18.989716
21.741711 -35.875225 -50.837910 -37.384720 -5.211154 -35.228016 39.804298 -0.187507 -34.853733 -54.786633
1.110398 -3.845654 -7.267994 -12.466424 -6.350781 -20.158058 8.504739 3.421454 -14.600845 -21.458649
2.907509 -7.682777 -21.149256 -18.142469 -8.550388 -17.567684 11.448124 6.169766 -17.047466 -24.941540
-2.268432 4.436894 1.968927 -7.522491 -5.071692 -15.696440 -0.609268 3.530615 -10.014914 -14.505771
-2.226551 5.185266 3.337306 -7.909659 -4.856308 -17.017761 -0.899045 3.470294 -10.677994 -15.445747
0.238127 -3.378054 -15.010533 -15.194252 -8.845140 -17.665346 7.352479 6.421003 -15.111450 -22.329224
-2.202864 4.751852 2.545913 -8.032178 -5.065167 -16.746880 -0.496275 3.663209 -10.649305 -15.357728
21.384445 -35.273678 -51.191147 -36.731670 -5.902056 -33.487629 38.767712 0.476067 -34.353836 -53.519203
-1.594671 1.228219 -5.821836 -10.929399 -7.452462 -15.675470 2.711939 5.183379 -12.806976 -18.183611
-2.221165 3.554666 -0.868555 -9.102942 -6.416196 -16.562496 0.632896 4.434591 -11.583580 -16.355703
11.279391 -21.763193 -40.330799 -25.745275 -7.858346 -21.568964 24.531492 4.524088 -24.209188 -36.377151
-2.279427 5.293602 3.519223 -7.555087 -4.704861 -17.011448 -1.257992 3.502582 -10.339434 -15.091906
-2.176366 5.122107 3.263528 -7.735643 -4.854290 -17.096867 -0.928094 3.462923 -10.551722 -15.354599
-2.211149 4.468798 1.900777 -8.365340 -5.333317 -16.855206 -0.394313 3.770266 -10.955132 -15.663158
7.122935 -14.747865 -31.839643 -21.351599 -10.331978 -18.633373 17.761854 6.053204 -21.599501 -30.471207
-2.334218 5.152709 3.331550 -7.814675 -4.983088 -17.164173 -1.002839 3.540298 -10.669443 -15.555737
21.815443 -35.964863 -51.027271 -37.447689 -5.277980 -35.214962 39.852627 -0.138308 -34.905701 -54.875229
0.971705 -3.468330 -15.990516 -14.515718 -8.589355 -15.764220 7.397305 5.979009 -15.255239 -21.475052
10.110902 -20.645941 -38.830471 -25.613714 -8.407933 -21.469698 23.714411 4.967762 -24.075438 -35.184143
-2.166781 3.571297 -1.188048 -9.332507 -6.381957 -16.462107 0.764167 4.434504 -11.651393 -16.344273
-2.371950 4.088314 0.221664 -8.967083 -6.018349 -16.602695 0.041120 4.187593 -11.306965 -16.130552
-2.191373 5.464487 3.751845 -7.818634 -4.756212 -17.732527 -1.060887 3.505984 -10.807416 -15.789933
-2.254715 5.035523 2.901274 -8.079896 -5.225174 -17.720337 -0.691044 3.819235 -11.021708 -16.151485
-2.130837 3.465593 -0.486246 -9.772054 -6.322075 -17.346451 0.768455 4.482757 -12.087942 -17.308033
-2.085956 4.981770 2.827105 -7.544938 -4.863396 -16.198475 -0.746495 3.499922 -10.153751 -14.772172
-2.063311 3.391946 -1.893982 -9.438450 -6.408039 -16.424459 1.143219 4.362081 -11.610641 -16.588448
20.194000 -33.991261 -50.978992 -35.728783 -6.132641 -32.123863 37.363140 1.007106 -33.474823 -51.867336
-2.279194 5.201752 3.047594 -7.758426 -4.983327 -16.669796 -0.977517 3.529993 -10.465027 -15.152646
-2.333060 4.941113 2.733438 -7.545366 -4.928784 -16.162170 -1.080698 3.535729 -10.130138 -14.658787
15.408345 -28.096434 -45.987804 -30.886999 -7.092064 -27.181814 31.699564 3.114210 -29.171606 -44.038631
-2.366776 5.244366 3.408808 -7.780119 -4.923711 -16.987631 -1.138122 3.584179 -10.512423 -15.285335
5.251751 -12.089403 -28.638334 -19.756578 -9.098594 -17.426735 15.474626 5.854453 -19.344492 -27.744087
21.778265 -35.897312 -51.263168 -37.402836 -5.418375 -34.947296 39.701939 -0.012398 -34.821579 -54.754356
-2.120251 4.063586 0.367131 -8.982825 -5.855561 -16.359339 0.373455 4.081098 -11.259937 -15.939269
20.846861 -34.697956 -49.813721 -36.370605 -5.661608 -34.039848 38.483814 0.353341 -33.754761 -53.191364
17.864428 -31.085722 -49.074306 -33.411026 -6.794716 -28.828316 34.139797 2.120336 -31.294771 -47.580864
-2.282985 5.152874 3.044746 -7.746742 -4.976449 -16.617218 -1.033198 3.580953 -10.422593 -15.106150
5.257576 -10.924007 -19.463844 -16.945683 -7.802960 -17.857599 13.837066 4.249056 -17.808786 -25.530655
-2.198029 3.866812 0.060515 -9.737410 -6.365757 -17.698635 0.556783 4.372414 -12.116316 -17.235809
8.610093 -18.271803 -37.491005 -23.628225 -9.146881 -18.893303 21.183340 5.377298 -22.847006 -33.133224
15.336844 -27.462091 -45.715183 -29.965891 -7.975807 -24.969740 30.145613 3.534253 -28.111670 -42.438656
-2.198181 5.316062 3.672641 -7.804151 -4.719402 -17.487692 -1.200674 3.526534 -10.717558 -15.641938
15.424670 -27.739056 -46.548244 -30.445997 -7.689422 -25.445774 30.828920 3.440912 -28.897505 -42.979458
-2.223001 4.320443 1.863195 -7.767178 -4.921561 -15.688050 -0.550765 3.506033 -10.096176 -14.557113
6.242683 -13.261540 -28.571692 -18.914480 -9.007367 -16.562157 15.344350 5.739685 -19.013605 -26.875406
-2.307215 4.567756 1.845816 -7.789966 -5.302420 -16.153057 -0.595003 3.685037 -10.422889 -15.031673
11.952348 -21.248419 -36.729801 -24.414434 -9.145457 -20.036839 23.207136 4.402781 -23.710356 -34.985401
6.913104 -14.597106 -28.071365 -20.405775 -8.303164 -20.010349 18.673515 4.618024 -20.817001 -30.333452
9.776997 -20.334841 -38.439667 -25.419786 -8.225408 -21.178726 23.122572 4.647072 -23.226814 -34.767281
-2.438906 4.754496 2.483216 -7.785555 -5.138669 -16.323570 -0.918664 3.686324 -10.320236 -14.918870
4.883192 -12.264039 -29.486723 -21.268213 -8.757894 -19.491821 16.469118 5.613702 -20.364849 -30.069155
17.844822 -31.272289 -48.177914 -33.502487 -6.855722 -30.156593 34.743855 1.821704 -31.353952 -48.785355
-2.187100 5.129409 2.870803 -7.580792 -5.029098 -16.320114 -0.824414 3.545602 -10.266199 -14.764169
-2.413585 5.343429 3.549222 -7.616104 -4.929557 -17.092743 -1.262159 3.564494 -10.474403 -15.282539
5.216063 -12.052623 -27.504557 -20.300695 -8.752606 -18.172611 15.893100 5.834727 -18.991386 -27.863012
21.686634 -35.770973 -51.048008 -37.269836 -5.354745 -34.873943 39.609680 -0.049122 -34.785271 -54.552917
2.369476 -6.505589 -21.044661 -16.765278 -8.829933 -16.664989 10.508481 6.000701 -16.876808 -24.002377
-2.254230 5.268295 3.461839 -7.719360 -4.737462 -16.934494 -1.173385 3.472571 -10.450007 -15.176288
-2.123212 5.237810 3.637410 -7.462707 -4.609410 -16.795912 -0.927642 3.327986 -10.211597 -14.905337
-2.389756 3.910767 0.427926 -8.436254 -5.828566 -16.325844 -0.028041 4.059956 -10.990969 -15.735076
-1.490434 1.326352 -6.619231 -11.577113 -7.356643 -15.987916 2.922063 5.301283 -12.677756 -18.308470
-2.111740 3.908179 0.848047 -9.488718 -6.488327 -19.203848 0.613478 4.478974 -12.712067 -18.439222
-0.218692 -1.276627 -11.901044 -13.979819 -8.534747 -17.339571 5.704564 5.974740 -14.711058 -21.083977
-1.960520 2.858724 -2.369370 -9.560882 -6.301054 -15.926702 1.219718 4.297336 -11.444808 -16.142906
-2.292206 5.127195 3.028001 -7.627228 -4.903057 -16.333044 -0.993129 3.491259 -10.205809 -14.776677
-2.398039 5.116344 3.284555 -7.627880 -4.929725 -16.770252 -1.217052 3.532851 -10.331682 -15.067310
0.532986 -2.898829 -15.576526 -14.909726 -9.181431 -17.334229 6.977748 6.238660 -15.776115 -22.561483
-2.093131 2.884852 -1.816032 -9.622598 -6.620536 -17.422970 1.586919 4.440922 -12.324712 -17.546997
1.387098 -5.001333 -19.955549 -16.595329 -9.136341 -17.095577 9.553140 6.074584 -16.369745 -24.695427
