-22.365463 68.020393 -0.540950 -11.528577 -18.160511 33.208221 -32.520416 -13.020658 20.844503 12.070741
-8.100840 57.594501 6.246898 6.805941 -16.373348 11.857476 -13.795843 0.916550 6.742510 5.752506
-29.037451 70.090721 -7.343357 -20.146084 -19.812923 45.232151 -43.151459 -20.976479 28.571009 12.086665
-6.789830 57.396645 10.084569 7.151205 -15.184705 8.700537 -11.061036 3.017459 5.212219 4.007802
-9.270688 57.082684 12.562959 7.351681 -14.536744 8.364079 -12.597853 3.540238 6.609879 6.024953
3.421546 40.971924 14.106637 14.771817 -13.461357 -5.509916 1.363431 9.793382 -2.262575 -3.547395
2.445178 24.095102 20.859491 18.843323 -5.116012 -16.862852 2.851860 17.414433 -3.743791 -6.449533
-6.065145 43.405426 13.693349 5.012285 -12.614579 4.317934 -6.858580 2.467911 4.582088 5.318561
-0.372188 45.029770 17.725937 15.353742 -12.881872 -6.390328 -1.380460 12.212483 -0.942565 -1.287213
4.857798 33.847904 21.834223 20.224043 -8.338024 -17.301065 4.886859 17.055538 -6.146224 -8.082162
6.296083 27.157232 21.673359 20.791855 -6.852594 -20.213404 7.270450 18.465176 -6.891395 -8.149965
1.243033 42.113472 15.609120 11.831183 -11.914898 -6.132485 -0.092336 9.407968 -2.510474 -4.026440
-0.691881 43.248985 1.988232 -1.272019 -12.903284 7.243763 -6.216135 -1.440266 0.752016 -3.948821
5.978935 28.144947 21.251839 20.716967 -8.219972 -18.561415 6.768734 17.825516 -5.787621 -6.935165
-10.492739 58.084991 8.926553 7.926472 -15.862816 13.057567 -15.367730 2.262390 8.687024 7.323946
3.322275 26.171904 23.857407 22.421646 -5.414391 -19.839706 4.338981 20.258329 -4.730786 -6.941365
1.188428 46.653519 10.757918 5.752854 -14.224351 -0.972135 -0.045957 4.025829 -2.416379 -1.603105
5.482393 30.320883 18.620655 18.225842 -9.372879 -15.326751 5.440363 15.381354 -6.206570 -9.021816
-28.022217 68.545631 -7.217928 -24.713854 -18.037395 44.057823 -41.845947 -22.831877 27.391325 9.538790
3.896430 30.859211 21.342226 20.245464 -6.726947 -18.449091 3.672024 17.607985 -6.955495 -10.998471
-23.849380 68.249596 -6.121810 -16.378420 -19.646988 39.851414 -36.507130 -17.614061 23.984518 11.427331
3.618236 30.876038 24.493055 23.560421 -6.522017 -20.439848 4.600525 20.013454 -5.717373 -8.194141
5.071881 33.535751 5.777018 5.287381 -10.362274 -6.408845 -1.009156 5.985734 -5.255164 -13.801982
6.775882 25.927774 19.862846 20.304695 -7.524945 -18.217529 6.638757 17.303326 -5.670779 -7.936284
3.689990 28.386618 23.316687 21.926126 -5.721433 -19.422537 4.856921 19.215145 -5.566899 -7.558783
-9.107624 56.436195 7.529389 7.435902 -16.012447 11.621488 -14.664524 3.103571 7.423771 4.060133
-4.540708 52.720173 7.038126 7.193875 -16.802034 9.085230 -8.861906 1.599051 5.213406 6.073694
-4.570542 55.605862 7.458246 8.160127 -18.529711 11.301599 -7.533356 0.775856 5.684916 9.182425
-25.165674 68.994415 -4.467791 -14.950295 -19.825832 40.349957 -36.902939 -17.311821 25.260576 14.794758
1.376325 44.275848 9.121779 8.305291 -12.820253 -2.672554 -2.557414 5.672681 -2.709988 -6.214947
-17.572441 60.259403 1.946505 -4.064181 -13.479797 19.661348 -28.825769 -4.925135 13.975664 -1.712104
0.278469 43.988647 15.408004 11.976436 -12.291628 -5.148407 -0.846361 8.924598 -2.275314 -3.050108
4.468499 26.693115 23.314079 22.025526 -6.237977 -20.290781 5.966355 19.771095 -6.121129 -7.042367
-31.746441 72.616417 -7.470166 -22.342730 -20.392473 48.523052 -46.262959 -22.813702 31.265839 13.926549
-24.016029 68.335579 0.244280 -9.655637 -16.598980 32.336613 -34.476128 -12.070807 21.512447 10.163093
0.458847 47.264015 14.875026 11.475064 -15.421724 -0.090504 0.045597 6.761337 0.456026 4.055834
-27.876909 68.440132 -7.171081 -20.236313 -19.612288 44.952038 -41.489521 -21.348572 28.427679 13.379275
7.352516 24.642603 17.499514 18.313469 -6.454232 -18.387222 6.280156 17.245718 -7.478047 -11.627326
4.192878 24.899794 22.326689 21.025450 -5.210039 -19.429552 4.607316 19.178333 -5.334054 -7.511805
4.490714 27.609751 23.987324 22.661320 -6.909879 -19.711321 5.947421 19.896381 -5.254946 -5.814438
-7.693942 58.247074 6.319454 0.701034 -15.022375 13.520254 -12.886051 -1.853468 6.351465 5.186565
3.859113 28.914778 24.464787 23.273197 -7.036200 -19.868803 5.515640 19.750650 -4.982890 -5.322519
-5.601440 48.904491 4.656748 -0.530082 -13.785238 12.447299 -11.859783 -1.234509 5.291691 0.932451
6.886425 28.472643 20.850643 21.127010 -7.439172 -20.038797 7.263761 18.068127 -7.199002 -9.565933
4.004531 24.748934 22.244816 21.511221 -4.653047 -19.890451 4.182968 19.562927 -5.241416 -8.172361
3.955953 29.931459 23.859558 22.213184 -7.390241 -18.839098 5.011500 19.192608 -4.719488 -5.299793
6.887698 27.999048 19.969585 19.844957 -8.141930 -18.314999 6.975471 17.289280 -6.288096 -8.197170
-3.378424 42.135796 11.237689 3.144264 -7.854360 -1.862494 -7.180302 2.586923 -0.183330 -5.721541
5.392346 25.714119 22.237560 21.347040 -6.099131 -19.944389 6.325637 19.441135 -6.298059 -8.252353
2.812288 35.148705 22.160536 22.885464 -10.071426 -15.721262 3.344163 17.758720 -3.750705 -5.080319
-5.710660 28.231714 21.449604 24.626684 -6.156591 -10.853816 -6.207063 18.672363 4.349818 0.064419
-8.195091 60.560394 7.481424 7.173846 -18.068653 12.831742 -12.907021 0.435190 7.191399 8.812058
4.032381 32.271721 24.506044 23.053738 -7.533625 -20.048038 5.357790 19.618792 -5.884759 -7.046686
-7.421968 56.079826 12.426032 4.611406 -16.386597 10.384664 -8.491218 0.903683 5.925004 10.030239
-8.045046 56.019699 6.587636 8.692541 -15.818682 10.031925 -14.519924 2.115993 6.742993 3.222525
-12.103003 58.937584 11.208836 6.044437 -13.999033 11.388312 -16.402838 1.098679 8.842021 6.605282
7.139321 26.441576 19.860081 20.034960 -7.091702 -20.250208 7.508233 18.221888 -7.575363 -10.077117
3.540573 31.827377 17.777250 16.747744 -11.228018 -10.994502 3.851722 14.013994 -3.758138 -5.223320
-8.209910 56.165512 8.117414 2.159068 -14.697785 12.590934 -12.784145 -1.454498 6.824333 7.003344
3.219525 32.242012 25.052393 23.666458 -7.557474 -19.425310 4.495865 19.614258 -4.766865 -5.647391
4.690457 26.951918 19.502674 18.956755 -6.271748 -18.212225 4.619130 17.894821 -7.142009 -11.067344
7.484988 25.537310 18.497223 18.827290 -6.527062 -19.243834 7.169285 17.072086 -7.451120 -10.485202
-5.060370 53.778545 6.777169 9.928539 -17.041870 7.926746 -10.309252 3.070840 4.776394 4.310029
6.104833 25.666109 20.211880 19.588837 -5.921180 -18.634975 5.648631 17.958832 -5.691753 -8.355865
7.718607 27.157774 19.162169 20.077400 -8.049824 -18.640127 7.346012 16.783941 -6.664209 -9.026168
-10.805904 55.345779 12.836315 7.013219 -12.241493 7.667746 -14.628660 2.177616 7.230813 5.298559
5.138407 27.429926 22.062374 21.280094 -7.282871 -19.279352 6.446000 18.967909 -6.039403 -7.008520
5.525351 26.298651 21.536886 20.170437 -6.294085 -18.936771 6.289627 18.230541 -6.243510 -8.111462
6.528786 29.270864 20.988819 20.823412 -8.053061 -20.332428 7.561171 18.384111 -7.530514 -9.096138
7.085565 30.655510 19.762146 19.715021 -8.588854 -18.278612 6.522822 17.019936 -7.341698 -10.192487
7.821536 31.331182 17.527727 18.195190 -9.895656 -17.712788 7.248000 15.904622 -8.502310 -11.681687
-11.159168 61.804924 6.734208 -0.991711 -15.198208 15.349549 -16.791479 -2.557905 8.395916 6.028123
