2.674538 2.178445 -9.143126 4.048293 -0.600006 2.619529 0.141625 0.074675 0.583729 0.477174
2.653949 1.068728 -7.958369 3.990297 -0.884460 1.455255 0.768007 1.337282 0.275512 0.908491
5.265935 -5.726803 4.565393 2.575287 -8.665464 -4.746220 12.899512 14.947912 2.577375 9.530603
6.673427 -10.036590 16.217350 0.715512 -13.202843 -8.743882 21.767372 24.704561 4.537747 13.982416
5.034108 -5.075600 4.241603 2.684850 -8.218564 -4.708143 12.154386 14.596931 2.259644 8.983071
3.104132 3.816152 -11.253630 4.314291 -0.054023 4.250748 -0.786061 -1.510829 -1.170617 -0.656360
6.251374 -8.999640 20.448885 -1.498917 -13.239407 -8.632144 23.186739 27.071836 5.311014 13.311123
3.236507 -2.647062 0.073913 3.248534 -5.207273 -2.108252 7.825634 8.477641 3.713888 5.588305
2.562541 -0.354679 -6.399685 3.715590 -1.710186 0.141984 2.112118 2.765941 1.420364 1.842544
4.987463 -5.256237 6.951553 2.467802 -8.422477 -4.817956 13.567732 15.824462 3.749371 8.127260
3.214990 3.493182 -10.646322 4.373259 0.215279 3.976766 -0.755332 -1.475869 -0.180153 -0.877130
7.546023 -7.520761 16.435528 0.761053 -13.491528 -7.245301 22.155020 26.468504 4.832345 13.305993
5.067370 -5.426730 2.646849 3.640758 -7.918985 -4.258686 10.944452 13.570076 2.069424 7.929670
3.298151 -3.549543 -0.130992 2.914668 -5.537594 -2.938141 7.847520 9.787259 2.740764 5.213449
3.193336 5.083623 -13.446804 4.970152 0.795207 5.732798 -2.020550 -2.786522 -0.623869 -1.779808
2.751475 -3.625206 -1.136110 2.959395 -4.675896 -2.690858 6.985882 8.840844 3.675302 4.482192
6.733303 -9.225769 16.422354 0.098112 -12.686962 -8.414576 22.359976 26.566977 4.671608 13.239870
8.582916 -14.788153 31.577835 -2.665947 -18.357492 -13.512365 34.469311 39.337769 6.917431 18.543131
3.613173 5.371084 -13.773111 5.230834 0.420636 6.073409 -1.291594 -2.153238 -0.691247 -2.255419
4.555096 -3.590226 -0.213287 3.200728 -5.985250 -3.192453 7.832005 9.817815 1.251087 6.779389
3.077257 3.149195 -11.228703 4.412130 -0.175645 3.728740 -1.000281 -0.427977 -0.675535 -0.643001
8.930984 -14.780102 36.769371 -4.614571 -19.484854 -14.148127 37.617367 43.462196 8.039910 19.153906
7.040569 -11.370013 27.526461 -2.017395 -15.353321 -11.292595 29.020231 32.891792 7.230414 17.056385
2.648572 -0.319425 -7.200320 3.915086 -1.845977 0.583809 1.828740 2.277011 1.521305 1.974433
2.523015 4.756893 -12.654762 3.828632 0.207513 5.263856 -1.341761 -2.646036 0.158674 -1.677378
8.026658 -10.169662 16.477333 0.639578 -14.527961 -10.112333 24.605354 28.244810 3.623601 15.315245
6.758257 -7.818468 7.987384 1.961982 -11.689497 -6.358617 17.485405 20.621935 2.261626 11.266059
2.972987 2.442190 -9.920830 4.200886 -0.426714 2.798569 0.130475 0.422598 -0.524289 -0.718038
2.697007 -4.133546 -1.404713 3.331735 -4.724604 -2.918234 6.758055 7.892695 3.528563 5.170422
2.611258 3.632349 -11.566759 4.120636 0.254544 4.154706 -0.855533 -1.008983 -0.529734 -1.024645
3.229063 0.155028 -8.589378 4.429983 -1.873761 1.233035 1.442437 2.621076 1.170671 1.671637
2.713190 -3.740994 -2.916818 4.581307 -3.946011 -2.825758 5.979655 7.048633 3.889996 4.629996
8.501476 -13.107221 31.417402 -2.623250 -17.996576 -12.380504 33.735771 39.109509 8.211698 18.390671
3.054507 0.074300 -7.022169 4.147298 -1.698490 0.870374 2.055189 2.345382 1.219271 1.557506
8.004034 -13.053911 29.272051 -2.580138 -16.590696 -12.317019 31.310141 35.601631 7.078840 18.079081
3.495784 0.387045 -6.312553 3.452182 -2.943143 0.920840 3.317892 3.233801 0.719869 2.266820
3.223854 4.395374 -12.453324 4.856441 0.002173 4.881306 -0.488257 -1.153942 -0.407140 -1.510654
3.339510 4.566070 -11.417014 5.311014 0.605440 4.600129 -0.635480 -1.117475 -0.138969 -1.876178
2.777478 3.750666 -11.313263 4.138384 0.098630 4.034906 -1.058723 -1.344068 -0.366489 -0.847994
4.406206 -4.120306 0.896919 4.880005 -7.146689 -1.743390 9.132311 10.873837 2.946949 9.156137
-1.944369 -14.360608 4.132493 8.977736 -6.273770 -11.282515 12.220574 12.514143 20.214203 11.065622
2.977018 0.203830 -5.817155 3.075308 -1.919035 0.258785 2.347128 2.932513 0.002763 1.650956
2.825958 -3.779160 -0.702274 3.441913 -5.635712 -2.954975 7.731598 8.229761 5.579275 5.232139
2.786007 3.017174 -10.910042 4.328012 0.043511 3.426162 -0.359017 -0.650394 0.108992 -0.841448
2.999346 -3.542067 0.042091 2.702662 -5.133001 -3.301654 8.610328 10.153201 4.038713 5.763913
2.395678 -0.004126 -6.935181 3.960407 -1.688817 0.496341 2.211043 2.666055 1.772657 1.436219
8.005075 -14.390359 33.671326 -3.262988 -18.053572 -13.255095 34.658783 40.133839 8.663037 18.071068
6.210728 -6.504476 7.871214 3.320261 -9.422879 -5.444016 13.327947 14.860605 1.120815 11.485751
4.931719 -8.091046 7.494140 2.237421 -9.075470 -6.964014 15.252546 17.510647 4.455325 10.171309
2.821515 3.137734 -10.914026 4.408038 -0.337299 3.826804 -0.507124 -0.830409 1.160756 -0.821846
2.758959 2.971004 -10.277987 4.142706 0.385693 3.455374 -0.802302 -1.095495 -0.298196 -0.904916
3.378844 0.777479 -5.547081 3.695445 -1.142036 0.643451 2.176182 2.693038 0.067943 1.725777
2.859790 -1.380323 -5.498342 4.106451 -2.827190 -0.237980 3.253041 2.877090 2.256137 3.711040
7.592642 -12.573785 30.800907 -3.635851 -16.699312 -12.575352 31.605047 37.060947 7.329702 17.048420
2.341849 -0.642090 -5.440737 3.486204 -2.038396 -0.019685 2.219093 2.621619 1.646867 2.465644
3.135910 4.327652 -10.528986 4.201114 0.297989 4.389948 -0.565633 -1.203752 -0.699584 -1.649060
2.900514 -0.397199 -7.293763 3.944012 -1.938312 0.690750 2.107982 3.589817 1.095911 1.715875
2.324557 -3.851254 -0.908396 2.842823 -4.321640 -3.386252 6.631598 8.218279 3.462986 4.913522
8.024530 -12.639794 29.004854 -2.829397 -16.943491 -12.548990 31.297764 36.182823 6.623531 17.176044
2.877399 3.553224 -10.588511 4.290293 0.083635 3.778033 -0.732715 -0.941471 -0.208310 -0.964134
5.410981 -6.825289 8.557528 2.298565 -9.126060 -6.175672 15.051074 17.527498 3.575973 9.741552
3.471201 -4.748006 5.123394 1.736536 -6.598250 -4.223865 9.714591 10.807443 3.533262 6.852644
8.679602 -13.721824 34.066879 -3.965087 -18.355089 -13.708380 35.211941 40.642334 7.614397 19.226316
7.715927 -12.901988 29.159342 -2.333131 -16.906502 -12.071362 31.130573 34.839718 6.656612 17.165529
7.731158 -13.183670 30.588137 -2.419963 -16.482468 -12.182134 31.483986 36.615704 7.290390 17.350092
3.196272 -3.523104 0.486700 3.391485 -5.036496 -3.017934 7.674327 8.805116 3.265529 5.815450
2.696725 3.723986 -10.681696 4.174558 0.197239 4.267351 -0.759848 -1.570487 0.016244 -0.771634
2.649655 3.880587 -10.708487 4.362714 0.401122 4.579713 -1.062498 -2.260409 0.488433 -0.588478
