-22.417768 5.414775 -2.933619 9.095363 -2.593974 -3.223161 -9.955316 10.197024 -10.681743 -3.875073
-24.604416 16.294558 -3.714368 3.615254 -0.156006 -9.187288 3.859724 7.293902 -5.066272 6.676369
0.161562 1.236812 -15.746923 4.098485 -6.573204 -14.520183 -0.834423 3.497769 -7.750149 -15.081237
1.660815 0.372543 -14.572302 2.074824 -9.236611 -12.425719 -1.849749 0.470430 -6.566003 -14.458367
-1.877757 6.085511 -19.071363 -0.084535 -0.640894 -6.100531 2.549446 1.418654 -5.767617 -18.003859
-11.912970 5.297056 -3.884327 6.770109 -7.058804 -14.703410 -2.960990 14.691109 -7.775198 -1.779845
-7.397891 6.374145 -15.822642 -6.433914 2.217492 8.212893 5.670846 -9.531471 -4.028713 -15.781783
-6.597098 13.850209 -17.289471 -2.056764 -8.737615 -12.598241 7.619511 -6.168151 -5.575118 -9.937221
-18.726521 14.603951 -14.815121 6.015918 5.939283 0.980556 -3.000408 -5.319441 -6.301623 -3.334941
-9.005697 8.926324 -13.319845 3.558656 -11.476489 -13.956209 0.118934 -6.629282 -7.581295 -8.954971
-28.193867 3.421450 13.471559 5.293975 2.357811 9.383731 -9.484037 35.493641 -10.471722 -3.287456
-7.834845 7.348053 -16.026445 -2.013762 -2.402692 0.316936 2.459405 -9.813955 -4.959504 -14.141538
-15.990768 10.559105 -13.129911 1.297678 0.260230 0.251590 0.018994 5.776441 -7.926202 -11.432035
-13.106532 6.431283 -15.200338 2.473501 9.566998 13.643823 -5.894299 4.118091 -7.689424 -16.007587
-27.648613 18.322771 -3.893476 -1.559487 3.005653 1.571801 5.350968 -1.692934 -3.926819 4.202497
-10.666245 8.053089 -18.505798 6.701990 3.051633 1.404770 -7.843575 -3.073318 -7.757475 -13.172368
-3.467446 2.877286 -19.526377 -0.981281 1.809171 2.429756 -0.030234 -1.505203 -6.451011 -20.706148
-1.194882 0.556948 -18.426394 -6.543647 -2.857085 10.801451 0.749707 -16.155581 -4.558643 -23.172264
-20.778454 9.762924 -2.615795 8.356986 1.290431 -9.480596 -3.734375 7.837254 -6.680159 3.014573
4.043519 0.137563 -18.395130 3.913033 -10.629775 -18.147301 -1.121543 1.386684 -7.965494 -15.767015
-24.706690 9.077575 -4.387372 4.529889 3.618210 5.854040 -5.928921 18.598957 -10.288157 -7.925169
4.474810 0.816888 -20.864815 -0.010242 -5.366171 -9.311810 1.459340 0.917228 -7.276105 -23.054033
1.628197 3.723174 -17.720551 -3.248682 -7.034120 -9.731818 6.432178 -1.507448 -5.851779 -18.481300
-13.533219 7.300285 -6.269943 12.982857 -1.668775 -16.649170 -7.378772 0.305899 -6.135527 3.717647
-20.063910 13.178986 0.668328 8.325974 3.006465 -15.820160 1.378547 6.531436 -3.008469 12.912997
2.450904 -3.571946 -13.825605 -5.773432 -4.375259 1.824493 2.294917 7.624408 -7.549844 -24.467741
-5.026889 5.253365 -20.857014 -0.169656 2.284418 5.316987 -2.781495 -8.166689 -5.759122 -18.343180
-23.601391 13.612383 -5.106256 9.655671 9.531963 -0.468083 -6.675060 6.770810 -5.813377 4.296573
-12.525331 5.082378 -9.103508 7.957418 -9.065932 -13.673726 -5.680340 6.349488 -9.704367 -6.713120
-24.228188 13.320736 -3.344378 5.406458 2.549626 -3.857751 -1.952394 6.855961 -5.952490 3.548345
-16.800249 10.364407 -12.706182 3.372194 0.772536 0.655978 -2.354439 0.314091 -7.633664 -9.130437
-5.878895 -7.995851 -3.542069 13.514480 -0.654034 -7.004593 -14.320258 22.860083 -11.418739 -14.982116
23.386982 -1.237177 -33.262077 -14.432864 -7.182964 0.738922 12.844899 -20.453123 -3.098468 -36.084015
-5.742966 -3.858613 -2.745159 9.462464 -3.764218 -14.019329 -6.022746 23.274977 -8.781994 -10.071965
-2.548186 1.536980 -9.779736 -10.311311 2.730170 5.750428 11.341544 -11.230410 -0.379204 -12.406131
-10.843440 10.034844 -8.041442 5.900579 -8.694558 -22.516857 2.276822 3.416576 -5.680480 2.639586
-28.184923 14.225612 -3.228259 5.733617 -0.310981 -2.605483 -3.595295 5.503294 -8.035198 2.771743
-16.336727 9.000324 -4.753449 1.862846 1.358967 0.010459 -0.670326 21.507904 -8.188597 -9.158455
-18.934025 13.515050 -2.269223 5.578607 3.718132 -8.049539 0.302439 4.856187 -3.332798 6.735559
-13.630909 0.884718 -7.272260 -0.573672 -0.975266 8.124967 -4.035733 -12.886215 -4.808229 -10.223512
17.765776 -20.077963 -4.121413 19.403746 1.383816 -35.487679 -9.810576 12.240705 -2.218257 -3.790546
-12.808681 10.612960 -6.435812 -1.190461 -6.420699 -13.268880 8.079123 5.963705 -4.688731 -2.210989
-1.070972 1.520677 -5.915592 8.808412 -6.294278 -28.515352 0.953900 -2.424031 -2.474551 3.977941
-26.204624 15.133293 -7.897997 7.706566 -2.489028 -4.193525 -6.529335 -1.740206 -8.944967 1.634724
-11.398925 11.978374 -19.394514 3.823769 0.796438 -4.306495 -0.923865 -2.416610 -6.640239 -10.701166
-18.103474 10.181670 -4.059809 8.996583 8.349666 -4.642616 -4.524700 10.451834 -4.442882 3.873837
3.113885 1.229456 -21.291374 -4.415103 -3.836241 1.369815 1.444772 -7.059117 -6.586257 -24.847250
2.957122 0.191493 -10.602804 -5.291317 -12.496026 -11.745255 6.835108 5.284992 -5.334728 -14.956506
7.001455 -9.499283 -10.280906 9.165424 -1.672458 -13.227340 -8.922361 7.779277 -6.861998 -17.089081
-9.654045 9.385068 -10.445517 -0.925140 3.297758 -1.643482 3.546783 2.734132 -4.396981 -7.560450
-13.341743 5.181371 -4.709029 8.112622 3.467915 -6.139092 -5.338434 16.222713 -7.255642 -5.689717
-7.138719 -7.428495 6.544800 8.743598 -1.119931 -8.316172 -7.595868 29.557104 -9.163008 -9.351830
-4.006005 2.588583 -14.384867 7.376768 -6.167457 -11.180728 -5.666491 0.563645 -8.129134 -11.534800
-5.841406 8.880759 -18.237797 -9.641365 0.551218 7.490502 9.610316 -11.259411 -3.715598 -18.985704
-21.003174 6.191360 -4.274580 10.790473 4.792615 0.622648 -11.697244 9.535437 -8.762042 -1.274638
-24.475334 11.089281 2.993139 -7.187153 11.127513 16.303127 5.569209 4.878085 -3.061691 -0.681776
-17.409981 9.268550 -14.321124 8.654658 2.154374 0.595223 -9.149902 6.818073 -9.950769 -10.658486
-7.465127 1.182914 -12.588745 8.182830 5.911813 2.799871 -9.321409 12.121022 -9.399229 -16.390219
-5.214039 5.485217 -15.735518 -3.171078 -0.817751 0.352078 4.605282 -11.249331 -3.890722 -14.337329
-29.699303 16.496754 -2.825727 2.187820 5.758198 4.091794 0.199540 4.654130 -4.341533 4.973805
-4.738464 -1.585393 -8.387388 -3.492261 -0.587607 4.160152 1.664177 -6.118666 -3.145800 -11.994821
2.178286 2.441581 -14.685354 -3.188430 0.601965 -6.829489 7.645739 -7.865634 -1.304147 -10.949038
19.665133 -0.319839 -31.600817 -13.379895 -6.976543 3.339889 10.517414 -19.228254 -3.436512 -35.921474
8.664131 -0.403412 -21.282085 -6.023651 -1.164494 -2.828492 6.128171 -9.039677 -2.611893 -22.377333
11.300337 -1.587648 -26.821390 -4.932653 0.683128 4.438900 -0.475852 -11.230577 -4.126906 -28.100361
-16.473286 -2.460181 -6.278386 -4.466703 0.003713 20.132948 -5.997282 3.871111 -9.194614 -20.995050
-11.166701 2.063565 -1.493566 2.189131 -10.930935 -6.007808 -2.535687 5.646647 -8.461156 -10.510274
-17.679192 2.967325 3.329213 9.933852 -5.280349 -11.933337 -7.026651 14.790352 -9.802945 -1.941865
