-0.926712 2.123432 3.223631 1.160486 -2.331750 -2.986576 2.622657 -3.443077 1.764285 -2.662598
-1.027240 2.019228 3.048923 1.173716 -2.242416 -3.094720 2.539495 -3.143724 1.782772 -2.519141
-0.765248 2.118116 3.255863 1.117440 -2.301894 -2.898298 2.456880 -3.404815 1.656658 -2.540874
-0.818968 2.003816 3.121258 1.092978 -2.198101 -2.761021 2.518919 -3.485834 1.684965 -2.494828
-0.807536 2.123221 3.285654 1.141022 -2.319278 -2.862003 2.601620 -3.598145 1.698411 -2.639670
-0.763501 2.125219 3.304322 1.126616 -2.305479 -2.919180 2.500973 -3.480647 1.690416 -2.558240
-0.973080 2.143000 3.272979 1.203149 -2.349922 -3.021187 2.663129 -3.566002 1.825440 -2.644642
-0.725274 2.125731 3.263626 1.140143 -2.294180 -2.898755 2.510918 -3.421545 1.620226 -2.582260
-0.699109 2.104176 3.279168 1.111797 -2.210503 -2.779035 2.489268 -3.481387 1.598413 -2.504103
-0.967631 2.097378 3.208959 1.137345 -2.302572 -3.000815 2.569529 -3.429205 1.803066 -2.586178
-0.972874 2.047944 3.107115 1.154239 -2.219253 -2.929604 2.569816 -3.321446 1.752669 -2.534146
-0.670614 2.051297 3.156396 1.108374 -2.185302 -2.809151 2.448458 -3.326003 1.557079 -2.490540
-0.807555 2.113113 3.217494 1.144762 -2.287911 -2.907479 2.528099 -3.395435 1.674363 -2.585342
-0.816813 2.194730 3.392098 1.226689 -2.409235 -3.076140 2.703762 -3.590611 1.723902 -2.723651
-0.941471 2.084483 3.167114 1.143044 -2.295850 -2.932300 2.615854 -3.466324 1.760179 -2.633169
-0.967034 2.089299 3.092762 1.146176 -2.319334 -2.974993 2.540071 -3.314791 1.769742 -2.591813
-0.820558 2.167009 3.334988 1.106317 -2.404443 -2.914304 2.468713 -3.605433 1.757395 -2.594792
-0.848593 2.144683 3.269335 1.121282 -2.347614 -2.982872 2.498320 -3.482067 1.773862 -2.597021
-1.050411 1.992666 3.006555 1.142069 -2.157738 -2.937069 2.523660 -3.160525 1.780410 -2.456970
-0.796222 2.081281 3.160539 1.037813 -2.345559 -2.759956 2.321705 -3.456049 1.684719 -2.507495
-0.889625 2.130797 3.240730 1.119388 -2.328967 -2.927560 2.529722 -3.500523 1.748037 -2.602729
-0.984861 2.089104 3.193342 1.184903 -2.275902 -2.977085 2.645647 -3.419065 1.757899 -2.610181
-0.893019 2.125243 3.218231 1.099423 -2.308484 -2.895818 2.468488 -3.429716 1.775669 -2.546667
-0.867893 2.145180 3.290400 1.157470 -2.368246 -3.018560 2.580025 -3.585392 1.825032 -2.629763
-0.689247 2.104970 3.230040 1.145341 -2.265811 -2.897278 2.505347 -3.413404 1.600863 -2.556397
-0.997046 2.195313 3.343158 1.198665 -2.444918 -3.178108 2.672762 -3.517270 1.893348 -2.717661
-1.027741 2.111180 3.146392 1.142199 -2.285028 -2.938664 2.541223 -3.415922 1.838547 -2.564654
-1.091383 1.945907 2.983985 1.076784 -2.165016 -2.775873 2.538111 -3.368169 1.768456 -2.459275
-1.034612 2.091864 3.192301 1.168340 -2.359107 -3.028189 2.628560 -3.499219 1.835604 -2.636048
-0.844090 2.133030 3.314006 1.159692 -2.296346 -2.994212 2.591432 -3.466448 1.725074 -2.595177
-0.793405 2.105753 3.236104 1.147238 -2.258051 -2.895289 2.558610 -3.439958 1.663516 -2.566401
-1.073840 2.068616 3.169262 1.123720 -2.310340 -2.999928 2.607033 -3.462364 1.833360 -2.607877
-0.831378 2.121650 3.203437 1.153637 -2.266185 -2.747611 2.579745 -3.562082 1.703507 -2.574180
-0.888233 2.159261 3.364211 1.198506 -2.361002 -3.057597 2.683624 -3.580627 1.763739 -2.688995
-0.873941 2.090994 3.234032 1.159099 -2.223716 -2.935416 2.620202 -3.444108 1.718580 -2.569246
-0.903900 2.099316 3.192046 1.156155 -2.259747 -2.947017 2.566259 -3.348407 1.720443 -2.575293
-0.413081 1.888037 2.943621 0.951424 -1.984531 -2.398935 2.108213 -3.028698 1.295803 -2.194251
-0.806301 2.068447 3.095510 1.079932 -2.328205 -2.739347 2.346645 -3.378668 1.708374 -2.498585
-0.786874 1.993435 3.013956 1.104096 -2.155232 -2.755173 2.472584 -3.292319 1.647676 -2.477268
-1.049238 2.127473 3.237545 1.173855 -2.344620 -3.037093 2.621797 -3.459238 1.846139 -2.629325
-0.742307 2.078824 3.144735 1.107202 -2.241515 -2.842261 2.448466 -3.318596 1.617447 -2.519161
-0.923965 2.040084 3.102419 1.160640 -2.268540 -2.968793 2.599177 -3.433820 1.814710 -2.556289
-1.034339 1.932803 2.934259 1.071205 -2.154118 -2.761072 2.501249 -3.171984 1.707328 -2.488841
-1.105024 1.999592 3.003145 1.133618 -2.257666 -3.050996 2.529296 -3.151992 1.814202 -2.528895
-1.015159 2.040887 3.132875 1.131083 -2.296653 -3.006280 2.579785 -3.372337 1.786474 -2.602413
-1.005686 2.201463 3.341111 1.185191 -2.440319 -3.132915 2.621673 -3.571025 1.881652 -2.694936
-0.934048 2.218040 3.383099 1.184018 -2.469283 -3.163409 2.562229 -3.573878 1.867776 -2.653546
-0.837023 2.130013 3.205575 1.185469 -2.361558 -2.915971 2.628434 -3.575912 1.766718 -2.655154
-0.602825 2.067790 3.134103 1.071688 -2.270652 -2.639587 2.306066 -3.460918 1.521831 -2.459276
-1.084486 2.078234 3.096030 1.109682 -2.308649 -3.009443 2.494914 -3.266802 1.864422 -2.569241
-1.048245 2.181794 3.346773 1.162265 -2.400680 -3.100218 2.636165 -3.590142 1.892975 -2.663665
-0.820851 2.118166 3.214826 1.176907 -2.312194 -2.957931 2.608317 -3.453602 1.704136 -2.632187
-0.868915 2.132661 3.253506 1.151099 -2.316232 -2.966397 2.543202 -3.448601 1.750396 -2.582788
-0.855932 1.997304 3.067786 1.166971 -2.196282 -2.888613 2.606398 -3.355486 1.717909 -2.529084
-0.914356 2.083268 3.140027 1.186773 -2.295378 -3.076608 2.575473 -3.293079 1.769901 -2.599568
-0.950704 2.060887 3.124264 1.125110 -2.255188 -2.876509 2.552979 -3.357862 1.708577 -2.579447
-0.896915 2.201298 3.330285 1.182760 -2.375911 -3.034721 2.557532 -3.525599 1.796108 -2.626312
-0.856072 2.147509 3.282421 1.248172 -2.332209 -3.121311 2.701277 -3.439138 1.735304 -2.671613
-0.938428 2.089915 3.168546 1.192381 -2.277840 -3.044883 2.614840 -3.389600 1.797769 -2.585998
-0.801759 2.107373 3.216004 1.105534 -2.326738 -2.971584 2.455603 -3.398588 1.744792 -2.552279
-0.817643 2.134137 3.257602 1.126272 -2.325267 -2.932515 2.488812 -3.464910 1.749624 -2.561526
-0.975777 2.190861 3.293613 1.178007 -2.405873 -3.009872 2.617366 -3.617330 1.882935 -2.659303
-0.724539 2.224347 3.493109 1.207688 -2.438604 -2.994850 2.679883 -3.725857 1.663680 -2.736583
-0.842118 2.154674 3.332132 1.157573 -2.327498 -2.967499 2.600652 -3.519852 1.733213 -2.635020
-1.039595 2.003051 3.041621 1.164256 -2.244199 -3.022377 2.583515 -3.241734 1.777474 -2.546038
-1.064575 2.113063 3.238665 1.184915 -2.312747 -3.079176 2.627450 -3.392528 1.820205 -2.601576
-0.985967 2.134126 3.249233 1.182469 -2.397869 -3.155430 2.650100 -3.444529 1.840957 -2.708302
-0.858385 2.164744 3.375322 1.225090 -2.406724 -3.123026 2.753230 -3.629796 1.746457 -2.748829
