4.798735 2.894594 -15.671341 -2.763181 1.570314 6.008970 3.845115 -2.345112 1.966989 0.010952
3.891918 3.375112 -13.501982 -1.485003 -1.150552 9.735820 4.889608 6.192623 3.589876 -1.366483
-0.980344 4.843434 -1.397923 -6.722879 0.272471 6.072731 12.917388 4.167839 10.322268 -1.049629
0.865787 5.245085 -3.677566 -5.983829 0.161168 7.160375 10.915671 0.326761 7.837027 1.266882
-1.193604 4.604457 -0.837873 -8.611822 2.525870 -2.529909 13.050163 1.247328 8.031314 0.598380
6.664717 1.971837 -8.626632 -2.430893 -1.910229 6.306956 5.807761 6.692257 4.072986 -0.500200
-1.517544 5.503854 -3.307331 -8.239829 2.517950 -1.220428 11.125719 -1.783287 5.374803 1.804197
-0.390819 4.400423 -1.939913 -6.313948 -0.099664 5.304912 12.241521 7.499358 9.574233 -1.439844
1.831269 4.074870 -9.205408 -6.044564 2.207479 -0.652990 8.658419 3.316351 4.291859 0.034815
-1.176767 4.187886 -6.689085 -3.774488 0.403457 9.061630 8.052573 1.495215 7.012973 -1.754197
6.784057 4.991055 -8.353551 -6.811675 1.361108 1.619239 9.912912 -0.892318 3.740200 4.290118
-2.224715 5.323629 -3.036837 -7.615619 2.166614 0.691706 11.758431 1.874867 7.184988 0.440537
3.862735 4.349743 -7.576104 -6.727176 1.164055 0.791689 9.743397 2.460390 5.356119 1.526270
1.655742 4.462063 -6.322207 -11.591763 7.046386 -14.706992 12.149386 0.393126 5.076601 1.883319
3.567314 1.514766 -17.480503 -2.286844 1.777228 0.290985 1.999735 1.092085 -0.587412 -1.548386
0.931123 2.754532 -5.744370 -9.324838 4.969070 -12.589322 11.058726 5.113424 5.122072 -0.464524
-1.261529 4.959658 -0.340368 -10.951977 3.897562 -8.234371 14.493903 1.315921 7.747871 1.552255
-6.495481 7.527350 1.282177 -11.080668 5.037488 -2.971853 16.191736 -1.870416 9.572386 1.002929
4.413833 1.761867 -12.613103 -2.039787 -0.252101 5.044835 3.901674 2.822032 2.467039 -1.206007
-2.088745 5.986040 0.349759 -6.951669 -0.129995 8.272663 14.785121 5.086943 11.729928 -0.453871
6.141362 3.423047 -14.259417 -3.071504 0.904525 8.472707 5.147051 -1.776276 3.190868 0.878567
-2.349466 6.145865 1.673288 -8.861875 1.297870 2.972368 15.991904 3.340487 11.452557 0.309941
0.629246 4.626698 3.368508 -8.077012 -0.820205 -0.931856 15.177445 6.156951 9.410033 1.470843
2.602658 3.210683 -9.446723 -3.075341 -0.622618 6.709225 6.514934 2.213929 3.976335 -0.741926
1.585472 -1.478656 -14.507195 2.284111 -1.655250 5.675708 -2.359806 8.644491 0.464548 -4.996164
0.767999 5.348778 -5.102916 -6.550947 1.171840 6.309947 11.020462 -2.254558 7.612418 1.703487
2.700229 3.296521 -5.314745 -11.893241 6.118383 -16.865679 13.151602 4.145897 6.041678 1.344324
2.099352 -1.636100 -26.234257 0.010842 6.882532 -9.855941 -6.790044 -3.507954 -5.698156 -4.550685
2.671752 3.685915 -9.316109 -3.638506 0.152204 9.214949 6.432535 0.084114 5.267505 -0.254469
4.449776 1.859016 -13.897503 -1.939769 0.000747 5.123262 3.791470 4.975449 2.560553 -1.563158
-0.834262 4.740769 -8.259851 -6.732402 3.536229 1.485315 9.106386 -0.061332 6.334862 -0.429264
3.551797 3.682923 -13.125523 -4.420328 2.658745 6.506751 5.406244 -7.623019 3.391692 1.005575
-6.372232 8.148719 11.790089 -15.407393 3.794683 -7.398089 26.791233 6.657360 17.100613 0.494989
3.123593 3.468056 -10.030306 -2.836863 -0.491268 11.968410 6.178909 -2.420069 5.154343 0.140848
-5.300315 5.274554 1.352726 -5.666711 0.967600 4.111636 10.768777 -2.615056 6.219180 0.593918
1.157911 2.776320 -6.348133 -2.016896 -2.175267 9.095225 6.790055 6.153038 5.733654 -2.048052
6.140206 2.466496 -14.547588 -4.200481 1.870777 -0.268236 4.738289 2.480026 1.693300 0.713461
9.135556 1.294332 -3.727376 -7.194996 0.896408 -10.557556 9.435128 6.134927 3.256336 3.295728
5.669264 -1.220317 -11.650410 -1.814181 -0.612515 -1.861699 1.692638 8.233833 0.838112 -2.772019
-0.536691 3.853381 -10.386199 -5.682622 3.800997 0.350638 6.137458 -3.416143 3.157946 -0.077902
4.829966 2.423351 -4.225857 -2.073078 -3.799337 7.431437 7.589924 11.026844 5.893824 -1.147863
-2.215055 0.494472 -4.111334 0.675011 -4.202612 9.890933 3.472905 7.822670 3.991969 -4.186195
4.610791 1.896185 -18.878868 -1.327651 0.884888 7.177249 2.197404 2.037454 1.611089 -2.057332
0.357754 3.264404 -5.464020 -9.272330 4.578972 -9.318395 10.968833 5.617487 6.197269 -0.880412
4.662560 -0.308739 -14.998262 -2.004264 1.552120 -1.251039 1.548713 0.965956 0.203358 -1.789407
-4.562421 6.665847 2.188366 -11.247517 4.669448 -1.799801 17.188829 0.753696 11.445168 0.007491
3.117620 3.731839 2.260003 -4.452705 -3.555705 7.718823 11.660373 1.748356 7.480513 2.488674
-0.915048 3.252660 -0.017956 -4.240111 -0.513096 9.593843 10.517941 -0.622841 8.830367 -1.578213
1.599715 1.642374 -1.430012 -5.296076 -0.449671 -3.000726 8.388395 3.672176 4.494463 -0.221730
5.485942 2.036037 -8.911217 -4.090761 0.666269 1.719291 5.944424 0.150280 3.149316 0.684748
3.732310 4.622392 -8.438595 -10.038484 6.692098 -10.378760 8.789261 -6.744417 2.237284 4.339351
-1.665874 3.692885 -3.789049 -5.661398 1.086509 6.165442 10.000981 3.271970 8.398710 -2.511928
-3.712212 5.314848 -1.832865 -10.305901 4.374486 -7.900998 13.367265 1.344701 7.134868 0.191774
1.356904 5.463722 -5.859114 -8.096148 2.187907 -1.260903 11.105712 2.802021 6.112771 1.495468
8.469424 0.924742 -12.896950 -4.394629 2.280798 -7.168780 2.987749 -2.622718 -1.683851 3.074670
1.992443 4.200634 -12.943157 -6.096299 4.257632 -0.465574 8.077949 -0.403158 4.584444 -0.534563
2.749663 3.786517 -12.513441 -9.045938 7.465266 -10.224342 7.724995 -3.754630 2.716563 1.322508
-1.348750 2.553213 -8.495846 -3.688576 1.690820 4.128259 5.629962 -0.326169 3.686683 -1.836341
-4.033096 5.756277 -2.732260 -8.858394 4.164114 -1.743015 12.168902 -3.324734 6.818673 0.990181
4.064875 1.375977 -17.284372 -1.993528 1.415340 1.182496 1.896027 2.653604 0.161276 -1.534235
2.253014 2.129805 -3.964951 -6.176100 0.803191 -7.197978 8.957309 5.935244 4.128661 -0.382812
0.504462 2.709190 2.052048 -4.381844 -2.733896 1.270492 9.434234 2.940066 5.227262 1.231964
-9.974488 9.308898 10.244985 -13.522464 5.296101 -0.654600 22.521769 -0.979231 14.834412 0.447204
-4.942731 6.296753 7.172020 -10.810470 2.385638 -3.252044 17.569742 0.085710 10.347745 1.838987
-5.246349 6.339337 5.255412 -15.020609 8.251868 -15.913660 19.955309 -0.116346 10.606984 0.940203
-1.030671 6.620964 -8.964392 -8.684854 5.421692 1.420724 9.941155 -9.365561 4.726265 3.056039
3.634046 4.034621 -8.652189 -4.803169 0.932099 7.292116 6.898979 -6.559834 3.841923 2.371742
3.650636 1.386264 -14.525328 -0.492056 -0.442448 10.594297 2.159602 -2.802430 1.303456 -1.120702
