1.881001 16.653297 24.042164 -6.788957 -23.550127 -11.668653 6.646809 14.675119 -10.627665 1.503664
21.049185 23.323586 12.762185 14.710019 -9.673164 6.865070 28.332104 -6.510018 2.146162 5.539488
3.379998 30.576437 12.147560 51.717468 19.250601 5.481794 -5.349186 -10.555182 23.048927 -20.942696
-13.349904 25.988121 -7.683078 22.645037 -5.001616 6.753194 -29.214119 34.881802 -19.077406 -5.992662
-1.478766 46.628410 -6.796957 56.383049 19.597391 0.109552 -20.562408 1.225004 10.002161 -13.457280
11.165124 32.103168 -17.956100 77.523140 37.684322 18.818481 -4.517853 -16.165638 31.449785 -11.262066
5.704810 31.855579 -18.244778 34.483307 -4.172393 12.273688 7.853256 -12.413618 0.503897 12.420706
-4.433640 21.158915 26.411861 23.382448 0.754911 -15.447630 -8.084320 6.810839 4.272090 -16.558182
18.052958 24.868307 -6.577144 67.656868 35.237644 25.845379 -0.082971 7.738575 26.173471 -11.376032
-2.208483 40.259598 -7.220417 44.077026 -3.192215 16.128426 -10.622968 0.593499 2.549573 -6.692289
4.712481 17.234379 28.070879 -4.130429 -32.573997 -3.009644 14.545973 14.357350 -20.195169 8.351256
-2.407011 14.462632 26.869280 5.510646 -8.598849 -11.030290 -3.881579 25.250877 -7.934825 -9.554895
4.919266 32.778561 25.771553 28.436888 -5.259094 -9.163131 6.771142 -2.474136 5.763297 -8.234678
5.584623 34.539295 -18.412518 54.873661 21.469374 -6.063860 0.621703 -25.885262 21.042469 2.184630
-4.245519 42.209362 19.260351 17.852936 -21.131933 -5.283956 -3.682761 -1.906942 4.670686 -1.137609
-7.702473 40.084564 15.282795 10.934617 -27.265717 -28.848030 -3.342935 -11.210483 5.588746 3.722093
-2.589357 29.529943 -0.671165 58.633537 19.060431 -5.095586 -15.002484 -10.605095 8.961180 -16.529749
10.784724 30.515095 -9.414946 60.043694 24.633924 26.955580 -3.898444 6.173409 18.890408 -11.808206
22.834269 38.513851 -16.146526 56.783180 20.618862 30.798540 14.234572 -6.400742 24.858328 1.186288
-3.117653 14.995120 49.307865 17.641027 -0.647600 -26.912407 -12.263879 40.346352 -5.561735 -34.024017
0.932382 41.261673 10.718938 45.737232 1.644068 1.753252 -2.536403 -9.995481 3.470140 -20.204063
10.246491 43.723888 -1.707901 39.899452 -9.768724 6.784695 14.050635 -13.656055 -3.711202 4.041332
1.283237 37.502262 -3.617842 62.737778 20.659786 13.962681 -12.341189 -7.112377 21.471123 -19.279850
-1.238451 8.105995 18.393791 2.466446 -5.695940 -10.056215 -7.362110 32.112270 -12.366810 -9.384201
-2.710475 23.088701 35.706238 22.252434 -8.441067 -6.281580 -0.055605 15.580027 -8.520693 -19.339951
26.713129 33.702305 -10.007648 47.356895 11.083469 8.399099 39.723537 -31.205442 30.088797 16.127718
7.806616 40.467632 -0.685142 37.695885 -0.810322 10.813625 3.760330 5.207209 0.292608 -2.938444
-26.062531 42.645599 -1.795643 4.754520 -101.803604 36.465576 6.819981 -1.515230 -70.288559 38.281246
8.944339 40.237797 -17.009192 43.201408 -9.493860 5.152703 16.070150 -26.011673 -6.828321 13.541610
20.223158 33.980961 -21.487194 84.472687 40.530308 27.814939 6.725744 -17.382391 35.630417 -7.523463
-1.308289 33.503426 25.239115 37.883240 -1.353738 7.433887 -6.063547 14.402483 -0.990828 -19.611389
2.261370 48.873413 0.184883 43.751545 -1.413519 12.888183 -7.291896 -3.137569 6.231783 -14.989975
6.668238 45.795231 -26.060432 76.094109 27.243052 8.176816 -0.374873 -30.121656 28.604912 3.390134
34.527332 30.460093 -19.352510 61.372856 31.963013 36.559372 25.807667 2.607567 23.823038 0.372493
36.196301 10.165405 -11.323645 28.050089 17.486645 31.687088 38.627979 9.083202 18.116781 15.620895
10.496654 34.415646 13.592774 22.983744 -2.650595 2.267368 11.841719 -10.480062 16.403540 -3.202589
6.028403 11.449853 48.983009 46.529366 20.932724 -9.631360 -7.980588 27.828133 18.052469 -34.175205
-6.648732 7.303635 15.567277 5.309994 8.864748 -48.453808 -33.136803 42.268963 -3.756683 -20.417103
-7.188496 21.368805 32.387817 -0.819151 -15.719466 -10.867703 -7.085085 16.921432 -4.396173 -9.735836
14.678313 40.143459 -29.864937 68.509453 23.517008 16.633469 12.347964 -30.326689 26.669260 6.589834
2.282954 25.601160 0.195014 20.631023 -4.664837 1.055614 3.582470 -2.594569 3.329499 4.389198
7.517646 11.537900 -5.761164 3.311519 -9.327897 -2.405334 14.443935 12.359164 -6.013730 30.329056
-6.630486 50.364624 7.212296 13.975549 -30.522448 2.059878 -6.714128 -3.241874 8.909138 1.643424
8.124265 35.092999 9.518203 18.542944 -32.603798 6.826074 19.570164 -13.084786 -10.482807 9.982289
7.474583 39.605961 -16.384581 40.358196 -9.172882 18.099327 8.206544 -1.355727 -8.375397 9.327828
2.100602 35.210175 1.442504 42.255280 8.122235 -12.118573 -4.490261 -18.930061 6.691853 -8.989989
9.266904 30.819551 -14.580909 60.593460 18.881191 14.533482 -0.260245 -14.137266 12.987514 -11.433287
-1.932647 16.672482 11.703918 -12.238699 -6.545243 -29.143217 -4.652402 18.201935 4.829690 7.999781
-13.552767 26.727215 8.411303 39.632519 23.753372 -24.662163 -34.205372 5.139545 8.675836 -18.420553
-0.097724 30.634743 13.818916 8.780583 -21.430548 -10.047932 1.427143 -5.416667 4.668975 0.843707
23.291986 31.512184 -23.939564 62.603878 26.203299 29.921675 20.234676 -22.153133 29.619688 1.586944
-2.589624 16.470188 28.965389 -5.164902 -22.875057 -9.402804 2.649219 10.816801 -7.996197 -4.085794
0.159779 35.526627 -9.675436 47.439560 6.339408 13.307169 -6.627640 -0.912742 1.735991 -10.220509
11.863791 20.845722 1.158766 10.475455 8.613350 3.856091 4.262491 21.349615 -3.515284 1.511107
11.417384 12.949161 10.640809 1.487271 -4.511596 0.689324 14.804879 13.975174 0.614514 7.598632
-11.311839 37.592560 22.801149 6.959941 -23.223642 -6.671372 -13.612742 6.026749 8.867762 -4.867826
5.176705 13.485312 15.374222 11.151532 3.328542 -2.785095 1.476866 25.247272 -9.984764 -6.175537
6.784593 20.252901 22.601101 2.164465 -16.728762 -14.064951 10.100751 7.205654 -5.895757 4.439604
3.603431 19.496872 9.934083 4.473464 -12.664507 2.286233 2.083905 16.862629 -6.087806 4.213612
-3.164570 23.446821 11.038293 25.077673 1.219043 4.496002 -3.944865 -7.544090 11.633066 -13.606781
7.623921 6.232551 -2.249472 19.141418 17.977873 1.373428 -1.401627 9.610172 7.371237 -4.276088
4.170109 20.242313 -18.988684 20.399118 10.275602 -8.590649 0.803519 -12.735992 4.099092 13.816926
15.110916 30.098883 -22.796486 71.641830 33.968548 5.273611 13.186413 -38.030605 36.262672 5.415386
6.502296 34.708366 4.301044 36.870506 11.906321 8.513063 -4.600130 -0.177299 18.458832 -12.314334
12.223696 37.331783 -18.894484 37.294746 -1.964114 16.609119 17.370356 -23.445662 15.772453 11.464210
28.704836 29.297646 -37.880951 57.602135 14.509407 28.641228 43.812054 -38.551029 21.929276 28.367189
-2.893729 11.433768 23.406822 -9.638518 -21.101269 -12.855037 -2.897609 20.336838 -8.315153 -2.474813
7.992403 27.077328 -2.538394 22.910767 5.195835 -5.971848 10.214250 -15.286602 15.024010 10.557075
