-5.588152 -2.467768 1.066723 -0.918185 -1.297184 0.881028 -4.590819 5.098520 -1.661722 2.342232
-4.867817 3.167502 -0.643535 -10.810854 -8.644163 7.621496 -5.162920 12.017598 0.719146 7.913560
-4.228047 2.877476 -4.657291 -16.233538 -13.832834 11.421363 -6.184829 12.525363 1.928182 10.147701
-3.444821 0.117477 -2.040269 -4.588653 -4.653670 2.940186 -6.886291 5.841985 0.232889 5.103361
-4.055878 3.408933 -4.353717 -14.345753 -12.219303 9.208068 -8.134917 12.015172 2.559242 9.859654
-1.833295 3.697421 -6.847313 -17.251089 -15.004117 11.591537 -6.580633 11.561046 2.394041 10.703253
-1.052095 6.268484 -2.854511 -12.765856 -10.465489 7.093534 -7.877074 10.282992 3.583767 9.765779
-6.017601 -0.159453 -0.382003 -9.267317 -8.646756 6.321391 -6.916844 9.190437 1.919162 7.016164
0.190462 3.127693 -6.779795 -15.694736 -13.894800 8.678693 -8.461681 9.753557 2.526642 11.359304
-3.669775 2.880018 -2.920046 -13.180168 -11.152691 8.428249 -7.508320 10.829120 2.389167 8.923935
-5.445961 1.317470 2.233486 -2.385456 -1.799660 1.145120 -6.581456 6.811952 0.605530 4.832405
-3.531702 -6.229689 0.511611 -1.388288 -3.068389 -0.409538 -6.072090 2.803566 -2.456129 2.352302
-8.801651 1.781106 0.096619 -9.362390 -7.562174 7.511884 -6.404795 11.837758 1.796962 6.895072
0.712306 5.652343 -4.260220 -15.070719 -13.020458 8.191113 -7.908712 9.496179 3.820674 10.857592
-8.842630 2.451786 -0.404752 -7.980543 -6.395967 6.297238 -6.813398 11.346580 1.662914 6.380419
-7.179000 4.067544 1.163406 -6.699262 -5.615346 5.538115 -5.300611 10.255133 1.907226 5.927951
-2.718946 1.781170 -5.393002 -16.073696 -14.649536 11.461896 -5.608185 10.382449 2.049692 9.355291
-2.888695 2.758300 -6.562939 -16.615244 -14.334571 11.526475 -6.289305 12.143414 1.487696 10.446848
-1.659260 5.668532 -4.237604 -14.252497 -11.477966 8.539610 -7.492764 11.616029 2.680723 10.396465
-10.258287 -10.109135 0.124918 -0.813818 -4.059108 2.510555 -3.495960 4.787855 -2.470879 -0.894135
-9.331314 0.926587 -1.465894 -11.074315 -8.896717 9.916211 -4.055569 13.466041 0.158440 6.735594
-3.504661 4.549739 -0.384964 -8.996279 -7.122599 5.930362 -6.513110 10.226665 2.007887 7.361868
-5.006841 2.197742 -5.562864 -15.966526 -13.578144 12.039252 -4.993747 12.867699 1.043566 9.196383
-5.354731 -3.578640 0.776092 -0.257260 -1.163227 0.142467 -4.931643 4.793686 -2.360932 1.949130
-6.758687 -4.432223 0.850190 -3.064669 -4.008722 1.976754 -6.398222 5.853690 -1.062665 3.561229
-0.618180 6.209226 -4.140829 -16.108751 -13.612827 10.480559 -5.611583 10.769261 3.587761 10.353441
-8.314540 3.621293 -1.812478 -12.313402 -9.413674 10.056187 -5.171843 13.650996 1.665642 8.090567
-6.908322 9.700622 4.756928 -1.203656 0.391860 1.714833 -9.327911 10.662621 4.650902 7.492352
-4.554673 6.676728 -1.149986 -10.880196 -8.267862 7.803866 -6.345343 11.837800 3.115094 8.228241
-0.256082 5.197085 -6.637963 -17.906149 -15.388907 10.979164 -7.811239 11.404496 3.313640 12.136221
-9.662766 0.178066 1.322066 -6.896405 -5.926812 5.121700 -8.510164 10.913644 1.527029 7.013596
-6.096056 3.060609 -2.502543 -12.118443 -9.720589 9.262756 -5.888105 12.523984 1.412738 7.814065
-2.308999 5.634439 -5.835002 -16.929953 -14.055399 11.356737 -6.777170 12.112037 3.273742 10.794329
-0.600495 4.880083 -6.966655 -17.237576 -14.417425 10.456388 -7.597569 11.860789 2.519452 12.007957
4.996153 4.422864 -6.109497 -13.351137 -11.526804 5.121612 -7.841652 6.874965 2.556180 10.554840
-3.505269 3.605080 -1.590634 -11.809275 -9.790979 7.428318 -7.242828 10.868820 2.233121 8.704662
-2.653116 -9.131289 -2.545062 -9.904171 -13.083529 4.054096 -9.379986 4.239746 0.262589 6.817834
-8.899500 -7.382964 -2.676081 -3.298344 -5.804841 5.073271 -3.306664 5.800560 -2.499296 0.510739
-8.004848 0.080702 1.547212 -2.620902 -1.968069 2.109766 -7.220651 8.228862 -0.101361 5.017134
-2.020395 5.483884 -5.590799 -16.650118 -13.798346 11.003295 -6.435471 12.282071 2.707765 10.678224
-4.737057 1.090890 -2.673280 -12.200899 -10.087038 8.908653 -5.423535 10.945144 0.645484 7.869597
-4.557086 3.652567 -1.168830 -4.949019 -2.882108 3.255821 -6.739794 8.156859 0.587632 6.027093
-12.340859 3.010837 1.343582 -6.725521 -4.890804 6.812094 -5.590938 13.919587 0.939296 6.116916
-6.680153 5.998649 0.897561 -9.027891 -6.704493 7.262099 -5.007794 12.593341 2.408075 7.423187
-4.044322 5.102312 -1.496432 -11.368223 -8.605110 7.543491 -5.980229 11.831872 2.008781 8.276762
-5.045115 3.160062 -3.658944 -13.486263 -11.210370 10.494222 -4.797441 11.958545 1.505746 7.950629
-2.265674 3.529029 -6.230702 -17.065466 -14.793187 12.385903 -4.852940 11.869114 1.901365 10.019816
-2.864776 -1.226068 -1.238952 -1.449175 -1.923124 1.216984 -2.951363 4.304202 -2.084828 1.868068
-6.258834 -2.798059 -6.067420 -12.069798 -11.923088 9.721322 -5.051021 9.016905 0.397767 5.493569
-10.223957 2.968032 0.538685 -8.025116 -6.356911 7.869837 -3.581481 13.295814 0.734200 5.631649
-1.886525 5.879553 -5.722060 -17.020021 -13.897839 11.469373 -5.898410 12.561053 2.537759 10.853981
-7.778346 1.400268 1.413219 -4.404760 -3.926405 3.348455 -6.268767 8.782115 0.888065 4.904553
-4.376080 2.947120 -4.285466 -14.057968 -11.683702 9.982205 -5.885169 12.044892 1.276991 8.854013
-1.263803 1.235408 -1.746111 -6.517367 -5.340665 3.074822 -6.187052 6.901930 -0.087266 6.029343
-3.297718 1.180096 -0.137953 -5.186938 -4.503699 2.606800 -6.048938 6.632398 0.241372 5.151239
-11.090923 3.858555 1.833246 -6.633203 -5.169936 6.312564 -5.372221 12.926204 1.628150 6.069582
-2.207066 -2.860519 -0.784835 -5.672610 -5.595171 2.917680 -5.979260 5.833702 -1.364900 5.108822
-2.712852 2.227112 -0.093830 -6.003748 -5.235924 3.655850 -5.417813 6.701552 1.421532 5.444705
-5.402019 1.347422 0.135493 -5.097603 -4.225233 3.890908 -5.936356 8.183768 0.372750 5.004210
-4.964877 1.260738 -3.007435 -13.085571 -11.420241 10.150595 -4.979814 11.265573 0.880913 8.006012
-1.076454 0.082699 -5.269768 -13.003366 -12.040127 9.083228 -4.876256 9.577785 -0.658905 8.631659
-1.725319 4.226028 -4.720190 -15.108040 -12.928097 11.234986 -3.433690 10.907399 1.448566 8.831638
1.763186 6.005599 -5.415399 -16.483320 -14.723040 9.344625 -7.606148 9.032496 4.291054 11.508095
-2.484525 4.135920 -3.780949 -13.668159 -11.252066 8.700945 -7.085783 11.046175 2.476736 9.419586
-2.998530 6.223026 -3.368496 -14.625668 -11.742247 9.704087 -6.222234 12.122363 3.091977 9.839745
-0.333005 7.791750 -4.890140 -17.072763 -13.947399 10.181399 -7.426199 11.624492 4.444757 11.764540
-6.664181 -0.931100 1.071002 -2.575197 -3.143010 2.414836 -4.000328 6.384333 -0.504285 2.713756
1.694897 5.378251 -3.897819 -12.105070 -10.400394 5.825472 -7.396307 7.963701 3.273491 9.591138
