-0.050154 5.570780 -6.289234 -1.609537 6.106183 8.343824 9.236647 -10.034712 4.055740 3.167827
4.191555 6.599699 -13.185459 -8.047006 6.638172 0.969767 11.334077 -14.807250 9.181589 2.902456
5.146954 7.536764 -16.764675 -8.374215 7.302569 1.360329 16.083963 -21.893280 9.397235 0.705406
5.427502 7.477262 -16.393993 -8.365345 7.288165 1.396444 15.113606 -20.713032 9.538291 1.498220
-0.489405 4.922373 -5.524980 -1.638858 5.668432 7.513794 7.702530 -8.255484 3.433188 3.753036
-0.922953 4.749741 -4.063495 -0.235606 5.603683 9.338319 8.066849 -7.853542 3.258597 3.713055
-1.170194 4.863302 -4.066343 -0.458968 5.778596 9.514284 7.862140 -7.608161 3.006331 3.809412
3.728787 6.800877 -12.460475 -6.571409 6.846143 3.230115 11.703424 -14.967284 7.997723 2.777734
-1.148960 4.409060 -3.563683 -0.151508 5.172274 9.103559 7.277793 -6.763607 2.636556 3.427733
4.402104 7.246299 -14.749411 -7.868304 7.055218 2.107538 14.389345 -18.957905 8.990140 1.592626
-0.781198 5.126934 -4.923917 -1.163697 6.368601 9.396126 8.594666 -8.199514 3.967066 3.672591
-0.780740 4.737033 -4.675992 -0.633574 5.670110 9.015156 8.117620 -8.133417 3.034385 3.455726
3.105427 6.749302 -12.122186 -5.824037 6.865288 3.739066 12.343733 -15.806503 7.141765 2.161182
-1.911271 4.672413 -3.436587 -0.909919 4.584054 6.786311 5.128636 -4.464231 2.677405 3.744061
-1.364511 4.057453 -3.351058 -0.256270 4.887740 8.509923 6.911039 -6.285973 2.377615 3.084038
-0.029111 5.508917 -5.931838 -2.189703 6.248694 7.771821 8.844685 -9.503613 3.823764 3.335760
-0.145034 5.381278 -6.550588 -2.289045 6.163874 7.998309 8.915129 -9.642969 3.916336 3.387081
-1.227039 4.787426 -3.847509 -0.071757 5.567112 9.937729 7.841965 -7.583274 2.981285 3.876529
5.230993 7.559579 -16.900492 -8.394070 7.283769 1.183909 16.110991 -21.877037 9.453000 0.732962
0.823917 5.749865 -7.642328 -2.879769 6.564121 7.285902 9.715780 -11.394413 4.807621 3.031803
4.105936 7.099514 -13.873565 -7.161144 7.195541 2.945580 13.203965 -17.865215 8.167513 1.898535
-1.353566 4.811268 -4.212817 -0.167688 5.898427 9.810527 8.452545 -8.050670 2.920079 3.669601
-0.423011 5.704801 -6.681294 -2.094473 6.308970 8.252558 8.232063 -8.758167 5.146511 4.627306
-1.608479 4.720882 -3.577027 -0.686084 5.454432 8.814930 6.608388 -5.828539 2.925360 4.135283
-0.638821 5.091358 -4.970475 -0.981471 5.698352 8.820213 8.338795 -8.153910 3.300512 3.473456
-0.951616 4.743149 -4.506020 -0.580138 5.604839 9.195110 7.960183 -7.823841 2.920782 3.585085
-0.981051 4.786110 -4.329024 -0.665747 5.556262 8.982755 7.815183 -7.453931 3.016269 3.530671
-1.125020 4.766835 -4.265005 -0.220537 5.810863 9.778289 8.262308 -8.069496 3.033526 3.808460
4.040327 7.213142 -14.024286 -6.944567 7.229354 3.023478 14.165051 -18.535692 8.263355 1.604553
-1.140744 4.858549 -4.346383 -0.670245 5.733579 9.023611 7.516302 -7.232397 3.173447 3.925307
-1.020857 4.420075 -3.584653 -0.287346 5.131930 8.212114 7.329004 -6.875703 2.749343 3.546869
4.778125 7.615340 -15.519314 -7.889150 7.511320 2.752755 14.723160 -20.153839 9.102929 1.522779
-0.835139 4.619195 -4.063818 -0.637646 5.236704 8.305869 7.269361 -6.903274 2.979167 3.714138
0.293467 5.289884 -7.427532 -2.385006 6.059343 7.146718 9.594972 -11.050479 4.088433 2.740115
4.919431 7.574809 -16.862778 -8.191135 7.379135 1.564294 16.107779 -21.606224 9.417783 0.791336
-1.258138 4.830164 -4.064473 -0.615482 5.713280 9.258441 7.467700 -6.932905 3.010785 3.980428
5.083420 7.436555 -16.667913 -8.237091 7.295309 1.346583 15.974289 -21.392635 9.599247 0.904519
5.204822 7.547453 -17.010323 -8.506353 7.439760 1.157425 15.942439 -21.620462 9.541957 1.048475
-1.140855 4.863814 -4.237311 -0.343409 5.748833 9.695780 8.156612 -7.879991 3.031851 3.792689
4.539134 7.532655 -14.114768 -8.655357 6.807422 1.323390 12.963614 -16.905228 9.058537 1.957742
-1.222326 4.747324 -3.786523 0.105460 5.553581 9.601671 7.818539 -7.285288 2.345515 3.589784
3.350593 6.887014 -12.427711 -6.135858 6.994814 3.629376 12.193053 -15.416464 7.986689 2.781957
3.508213 7.238848 -13.601901 -6.655349 7.339370 3.810853 13.680096 -17.775318 8.039897 1.700245
-2.570569 4.594523 -3.531027 -0.341920 4.462691 7.265201 4.414872 -3.195702 2.646138 4.358193
4.057567 7.218254 -14.736728 -6.963333 7.416757 3.446552 14.556993 -19.695187 8.339475 1.255190
-0.563595 4.994711 -4.391853 -0.821254 5.881892 8.783926 8.100777 -7.876100 3.479352 3.844172
3.887678 7.320391 -12.732752 -7.628051 7.025416 2.475622 11.859169 -15.220109 8.517015 2.542114
-0.801783 4.821815 -4.852190 -0.537152 5.730181 9.112496 8.380894 -8.393644 3.196687 3.630761
1.225778 5.873875 -8.134719 -3.502389 6.588805 6.807817 10.381828 -11.306023 5.186706 3.235998
2.429731 6.617873 -11.761600 -5.411699 6.967257 4.636455 12.737187 -16.087044 6.894841 1.505620
4.775918 7.680991 -15.727622 -8.248835 7.397958 2.319699 14.648952 -19.851185 9.053519 1.631322
-0.792606 4.750443 -4.451721 -0.561942 5.530108 8.933329 7.935166 -7.764733 3.026781 3.757004
3.143217 6.603970 -11.323355 -5.950605 6.997217 3.831451 10.726788 -13.564856 7.716338 3.003500
6.384617 7.337390 -16.290298 -9.582114 7.167390 -0.474921 12.812685 -17.952038 10.973868 2.230122
-1.411470 4.547653 -3.805003 -0.266068 5.392355 9.361881 7.384714 -7.049042 2.829408 3.572284
-1.075515 4.631248 -3.782016 -0.201449 5.423709 9.461454 7.743374 -7.364819 2.881882 3.789247
2.240571 6.792824 -10.703982 -5.173899 6.742681 4.665191 11.160038 -14.259372 6.631135 2.434081
5.273959 7.595658 -16.614073 -8.402248 7.543322 1.979749 15.457117 -21.170805 9.646013 1.410168
1.806571 6.369662 -9.844197 -5.147511 6.879263 5.012275 9.647600 -11.334623 6.936784 4.061175
-0.455595 5.685465 -6.685728 -3.015191 5.528557 6.194571 6.268583 -6.508449 4.801656 5.004682
-1.588965 3.964634 -2.799383 0.258129 4.830107 8.816913 6.714725 -5.802575 2.531509 3.064966
-1.018217 4.575816 -3.683700 -0.020472 5.494029 9.550785 7.650769 -7.190158 2.744610 3.903660
2.234235 6.681426 -10.354371 -6.004432 6.900346 3.838557 9.262438 -10.430712 7.328608 3.885226
-0.213117 5.422429 -6.168622 -1.691923 5.870738 8.512425 9.147133 -9.409745 3.560697 3.370085
-0.433724 5.082049 -5.641450 -0.679389 6.047259 9.416492 8.973047 -9.156681 3.384246 3.622250
-1.207912 4.824279 -4.475861 -0.438114 5.789572 9.387933 8.152102 -7.983449 3.068471 3.762096
-1.027967 4.479983 -4.195106 -0.565489 5.207034 8.244116 7.191217 -6.793024 2.842200 3.691224
-0.776014 4.566139 -4.046688 -0.257984 5.436673 8.906845 7.743561 -7.464705 3.043780 3.841420
-0.655000 5.059030 -5.295918 -0.987737 6.048798 9.024774 8.702747 -9.017509 3.408231 3.703966
-0.697994 4.977284 -4.402046 -0.674501 5.767715 9.279106 8.289307 -7.950167 3.098622 3.778473
-0.686080 5.228862 -5.153092 -0.588252 6.177097 9.763620 8.973644 -9.217698 3.394202 3.869128
