-24.649412 -8.533221 6.462761 -25.496777 -45.993248 7.220905 -14.579286 15.328088 -0.591380 -22.071001
-8.687512 -25.303282 5.222981 -22.970236 -10.373114 1.680250 5.874825 19.023108 -28.394270 -2.604067
-23.836861 -36.154964 11.015481 -46.000786 7.756811 11.829405 28.796890 -12.926806 -38.146454 -5.717868
-31.003796 -28.206484 12.425197 -15.079034 -26.602581 18.841740 -2.657711 -6.685454 -24.760376 -23.013885
-20.592033 -43.959709 9.524838 -33.157688 -0.756655 23.323826 27.632425 -6.748373 -44.662411 -17.051945
-19.377529 -52.725391 17.007881 -33.234222 27.559731 13.330752 40.337036 -20.252203 -58.773514 0.174430
-13.154336 -39.127697 8.317330 -11.461582 -6.368749 11.103955 12.318151 11.819311 -43.469105 -7.319319
-28.115047 -19.185606 10.834493 -43.862370 -19.428719 11.506115 8.948555 -2.665660 -13.858790 -16.905457
-24.283054 -37.997471 15.702725 -31.460775 19.274754 8.600304 25.811819 -29.072720 -43.439156 1.088002
-25.290503 -40.510967 8.252507 -26.386917 -17.402975 15.184687 9.599759 5.894079 -40.462101 -15.493730
-25.310135 -11.818912 8.729192 -19.275469 -55.907776 4.184599 -20.282949 26.337547 -3.432878 -26.436335
-31.635427 -12.034959 11.463091 -35.454689 -37.623722 9.803329 -9.114070 -1.327912 -3.611700 -19.807526
-21.845316 -24.718111 9.067107 -43.490307 -20.378693 10.440340 10.860148 6.704358 -21.440966 -15.165672
-6.374438 -41.117897 9.308696 -22.392231 14.292825 11.378451 30.488222 6.235261 -46.528923 -3.141988
-15.312541 -28.966732 2.028605 -36.140656 -32.359955 12.491985 3.514980 21.691948 -25.262032 -17.149496
-10.647151 -21.921118 -0.811662 -37.003445 -32.484520 14.530968 8.847938 28.937538 -16.484863 -21.731899
-21.967911 -33.385464 12.609577 -32.850319 3.946807 14.937243 26.215601 -9.465996 -33.777748 -12.926519
-24.171246 -38.630505 12.439945 -26.706104 11.603189 11.077832 20.580967 -22.141932 -43.132023 -2.251163
-9.355952 -46.014961 7.686329 -20.486040 12.010839 9.980290 19.715252 -5.360439 -54.078339 7.342401
-44.724342 -7.156545 13.609414 -55.510880 -44.237926 23.049963 -3.226068 -17.152658 5.967620 -33.160706
-23.440166 -33.045971 8.298335 -39.247871 -17.246056 14.239738 14.777974 10.838967 -31.551516 -15.791012
-13.688722 -36.748589 7.434349 -22.778023 -15.884837 11.823338 12.052575 20.013226 -37.934719 -12.135228
-23.316914 -41.716217 9.794241 -37.870419 5.741294 16.150587 28.172075 -10.594733 -44.037472 -8.885006
-32.724400 -5.572324 10.815259 -28.692999 -37.729198 13.539858 -11.230294 -8.997520 3.294048 -21.454048
-38.321003 -17.475012 13.621153 -47.920631 -37.140812 13.980558 -0.065783 0.441056 -9.048882 -25.299295
3.517621 -34.757137 3.274842 -23.353359 14.766581 7.215568 25.441774 12.781083 -43.362198 7.798397
-17.937344 -32.719959 9.093499 -21.963121 -11.770235 10.323754 8.540092 2.222647 -34.655830 -8.525455
-26.626839 -35.623016 14.564195 19.991648 -68.946510 10.956491 -26.179964 62.757061 -31.153061 -35.600056
-9.552527 -39.271027 8.139382 -12.064121 -8.966124 11.568080 15.503551 24.380932 -42.231380 -10.956026
-17.801220 -55.560101 16.696686 -31.163622 32.199833 13.225834 41.027500 -18.947630 -63.872974 5.263972
-32.446632 -29.072165 11.180966 -40.873940 -28.449747 11.478880 2.845281 -0.403558 -24.288736 -18.566582
-16.748871 -40.196896 3.783540 -32.722725 -12.510643 17.099339 16.388189 11.111501 -41.887375 -12.238877
-5.738089 -54.805973 12.999726 -23.873928 22.228233 17.105333 41.530849 -0.699940 -59.305588 -4.594302
-10.827476 -41.070415 10.095828 -15.693928 21.521660 7.703167 20.470179 -12.739946 -50.859627 10.314579
-3.774759 -24.919096 7.971617 -1.900632 14.002738 -3.578739 2.379675 -10.041071 -33.096939 18.820629
-9.047411 -26.600866 3.784225 -31.600328 -7.519354 3.798948 10.019786 11.341974 -29.547018 -0.651298
-34.108936 -19.520454 15.983645 -54.305870 -4.935504 12.806390 18.466969 -29.063665 -15.374294 -13.247582
-30.542879 -6.236238 11.125839 -35.204056 -20.173241 16.322151 0.773328 -19.431368 1.403831 -19.008047
-24.154259 -13.550291 6.429161 -32.801598 -40.269268 9.373423 -9.662039 7.629797 -4.035384 -17.917006
-1.174356 -53.513081 9.621628 -16.905651 24.116428 14.668200 37.033371 5.948344 -62.033028 3.812210
-16.065311 -25.249697 10.853506 -19.599445 -7.221091 2.406492 6.879945 3.857401 -26.006601 -3.515310
-11.740993 -16.314964 9.673202 -1.804730 -15.739903 4.861876 -4.637497 3.020025 -16.954718 -5.447244
-11.692264 -32.930149 -1.151369 -28.262886 -31.267673 14.264441 3.657716 27.803581 -32.257385 -14.668373
-11.688608 -32.670116 4.700850 -17.924963 -30.010525 8.842858 3.043630 38.336502 -32.615864 -16.515617
-17.388384 -40.261494 9.457762 -10.908106 -10.530720 13.543009 10.609469 10.144342 -43.553894 -11.631202
-12.196470 -33.080967 7.882550 -30.625652 0.950707 11.892009 24.800802 8.983490 -34.729206 -8.905201
-13.901609 -43.136265 10.016524 -23.241886 15.877275 13.385508 28.875914 -1.638890 -49.861641 -0.569041
-11.477839 -8.285632 5.246417 -17.631824 -21.045715 8.140058 -4.595459 1.974174 -3.276868 -7.204232
-23.601185 -29.488302 15.013551 -35.258205 -0.499311 14.122423 25.042152 -17.175877 -24.938471 -16.068829
-12.229676 -23.948927 0.392078 -31.852943 -26.171223 10.056585 4.199437 23.456665 -22.735476 -13.310727
-8.313553 -50.365902 10.240395 -24.635572 26.177023 12.785280 34.692703 -6.099210 -60.320755 8.410730
-21.606058 -10.761042 3.597428 -31.195532 -44.934826 5.542245 -12.945844 17.418667 -3.028444 -19.822777
-21.768797 -38.581371 9.870055 -23.313282 -2.380051 14.772383 18.639994 -0.831008 -40.286442 -11.971107
-13.352620 -21.262676 7.599043 -9.181854 -4.955284 3.324865 -0.596046 -7.048553 -23.773611 0.228985
-14.218336 -16.841085 7.530122 -14.596425 -13.306551 -0.036221 -5.304988 1.607513 -15.992040 0.539235
-17.001144 -26.593952 -0.507551 -41.819294 -35.140369 14.124923 2.570391 17.888567 -20.920004 -17.312866
-25.402933 -19.786886 14.758895 -21.097340 -17.003220 4.299530 -3.158181 -8.254617 -16.430147 -7.060732
-16.854702 -19.475016 6.261911 -28.954903 -30.283991 5.704402 -1.068003 15.244035 -15.640715 -14.521755
-16.439907 -20.785479 6.653106 -18.242865 -20.435905 2.936704 -4.924968 4.948657 -20.015333 -4.793819
-17.824005 -29.019663 5.740041 -33.299004 -3.133382 6.349846 13.645441 1.097953 -29.628073 -2.146370
-14.002622 -19.596136 8.392731 -17.226915 9.319146 4.094551 10.568378 -14.358034 -20.231882 3.097919
-5.002677 -29.154743 6.923111 -4.385697 4.222449 5.735422 11.782634 -1.690352 -32.793060 -0.198795
-7.352669 -54.290024 17.409828 -31.086494 35.083015 11.589019 47.811710 -5.494992 -61.901394 3.078368
-15.902696 -35.651295 6.680518 -34.965233 2.865558 14.180614 23.014750 -5.714422 -38.144615 -6.723570
-1.555328 -46.734238 4.678193 -16.461632 6.555689 11.607182 21.825884 15.830565 -54.088722 2.512066
4.419869 -55.907928 9.877322 -10.300400 31.319557 10.093781 35.843586 9.612838 -68.543167 14.884464
-23.966549 -5.893700 4.327257 -27.224262 -44.710876 8.292381 -15.750213 8.292927 2.363509 -19.961834
0.956271 -34.192226 5.404093 -19.407730 5.536057 5.059371 18.204384 10.012953 -38.529411 2.270274
