5.112710 -7.361979 -0.877068 2.989754 -10.207257 -2.994286 -5.891978 -5.301337 3.371518 5.976784
7.445650 -9.746809 -2.087352 5.362222 -9.370819 1.183871 -5.610877 -4.251534 5.501469 7.067860
1.221338 -0.714331 2.669775 6.404738 -1.473669 3.562403 0.169403 -1.405707 7.525156 0.959779
1.864909 -3.159148 0.401176 4.978846 -4.213159 3.825011 -1.436445 -1.855666 6.170018 1.794737
7.053079 -9.238582 -1.736895 3.970092 -11.649994 -1.957586 -6.351780 -6.121754 3.680846 7.657412
11.447127 -13.942575 -4.125715 4.156011 -14.013535 -1.857265 -9.162342 -8.002546 2.112144 11.869793
14.823329 -17.067158 -6.639357 3.284915 -17.362890 -2.795644 -11.674505 -10.893070 0.735341 15.834138
7.289378 -10.007331 -5.211658 4.252508 -12.168573 3.339670 -6.067995 -7.206661 2.416013 7.940582
13.161078 -15.993493 -5.300663 2.953421 -16.356726 -5.090765 -11.697811 -10.815849 -0.031791 14.500030
2.364264 -4.684867 -2.673710 4.960189 -5.239061 6.151543 -0.536111 -6.010133 3.689903 2.996452
9.341067 -11.663907 -6.575519 4.139473 -15.256443 0.972632 -8.999344 -10.293358 1.044157 10.854733
9.009816 -12.244941 -6.598265 4.342378 -13.195748 1.500229 -7.145149 -8.683931 0.560999 10.580519
4.188246 -6.347055 -2.014766 3.244962 -10.072178 -0.108105 -4.199301 -5.380409 3.664681 5.198432
19.362555 -21.411333 -6.648679 4.313439 -21.634781 -5.577304 -16.756170 -15.043388 2.009344 19.906033
15.675305 -18.075705 -8.056372 3.497499 -19.348480 -2.935976 -13.756296 -12.141018 0.166756 17.137032
11.538795 -14.176455 -6.745394 1.697977 -15.322929 -2.683003 -9.408362 -9.301775 -1.316465 13.396796
6.611005 -8.446601 -6.065698 1.230778 -11.514318 1.587813 -4.331135 -6.119028 -1.220693 8.209643
16.029139 -17.835314 -3.275195 5.833258 -17.329943 -4.641892 -13.047060 -10.669051 5.910257 15.657502
0.781495 -0.877105 1.105906 6.918818 -0.925921 4.862313 0.923485 -2.730131 7.855741 0.172562
4.660336 -6.429500 -2.477919 2.698283 -10.208505 -0.894342 -4.850143 -6.745188 2.624100 5.707582
4.086968 -5.581229 -2.099741 2.369328 -9.563589 0.084325 -3.745066 -5.660087 2.572068 5.103785
8.701916 -10.778228 -4.830466 2.843504 -13.181259 -2.417514 -7.514566 -7.281666 0.700362 9.746024
10.770268 -13.270780 -2.663943 4.229137 -14.741967 -5.135111 -10.200743 -10.104920 3.434833 11.933316
18.468309 -20.813030 -7.390455 3.241365 -21.702156 -5.370007 -16.722853 -14.889117 0.049722 19.852011
14.417659 -16.455347 -7.482532 2.450543 -17.462807 -1.657399 -11.048128 -10.403265 -0.335753 15.529423
10.486728 -13.367793 -7.193332 3.458889 -14.774264 -0.077795 -9.247688 -10.571972 0.617410 12.446930
18.142361 -20.255648 -6.694120 4.322262 -20.003704 -4.851346 -15.130329 -12.596165 2.198136 18.914284
11.349065 -13.602708 -2.856623 5.351791 -13.583661 -5.136396 -9.791554 -8.372214 3.557745 12.269360
4.979916 -6.880080 -1.994886 4.260983 -8.334795 -1.478621 -4.766380 -5.457905 3.692527 5.798971
19.722872 -21.580141 -5.610722 5.004937 -21.712852 -5.928581 -17.360834 -14.605611 3.103237 19.974224
18.068514 -20.047176 -5.508907 4.878532 -19.479832 -5.594487 -15.465302 -13.340569 2.913348 18.363039
0.653038 -2.583477 -3.477197 2.599865 -5.600955 7.238140 0.742104 -4.407108 1.010687 1.813194
21.894182 -23.691893 -6.267990 5.090399 -22.435875 -5.298285 -19.026127 -14.959434 3.984747 21.467728
5.844735 -8.254814 -6.474528 1.488607 -11.684093 1.499415 -4.795673 -7.210434 -1.496517 7.879590
0.957726 -2.935919 -2.820099 5.058071 -3.700249 6.785529 0.787032 -5.050261 3.867634 2.303668
14.165730 -16.619741 -5.873682 3.932233 -17.517235 -3.377544 -12.743415 -11.840401 1.793739 15.009047
2.025292 -3.154278 -2.421935 5.926222 -3.477865 7.907518 0.717774 -5.519161 4.806446 2.465082
2.753735 -4.067070 1.081535 4.619844 -6.765212 1.351498 -2.432846 -4.460282 6.402575 3.208448
15.360200 -17.053488 -6.654721 3.212601 -18.356396 -2.343181 -12.867603 -10.652509 1.553800 15.545812
7.964636 -9.722307 -5.993412 6.425575 -11.182835 6.966842 -5.660741 -8.183755 3.991571 8.040042
13.667933 -15.203731 -4.169456 4.408120 -17.380993 -3.930044 -12.312042 -11.984463 2.947060 14.147742
6.681300 -7.626687 1.601714 6.098169 -10.035760 -1.303295 -6.622446 -4.522880 8.082659 5.664127
4.264757 -5.725519 -4.774005 3.543760 -8.149547 5.332184 -2.457962 -5.360408 1.800853 5.069407
20.624994 -22.863123 -7.465654 4.465098 -22.055508 -5.447130 -17.399565 -15.595459 1.112464 21.494164
1.609490 -3.228750 -0.910123 1.380111 -6.850828 1.416597 -1.301391 -4.358612 1.544119 2.368753
8.058210 -11.098275 -1.384656 3.743887 -12.803925 -5.153811 -7.775764 -8.184106 4.731532 8.928099
5.319208 -7.286511 -2.596685 5.568111 -9.879793 1.512599 -5.580475 -5.903953 3.677012 6.231363
11.128350 -14.094819 -6.649790 3.316775 -14.515146 -2.227565 -8.829010 -9.232161 -0.323301 12.935647
6.354739 -8.758991 -3.063757 4.835841 -10.888222 1.434659 -5.415926 -7.648491 3.366873 7.222817
4.010279 -5.937183 -3.633748 2.072538 -9.566330 3.813555 -2.515096 -5.586599 0.995234 5.101408
1.713369 -3.510549 -3.532402 1.282823 -6.862968 4.035547 -1.220340 -3.906675 0.404337 3.296085
14.958875 -17.655663 -6.495426 4.133630 -17.291643 -3.612355 -12.585451 -11.737240 1.518288 16.117439
4.781476 -6.612140 0.393445 4.056337 -8.308898 -0.936249 -4.336612 -4.444329 5.775438 5.206572
4.270144 -4.480403 3.201522 6.800719 -4.204634 0.567529 -3.428466 -2.234075 8.185219 3.398338
19.376856 -21.200266 -6.308733 4.242886 -20.860641 -5.151719 -16.125818 -13.813893 2.209122 19.595959
21.740919 -23.851891 -6.570692 5.551711 -22.340330 -5.310596 -19.248428 -15.413905 3.273997 21.260059
6.140598 -8.949756 -4.168020 3.038327 -11.234379 0.514686 -5.108334 -6.237174 1.490611 7.409972
0.474577 -2.929403 -2.495126 2.752970 -4.752055 6.327453 1.119161 -5.093574 1.019553 1.577289
8.601169 -10.691689 -1.171627 5.857590 -12.123041 -2.163563 -7.346474 -6.825057 5.226871 9.068756
20.951830 -22.736258 -6.731348 4.883938 -22.629997 -5.439716 -18.366745 -15.689884 1.924915 21.043839
19.467319 -20.863432 -4.569991 6.212948 -20.265549 -5.474958 -16.954889 -14.144917 5.642733 18.622099
10.271782 -12.761672 -3.364878 4.566560 -14.086747 -3.364393 -9.763824 -8.825134 3.320453 11.041394
7.659221 -10.185119 -3.247800 6.844697 -11.288393 3.143488 -6.121258 -6.920745 5.711920 7.727703
11.820174 -14.282113 -4.912110 3.212042 -15.726231 -3.766462 -9.814306 -9.725363 0.702372 13.252300
6.356055 -9.075092 -4.606056 3.092286 -12.045390 -0.059913 -6.547193 -7.928852 1.114878 8.150126
10.121377 -12.099902 -1.862383 3.866138 -13.429627 -3.623265 -8.199932 -8.176761 5.396613 10.279718
19.505789 -21.411846 -5.885214 5.004656 -20.473223 -6.210451 -16.096703 -14.366661 3.230846 20.115171
19.896759 -21.744286 -6.866974 5.020269 -21.142103 -4.194118 -17.472132 -14.571205 2.571759 19.748346
7.751045 -10.060347 -2.563904 3.072435 -11.726477 -2.787018 -6.683932 -6.942748 2.877547 8.564061
10.009801 -13.719340 -6.585560 3.163114 -13.141033 -1.309518 -8.190845 -9.185315 0.029820 11.672919
6.023853 -8.441730 -2.909601 2.724668 -10.808138 -2.410988 -6.758741 -7.431574 1.654671 7.419100
