-0.871395 -16.996206 16.630318 -9.780393 8.434040 13.520251 -2.397011 8.783610 11.941266 -17.057463
1.130201 -19.404072 21.007677 -10.823658 2.373901 12.317248 0.350882 11.614431 0.767160 -12.561142
-8.663077 -41.298275 41.802925 -8.572105 1.446960 31.381994 7.052696 28.055281 2.566035 -17.926842
-1.223455 -34.410004 35.918243 -18.504921 -6.016089 18.624121 0.598118 23.399424 -4.129112 -17.121315
1.180190 -12.366646 12.256088 -12.170267 11.284530 10.918286 -2.735809 6.911165 16.244080 -19.105572
4.934417 -8.153279 -1.679233 -16.827656 19.839018 3.074504 -8.912931 5.567022 29.019505 -19.920502
3.559953 -5.796978 -5.029143 -13.658208 18.062878 0.547556 -10.820344 1.745189 28.670496 -16.946438
2.201766 -12.087729 16.213985 -12.730396 5.207907 9.535883 -1.182970 6.911295 7.105084 -17.132662
4.289814 -5.609622 -1.884398 -14.242283 10.364369 -2.161124 -11.281630 -0.046164 20.791134 -15.415768
-5.073558 -32.059467 22.748734 -12.944954 -1.639464 15.515934 -9.286528 13.830605 9.820182 -17.466278
1.469434 -11.847091 11.086831 -16.416859 3.950131 4.983151 -9.673583 3.937246 14.011642 -19.876438
4.163163 -13.075070 9.403684 -19.726097 2.150537 1.524426 -10.948553 6.041919 12.501193 -18.596952
-0.642101 -18.311462 19.594990 -10.586590 7.206597 14.851277 -0.507005 10.099851 9.713277 -17.196377
14.445926 12.695262 -0.599483 -17.562469 14.946595 -11.818657 -7.360920 -12.461014 9.360765 -23.214228
8.827404 5.177293 2.382960 -15.293115 16.163517 -2.625968 -4.592806 -4.527289 14.922082 -22.186604
2.513663 -12.710191 8.051367 -16.643620 -1.759619 -0.383847 -13.983729 2.600065 9.224850 -15.423530
4.225936 -23.542471 18.998013 -24.419607 -9.416446 0.622636 -16.542467 8.344213 3.754586 -19.461536
4.755424 -4.205406 -7.303954 -11.278219 21.815472 0.202542 -6.941908 2.623346 26.812868 -14.229143
-9.631278 -42.943752 40.566978 -8.090776 1.476625 31.764158 5.564309 28.134501 4.610666 -17.777386
-1.785363 -21.984438 14.134298 -13.619202 4.370498 10.689045 -11.070682 7.465673 16.547810 -19.073181
-1.045999 -25.150707 18.549709 -10.447409 4.638500 14.111136 -5.840508 11.390559 10.388490 -15.478366
3.765425 -17.032713 3.604035 -18.056683 9.177991 3.418325 -14.109484 7.612836 21.698238 -18.379484
0.433173 -3.376001 9.930500 -7.847623 21.965195 14.144451 3.417180 3.720589 23.735331 -22.554634
13.151386 10.997356 1.290136 -19.672094 17.161068 -8.534862 -6.739024 -8.913492 18.708273 -27.353355
8.650339 -12.111724 2.833849 -25.268139 -7.434474 -12.742429 -22.609562 -0.468935 8.653069 -16.922258
2.409079 -17.185932 6.118666 -17.555862 -2.924796 -2.263926 -19.543463 2.575239 12.778996 -15.704349
16.261507 -3.728390 0.113943 -34.205719 -0.544681 -16.318150 -19.738066 0.726995 11.660625 -23.110424
2.769702 -10.417754 2.038486 -10.363746 19.756672 8.543937 -3.900167 7.318469 25.044315 -16.442808
-3.900580 -24.583523 20.986816 -9.480127 9.897756 19.788078 -1.897831 13.640124 16.615551 -19.679197
11.711370 6.517832 -4.239566 -19.538250 22.089884 -6.094632 -7.492808 -4.692086 22.959694 -24.403088
11.312535 2.151225 -3.600112 -22.235971 17.254189 -5.529586 -9.779783 -1.163637 20.136475 -21.853516
-3.226460 -46.912296 31.354731 -19.254217 -11.776348 15.112021 -14.301941 22.152094 0.572752 -16.243290
14.739102 4.753111 -17.811562 -24.871262 21.157751 -17.913704 -20.349634 -7.187421 31.212971 -22.206001
2.763278 -24.286173 13.172664 -20.310299 -7.458441 -0.176615 -19.919279 6.371083 6.817229 -15.777848
-8.429202 -42.579762 30.419731 -7.679217 1.043750 25.284925 -3.184864 22.843260 9.497045 -15.545520
7.281142 -4.076502 1.253533 -20.036919 8.448705 -5.118345 -12.832595 -0.727537 20.169399 -21.470535
-8.316835 -37.081371 29.467604 -7.931723 1.952861 24.597208 -1.491000 20.269960 10.118712 -17.242290
-5.392309 -31.618505 28.422911 -10.585030 5.374146 23.031813 -1.005389 17.595596 11.405299 -20.096184
6.895607 -4.580682 -0.930262 -21.570004 10.114003 -4.725664 -14.566145 0.867223 23.241570 -21.828339
1.574911 -14.925754 20.840076 -17.767107 -3.485200 6.034126 -5.770164 6.042264 1.317451 -18.897984
4.590739 -4.205816 5.666038 -15.224148 8.468256 1.360709 -7.156652 0.450300 15.422338 -18.973801
0.548260 -14.382723 20.484802 -12.755416 6.562643 14.027924 1.441230 9.432825 6.975370 -18.734655
2.073194 -24.452122 21.275955 -18.634644 -7.260305 6.551178 -9.620386 11.109487 -0.487065 -14.706868
18.880936 18.896780 1.909595 -19.759861 24.985668 -8.326220 -0.232436 -12.346292 12.736579 -30.165504
-2.920049 -37.015129 26.418079 -16.763824 -1.886945 16.162954 -10.752095 18.070089 8.524053 -18.871689
-1.700420 -8.987924 7.416267 -5.904952 17.492397 12.383569 -2.509922 3.967207 23.941135 -18.373346
-0.006129 -16.600157 19.683441 -11.861207 4.657363 13.114530 -1.314972 9.050590 7.880993 -17.847002
7.596539 -13.842000 -0.098536 -21.971596 5.466581 -3.596169 -17.262362 6.126907 18.527676 -17.280380
-0.801668 -16.933477 15.876170 -13.738881 2.440267 9.120085 -8.025564 6.116728 11.237255 -18.423178
-0.073499 -24.894899 17.866779 -15.102612 -4.213280 6.670794 -12.765818 7.829695 5.387789 -15.787588
-1.346310 -40.555298 23.150921 -18.154074 -8.909932 10.033172 -17.708517 16.709108 4.260068 -14.823686
5.693163 -7.432852 -4.199845 -19.750891 17.678017 -1.057076 -13.605083 2.894459 31.465685 -21.886963
0.661515 -17.816122 18.801449 -9.910305 12.097060 17.164190 3.425923 12.620944 13.576401 -18.405186
-3.246172 -19.340477 28.802944 -5.516322 13.640908 26.432814 13.149618 16.754969 9.281501 -18.990959
15.385919 -2.004352 -1.397234 -32.681980 3.152873 -16.770885 -19.263948 -0.638496 16.801247 -24.420376
16.367422 10.723104 -18.259216 -22.658077 24.033482 -19.931818 -17.460781 -9.846282 29.297697 -22.435368
1.095610 -15.894453 15.501047 -14.419923 0.682981 6.689435 -7.040114 7.204063 6.211280 -15.561028
-7.889023 -47.164593 29.086958 -13.444118 -7.802076 19.056353 -13.032560 21.213678 7.074438 -16.309307
1.928333 -10.775472 16.035915 -13.186501 8.057204 10.273810 -1.051367 5.811095 10.385140 -19.395010
21.880672 11.867370 1.892367 -31.052292 15.277184 -13.468207 -7.976388 -8.500507 13.139771 -32.775349
8.930419 0.562390 -5.734897 -18.334497 10.427854 -11.599454 -15.838078 -4.338027 21.553972 -17.760447
2.738679 -6.263115 4.993628 -12.585614 15.647896 6.014735 -5.195193 2.916089 22.145658 -20.485504
1.008818 -9.388907 16.577351 -10.348273 6.365214 10.633084 1.156446 5.123473 6.425535 -16.827789
3.436100 -12.868955 14.184950 -17.460104 -2.945584 1.310320 -9.638912 4.477686 3.088504 -15.874310
2.134664 -19.633665 10.079537 -17.069393 5.331360 5.914270 -11.861152 8.463449 17.252838 -18.775185
4.335842 -11.046798 8.337502 -16.645586 10.984628 5.240977 -7.292782 6.093308 17.071411 -20.064749
15.588077 4.599321 -9.188404 -27.226240 17.704716 -13.921876 -15.346940 -4.166909 23.345343 -23.809961
11.049790 4.042246 -16.336145 -19.885775 25.798828 -10.746776 -14.459473 -4.365352 32.020561 -20.302679
1.211357 -12.520019 13.989174 -13.418180 7.560782 9.452370 -4.166839 6.498131 12.831941 -19.160995
3.469515 -10.968161 8.310950 -18.037483 2.546268 0.889675 -11.211771 3.825911 11.788452 -17.882977
-0.982718 -19.267458 9.780003 -10.687088 8.467138 10.143394 -9.164528 7.361265 18.923466 -16.845295
