-1.987572 -2.570019 2.629003 3.214780 8.526513 8.194611 9.383785 0.846434 -6.977897 -0.334390
-1.397421 -2.051963 2.043536 2.671484 7.305628 7.472938 8.476848 0.483015 -6.149252 -1.196365
3.452269 0.546471 -1.536016 -2.188956 2.933435 1.982512 2.193798 -3.206236 -2.187609 -5.043231
3.171716 0.266332 -1.619844 -1.927166 3.095552 2.194966 2.416496 -2.893147 -2.412143 -5.053809
-2.929218 -4.029296 2.860874 4.681119 10.953680 8.966383 10.475249 2.600106 -8.531963 1.704181
-5.074528 -6.581566 3.713789 7.443321 15.792498 10.512589 11.610749 6.436015 -11.057841 7.784642
-5.987453 -7.113764 4.639510 8.638563 15.795125 11.027992 12.048742 8.935622 -11.331302 8.131794
-2.025283 -2.461844 3.006665 3.426235 8.002517 8.344283 9.689724 1.164881 -6.679420 -1.112212
-6.591917 -7.696934 5.517676 9.724356 14.083082 11.635110 12.369974 11.238133 -10.760990 7.090575
2.739486 -0.367374 -1.827368 -1.615415 3.797678 2.743338 2.638211 -2.406578 -2.937984 -4.734239
-3.882452 -5.489042 2.925457 6.741409 12.544402 9.935104 10.629637 6.446625 -9.522229 2.122017
-3.539197 -5.688982 1.870408 5.897965 12.506217 9.572213 10.459940 4.928314 -9.524504 2.525512
-1.090185 -1.406317 1.954119 2.166705 7.426392 7.064552 8.289803 -0.106208 -5.854805 -1.473185
-13.031134 -8.864044 18.129345 16.031046 2.900584 20.759041 23.661865 14.897930 -9.210476 7.607749
-8.947046 -7.343753 11.327200 12.072315 11.190265 14.886452 16.830894 12.069243 -10.054146 7.806981
-4.497406 -5.876347 2.596394 6.777022 11.711248 10.272781 10.444342 6.710321 -9.148191 2.696743
-1.475732 -4.023696 -0.216468 3.587910 9.351606 8.036067 7.905288 3.380336 -7.424890 -1.322126
-6.649013 -6.653286 6.372729 8.700731 15.674971 10.602484 12.484884 8.824802 -11.237735 11.046404
3.436208 0.515536 -1.568560 -2.196153 2.952229 1.993537 2.187563 -3.193371 -2.194646 -5.044860
-0.621378 -2.761147 -0.544237 1.895008 8.324715 6.470723 6.818253 0.868805 -6.523337 -1.404878
0.414114 -1.489643 -0.352243 0.657863 6.557812 5.221056 5.703288 -1.046473 -5.061756 -2.221419
-3.088690 -5.043022 1.470084 5.149408 12.318413 9.104762 10.008601 3.678121 -9.112180 3.090802
-4.154548 -3.543952 7.565824 6.537590 11.211396 10.530149 13.067526 3.644893 -8.669773 3.680018
-12.312826 -10.171749 16.326469 16.762524 7.198326 20.602774 21.855103 17.634043 -10.464923 8.171191
-5.242198 -8.034981 2.126854 8.377584 10.558408 10.982064 10.222288 9.697430 -8.757078 2.202226
-3.265849 -5.561134 1.104533 5.526350 12.039114 9.289938 9.072671 5.558557 -9.167213 1.722378
-9.323284 -10.957878 7.956333 13.495775 9.577153 16.264103 16.278858 15.754605 -10.523993 5.646527
-4.298672 -5.325479 3.550300 6.389041 13.854948 9.554388 11.011456 4.758275 -10.001703 6.356173
2.508590 -0.191031 -1.380023 -1.320032 4.096503 3.161012 3.251323 -2.531790 -2.986586 -4.352256
-9.616253 -8.540842 12.545741 13.230566 13.271360 16.454865 18.488121 12.778429 -12.035743 9.890393
-8.815289 -8.322738 10.154474 12.367174 13.309472 15.633443 18.047085 11.079575 -12.157246 8.143494
3.424977 0.161176 -2.033196 -2.231159 2.979578 1.881581 1.858472 -2.944734 -2.351093 -5.203463
-12.095764 -12.509935 12.256248 16.209290 15.563167 17.243492 18.501518 17.661606 -14.276380 15.788086
-1.560200 -3.726466 0.017373 2.946214 8.893616 7.527389 7.740480 1.963469 -7.298629 -0.690289
3.423099 0.347784 -1.836965 -2.208617 2.996644 1.960908 2.078090 -3.199013 -2.247816 -5.093069
-6.295668 -8.317144 4.459391 10.433608 14.254415 12.290490 12.004881 12.356406 -10.955534 4.906158
3.382917 0.352624 -1.796286 -2.157019 3.082809 2.014088 2.132349 -3.141703 -2.298458 -5.066692
3.274931 0.343614 -1.503241 -2.023256 3.180990 2.190562 2.360997 -3.035497 -2.366736 -4.871752
-6.867489 -8.628398 4.980724 10.488506 15.817168 12.439680 12.755076 12.044710 -11.813925 7.363063
-1.927302 -2.762078 2.316746 3.494957 8.509101 8.338531 9.386267 2.083603 -6.860270 -1.689108
-4.993691 -6.071816 4.194225 7.275799 13.592260 10.240183 11.655198 6.569855 -10.316177 5.247190
-1.751140 -2.376706 2.167074 2.921777 8.178480 7.527914 8.887991 0.619563 -6.715151 -0.460583
-0.567247 -2.182764 0.280555 1.719074 6.962770 6.272068 6.856687 0.132181 -5.786117 -2.004975
-14.362042 -9.485044 21.055073 16.856871 1.822075 22.472702 26.319862 15.193867 -9.335339 9.700473
3.264387 0.080297 -1.753141 -2.032102 3.213789 2.170751 2.235231 -2.862488 -2.466496 -4.918274
-4.085040 -4.613572 4.833662 6.478967 13.282571 9.977520 11.525932 4.968576 -9.468015 4.063723
-1.503076 -1.952245 2.214722 2.861420 7.855357 7.680349 8.845749 0.912815 -6.360237 -1.523493
-4.126495 -6.094028 2.027922 6.298001 13.524844 9.964563 10.345131 5.265750 -10.113431 4.621112
-1.769746 -2.823029 1.627444 3.145103 8.472880 7.823273 8.689435 1.682327 -6.943747 -1.014748
-1.213129 -2.008112 1.302700 2.419229 7.329274 7.439176 8.086773 0.697832 -6.031669 -2.134720
3.016093 -0.322867 -2.172114 -1.876075 3.393812 2.335705 2.176364 -2.564667 -2.766625 -4.995409
-5.592370 -7.383681 4.237776 8.691193 16.892277 11.109687 12.098670 8.615118 -11.863468 8.267455
-0.835967 -2.230359 0.759398 2.399783 8.231894 7.000416 8.189421 0.534347 -6.328946 -1.372591
2.782523 0.979910 0.461786 -1.269421 3.091054 3.271394 3.876044 -3.403909 -2.497195 -4.403644
-8.415264 -11.129057 5.888216 13.121244 13.146290 14.539801 13.623662 16.295948 -11.403659 6.905031
-13.333206 -14.146799 14.523550 18.369375 15.099281 20.200905 21.188450 18.733461 -14.825574 15.908391
-1.899194 -2.900440 2.054046 3.264179 8.372169 8.101797 9.167139 1.205818 -6.995362 -0.759597
3.417067 0.206641 -2.027822 -2.247905 2.960265 1.900866 1.859025 -2.996475 -2.313421 -5.198281
-2.383353 -3.013922 3.207154 3.846137 8.888973 8.719038 10.161974 1.463484 -7.407729 -0.214947
-12.346724 -10.221294 16.250637 15.752845 4.863213 21.440424 23.808828 14.401960 -10.804093 6.701675
-11.239079 -10.951767 11.843838 15.396925 10.007271 16.876335 16.668152 19.430431 -10.157909 9.768678
-4.538640 -5.649100 4.363776 7.317135 14.076151 10.152897 11.736682 5.944455 -10.106537 5.212987
-2.809571 -3.405002 3.218256 4.159047 9.368950 8.795490 10.404057 2.017157 -7.923497 0.343424
-2.790335 -4.014780 2.258843 4.401415 9.223547 8.836868 9.604644 3.091390 -7.639456 -0.047884
-2.782543 -4.681810 1.441498 4.424616 11.010286 8.411521 9.160558 3.018426 -8.331694 2.216968
-4.184949 -5.269268 3.327865 5.876711 12.651627 9.669921 10.989061 4.185940 -9.616087 4.397733
-12.229206 -11.702437 13.375057 16.059856 13.259962 18.072025 19.696871 17.017910 -13.010151 13.417735
-11.033901 -11.330862 12.037507 15.068926 16.997705 16.429716 18.145426 14.927976 -14.067672 15.327624
-2.289126 -2.877257 2.668479 3.609403 8.859324 8.186535 9.630048 1.362232 -7.100951 0.002612
-4.072715 -5.505823 2.820418 6.147687 12.196563 9.616416 10.493239 5.098573 -9.007071 3.242826
-2.178495 -2.961567 2.211148 3.713000 9.320325 8.085783 9.140085 1.800155 -7.189539 0.189792
