-12.306119 10.606269 8.071349 17.011295 18.343729 11.357867 13.661718 -11.244649 4.401679 13.938895
-11.310694 7.082271 6.141016 19.245617 14.708768 5.966965 10.926589 -12.512017 3.937429 15.030041
22.667934 9.841667 28.804829 -34.449753 -15.930614 12.009563 41.808327 -4.796111 -12.994571 9.532432
19.101156 8.399863 32.562164 -38.324821 -12.650000 11.380480 43.401787 -0.511994 -16.275871 8.563730
8.525116 7.356312 35.371170 -35.008125 -0.185933 4.216962 46.754189 2.681431 -23.696035 12.188701
3.068750 6.189708 7.925745 9.692467 1.073903 9.204041 14.062044 -6.998608 4.800094 10.760800
8.142243 4.678528 32.934353 -31.299896 -6.629450 -3.523941 41.034599 5.005527 -25.076445 16.426626
8.016828 7.914403 23.173120 -11.162821 -5.404028 5.014455 28.848551 2.039272 -8.173484 14.384796
-2.784928 11.871413 22.035254 1.230207 12.204170 4.891276 28.331633 -1.649725 -8.264543 17.987688
11.803221 11.111935 19.511227 -7.712575 -9.213719 6.756982 27.182133 0.695339 -3.912552 16.179173
-20.817711 8.424050 1.631783 16.610439 31.287640 17.842501 6.482702 -16.434704 8.146637 5.236537
4.172112 5.941577 36.590641 -31.482403 1.446649 -2.785880 45.703445 5.656264 -26.359596 17.130735
-6.133483 8.778691 27.466587 -13.259439 14.229965 6.364644 34.023651 -3.703063 -13.281860 15.727857
-8.936249 6.512449 29.093946 -13.754534 21.176695 4.389421 36.133308 3.871770 -18.621939 8.750654
-11.960103 6.701431 8.500419 20.904045 11.092507 4.494136 13.497322 -10.751209 2.756594 19.963100
6.369912 10.175121 36.627186 -21.865005 7.490071 1.086586 45.883492 10.942317 -23.586290 13.417219
12.131090 7.306689 34.814556 -35.960495 -7.570750 2.156969 45.632118 4.975861 -23.459326 13.661542
4.024659 2.945125 39.128422 -41.833008 -0.634057 -2.734856 47.157570 3.529457 -30.047682 15.903261
-8.726171 8.218254 7.701356 17.546751 13.119279 8.226718 13.438316 -9.869135 2.709712 15.023690
28.906183 8.492097 32.334766 -40.611336 -21.973236 13.371080 47.538559 -4.307817 -13.138012 9.166584
-16.777245 11.119170 13.690717 8.136278 28.139692 14.367277 19.147123 -12.355080 -0.670813 10.506545
20.419704 9.913256 36.033344 -44.100487 -15.512863 10.603325 50.530174 -0.630740 -17.787752 12.279131
22.810476 5.586221 30.702330 -39.115829 -23.160141 5.929620 44.018532 -2.198105 -15.544407 12.847085
-2.474745 9.305984 7.922552 14.239579 7.479086 8.645353 13.370197 -8.577733 3.512639 13.691265
-9.132589 8.027534 4.171638 20.912184 11.778832 6.983118 9.298836 -12.141631 4.751477 15.862036
18.838560 6.658017 32.695293 -42.970543 -16.664303 9.204700 47.688202 -4.047145 -17.032532 8.969659
5.936819 7.916484 38.590176 -33.231327 1.557562 -1.659736 46.302025 10.929774 -27.072273 16.294584
-11.183529 9.519567 7.747536 22.217812 15.906325 8.099986 13.586830 -10.297555 2.934536 16.849098
3.645438 12.106938 18.369759 -1.823450 4.392666 10.318029 24.856405 -3.325258 -1.579686 13.658946
-14.100972 8.019351 7.417979 20.696579 17.322437 6.969559 12.505901 -12.285639 3.156599 17.136454
-8.922253 8.846828 27.814747 -10.681579 16.737774 5.169371 33.301262 -2.620212 -13.212209 15.593662
0.575191 23.872047 9.597816 -3.840081 24.030224 35.930141 17.368261 -8.595827 5.497696 -8.046328
28.585501 6.660782 37.491421 -57.898102 -28.317179 9.337402 54.541779 -3.017678 -23.366049 10.030250
0.706643 17.644131 8.702650 -1.817511 20.783028 29.347549 15.171537 -13.179623 5.136500 -4.880969
2.574598 -2.054136 17.983952 -19.547039 -11.086105 -5.367687 21.707830 -5.671818 -16.254934 16.286394
6.003916 7.097660 7.248609 9.449981 -3.957931 6.047806 13.111772 -6.867673 4.770671 13.191007
-14.763550 9.854505 8.096622 21.236151 19.477198 9.106874 13.882618 -12.510440 3.454253 18.232040
-8.395611 8.371400 10.040176 10.540294 17.967146 15.366548 16.495304 -9.026226 4.096531 5.290724
-8.835876 6.947433 4.795413 20.245075 12.053767 7.092411 9.922510 -10.767809 4.107752 14.306201
-10.883280 6.939052 27.187271 -16.677471 15.644421 2.045715 31.688190 -2.479428 -17.189184 15.819724
39.749050 11.847769 -9.673711 -15.899035 7.549713 28.789297 3.666186 -44.798676 -14.133657 -26.473108
3.923301 4.823950 7.164567 3.730536 -0.236764 6.495645 11.567591 -7.948246 1.589650 8.850373
13.873106 6.568357 1.087534 4.785037 -3.304600 8.323214 7.890201 -13.438369 1.986646 4.600769
-10.124517 10.995883 9.547347 21.086620 13.563628 7.975386 14.690392 -10.332858 4.076669 20.142895
5.961589 12.237643 22.582958 -5.185895 3.346664 7.485662 30.131395 2.500867 -7.982057 14.254395
-9.119698 7.850477 6.310573 20.156494 13.629530 7.891544 11.183599 -10.165782 3.297183 13.661038
18.124594 10.249211 35.338680 -43.105583 -16.265089 9.802842 47.661781 1.583283 -18.555174 13.468812
15.314978 -0.737451 18.952862 -26.396584 -17.988400 6.049043 27.720858 -8.424597 -7.400990 7.623939
18.159275 21.449694 11.852036 -19.894594 5.816320 32.018909 20.393948 -10.604045 -2.652875 -10.098432
3.704280 7.338395 10.419685 6.531678 0.545604 6.703753 16.125715 -4.629497 0.837935 10.959208
-3.387653 14.212996 6.917374 11.864582 17.428844 20.617744 11.770617 -9.344677 5.932107 3.191384
2.613487 15.788915 1.454859 3.560522 17.143532 31.768883 8.294117 -10.921037 7.883173 -9.935700
12.876154 14.043876 24.472069 -13.389759 -5.030691 11.280184 31.704199 2.990486 -6.313715 12.017861
2.763126 2.485269 25.838293 -21.064899 -6.242866 -5.621270 30.966812 2.916895 -19.830700 19.993446
-12.982651 10.244156 7.970549 16.712400 20.038719 9.648720 12.216585 -9.756579 2.346769 13.296481
-21.311493 -0.104203 4.753761 17.119953 16.414108 1.399872 6.773801 -16.297770 -0.768968 17.091078
-2.561096 16.498577 23.704189 -2.015037 17.557789 12.768342 31.601858 -2.883337 -6.859717 13.211092
1.401117 14.716043 19.607151 -8.071167 15.013308 18.053556 26.731413 -0.180610 -5.213438 0.492262
8.154581 4.063284 22.368324 -23.459930 -14.808620 -1.449598 27.911013 0.103514 -15.228831 16.456026
-15.710993 6.902723 8.408602 21.701622 18.834829 5.232891 13.555672 -12.359950 1.062545 18.195660
5.748208 0.615955 17.480503 -19.880554 -14.119425 -3.229550 21.012304 -1.552532 -12.497962 14.671708
6.515817 0.394233 18.768578 -20.160763 -15.181370 -4.587449 23.006569 -2.483877 -15.475736 17.364748
30.597023 5.452674 35.887794 -54.904129 -31.686604 6.482738 51.954124 -5.204185 -23.499598 11.786130
19.285419 8.250916 33.727951 -44.627850 -15.888231 6.674276 45.948891 -1.566089 -22.256086 12.140077
10.072084 6.679832 36.798717 -37.559330 2.379347 -0.217013 45.838837 14.605964 -31.151945 5.410891
-19.774786 5.916560 29.597458 -23.660046 24.486814 6.697597 33.113716 -7.610781 -16.537216 14.970687
1.202787 6.335474 9.835889 4.990333 0.269912 9.111120 13.257923 -2.792504 3.642377 9.747038
-8.049875 8.225419 5.822135 17.354404 13.050321 9.862324 10.715238 -10.682975 4.849277 12.439774
