49.293240 13.058186 -63.224865 -22.321701 2.696221 -10.060614 -29.765030 6.150188 20.305523 -33.978355
37.346478 12.231936 -43.392689 -19.600433 0.575772 -1.840461 -18.817764 4.003352 13.500392 -26.428869
68.692268 26.922756 -89.950813 -41.690113 -7.476830 -3.705270 -51.241123 17.819967 43.682716 -57.961205
63.469509 23.765772 -85.134964 -36.750916 -4.903471 -6.902915 -48.314877 15.378993 39.788464 -53.393532
74.214630 25.592237 -101.055367 -41.499409 -4.138728 -11.367771 -56.501060 16.753513 43.831635 -60.967331
40.039387 14.328422 -47.355587 -21.721577 -0.303076 -1.163378 -21.843447 6.322558 17.045368 -29.679356
79.240807 27.362661 -108.912743 -44.299541 -5.387913 -11.449901 -60.672688 17.850183 48.119602 -64.314796
64.518578 23.858961 -82.145561 -37.162846 -3.799797 -0.718916 -42.249130 12.650361 38.194954 -50.525864
56.743534 15.159780 -74.150040 -27.311623 2.837024 -12.534955 -35.429863 8.059279 22.485855 -40.869049
65.847328 19.673105 -81.693390 -34.535343 2.567934 -7.624175 -39.785046 11.738033 32.265247 -48.529663
36.546703 13.416970 -50.219921 -19.323469 -1.637243 -5.802316 -25.930302 7.604295 16.776567 -29.547949
73.858421 24.531809 -95.279915 -40.724155 -2.866398 -6.753610 -50.400917 14.987359 42.376324 -57.410179
70.252495 18.290907 -93.093124 -33.400578 2.814559 -13.530849 -45.388752 9.231594 33.968945 -50.344810
66.930870 19.720272 -96.170898 -33.844341 -0.168471 -18.283688 -51.288853 12.464067 33.930672 -52.611320
46.180115 13.218025 -58.927433 -21.994841 0.783406 -6.843004 -27.605402 5.308155 19.490852 -33.025879
71.055519 21.668684 -97.487640 -36.848404 -0.412852 -15.611814 -51.906605 14.135361 37.686668 -55.227329
75.511635 30.172220 -105.835518 -45.749378 -10.152966 -9.745003 -64.001366 21.753542 50.864365 -66.322998
71.638908 30.035517 -98.642769 -45.397419 -12.093231 -5.447212 -61.499306 22.949915 52.609886 -63.929726
48.098225 13.253280 -59.380146 -22.580149 2.870062 -7.694185 -26.576445 5.391182 18.276915 -33.448883
59.031914 24.858339 -75.906746 -36.934544 -6.825345 -0.633902 -43.018208 15.700983 38.349537 -50.034359
53.079037 12.927005 -71.054863 -23.173897 3.598865 -13.884057 -32.936977 5.482804 20.129318 -36.608162
77.484665 33.041634 -104.767693 -49.461597 -12.567452 -4.136639 -63.897995 23.739584 54.277073 -68.581757
76.892082 30.509691 -101.827385 -46.839451 -9.862287 -2.425049 -58.254601 19.944487 51.437679 -64.225075
42.365498 14.240877 -50.161373 -22.622032 1.355867 -4.638165 -24.024244 6.530573 16.289919 -31.363594
37.048611 13.466328 -43.077259 -20.428894 0.036691 -1.416164 -19.083649 5.090038 12.771453 -27.553230
76.600594 27.092638 -103.559387 -43.836292 -6.220122 -9.191607 -58.478840 17.938828 46.468330 -62.666801
69.904243 27.730352 -100.500450 -42.107162 -8.114605 -12.327351 -60.697147 20.735830 46.272839 -62.173401
43.492840 13.503017 -56.219357 -21.825817 0.508963 -7.726043 -27.187963 6.293230 16.698294 -32.428078
55.297653 15.539607 -67.496971 -27.160538 3.549223 -7.139818 -31.126484 7.580836 24.883478 -38.997993
46.513813 13.256063 -56.754807 -22.087093 2.018936 -5.854678 -24.771151 4.518966 16.249510 -32.176491
64.786583 17.615778 -85.964226 -31.174141 2.763100 -14.080121 -42.629307 10.047150 31.089031 -47.245430
54.067093 16.774326 -74.264503 -27.377945 0.120408 -12.917863 -40.268002 10.443024 27.046545 -42.136940
78.331741 37.499092 -107.643700 -54.036228 -18.476328 -0.785714 -69.783424 28.478466 60.568123 -73.583527
56.475143 16.153656 -71.863411 -27.643177 2.298484 -9.999486 -35.226566 8.540238 24.534853 -40.824829
75.597076 25.371443 -101.177879 -41.222034 -4.742770 -8.409434 -55.587978 15.197090 45.884739 -59.590317
39.024326 13.506084 -41.925030 -21.406916 1.054746 2.397842 -17.307619 4.998274 16.314333 -27.638651
48.321781 12.991813 -60.759903 -22.345570 2.674301 -8.529282 -26.974621 5.342717 17.542345 -33.215698
57.076046 13.988328 -76.875206 -25.172384 4.100207 -14.313499 -35.162983 5.173880 22.544832 -39.453514
39.040073 13.057342 -47.445698 -20.654598 0.287893 -3.777612 -21.552036 5.163331 13.918631 -28.834728
58.405758 15.958876 -79.952545 -28.652473 1.427641 -13.928914 -42.187370 10.824715 31.784941 -43.703945
39.683834 17.357586 -48.995121 -24.968628 -4.872622 -0.266161 -28.676653 10.772331 22.703152 -34.044872
46.194172 13.272893 -52.195827 -23.202110 2.284166 0.243956 -20.574249 3.322637 17.991774 -30.755337
34.418400 14.361550 -38.019772 -21.088497 -1.839244 2.603065 -18.491261 6.441957 16.736609 -26.329300
52.836525 14.111809 -66.100426 -24.957556 2.965166 -8.829942 -29.761744 6.455698 20.705629 -36.621124
71.445091 23.287161 -96.176353 -38.663586 -1.526927 -12.819566 -51.242794 14.843871 36.895473 -56.713528
50.641548 14.521496 -64.534081 -24.800694 2.079635 -10.096207 -30.871704 6.731131 18.945511 -36.813416
76.277916 33.667397 -105.388466 -49.462189 -14.353721 -3.893932 -65.757233 24.495218 56.229977 -68.886314
61.268490 21.610277 -76.266747 -33.588898 -3.565058 0.506504 -38.537910 9.759194 36.240986 -45.706524
63.005676 24.354591 -83.081078 -37.287601 -6.433395 -7.145457 -49.838215 17.004929 39.187481 -53.965500
56.426029 15.391362 -70.721863 -26.842182 3.489312 -9.895664 -32.839863 6.536916 22.795952 -39.669487
57.807549 13.036304 -75.422020 -24.978336 6.306672 -15.087902 -33.502766 4.968580 19.772509 -39.169239
45.226170 14.632388 -59.406803 -23.486824 0.836608 -8.701371 -30.773111 8.545881 19.981787 -35.666016
57.867760 20.388868 -74.783501 -32.263855 -1.539301 -6.240097 -39.816143 12.750734 33.400211 -46.262325
77.621651 27.025194 -106.246010 -43.864651 -5.303516 -11.154016 -59.306751 18.228256 46.831867 -63.448177
49.663563 14.400210 -66.818886 -24.592289 1.338673 -11.847819 -33.237686 8.233974 19.926981 -37.036652
41.803547 11.476171 -56.325169 -18.798531 0.707865 -10.328166 -28.031307 4.813938 18.724039 -29.675447
66.571060 18.473263 -87.808014 -32.964306 3.514196 -15.794784 -43.853542 11.256438 28.866962 -49.344154
61.320187 18.276678 -86.610100 -31.440037 0.035174 -16.770327 -46.378784 12.172897 29.574160 -48.528629
75.850166 27.524300 -102.319595 -43.611073 -7.220312 -8.510480 -58.617096 18.616064 48.082779 -62.390762
48.157124 12.444705 -61.548687 -21.891298 2.461103 -9.219943 -27.540270 4.261111 17.642588 -33.059761
62.853107 20.049231 -84.774559 -32.358440 -2.308888 -9.063798 -45.337223 11.009497 38.499203 -48.158836
71.484245 24.584276 -94.195290 -39.542316 -3.997133 -6.894166 -51.248196 15.123870 43.886669 -56.410202
78.754036 36.670067 -106.787819 -53.280289 -17.224760 -1.159508 -68.135323 27.247412 58.640240 -72.757439
76.829399 34.322952 -104.588112 -50.455975 -14.860477 -3.784285 -66.265999 25.555332 55.280659 -70.361588
74.149971 33.778130 -104.616325 -49.362453 -15.332805 -5.973672 -67.925385 26.273369 55.258194 -69.876511
60.883717 18.783783 -87.196327 -31.467474 -2.015119 -13.455781 -48.273540 12.666685 37.187756 -48.152229
60.509701 16.027397 -76.375084 -28.520569 3.835486 -8.679753 -35.303074 7.661319 28.233866 -42.403358
41.641167 14.084954 -51.270145 -21.553104 0.022807 -3.902459 -25.317867 7.196276 18.922197 -30.941925
