12.747876 5.932737 -17.372896 -8.648053 1.167070 7.119689 6.276763 -9.609260 18.805698 20.482891
11.788232 5.188095 -16.227877 -7.579167 0.571202 6.033350 5.308846 -9.760658 16.725946 18.930801
12.442560 6.021375 -17.052210 -8.628821 1.315466 7.358563 6.309941 -9.370285 18.863169 20.162649
12.223667 4.573798 -16.388918 -7.402727 0.181630 5.534439 4.989903 -10.127367 16.365211 19.363476
12.093337 4.568112 -16.075773 -7.307593 0.176170 5.505554 4.923453 -10.201826 16.118689 19.181606
9.758337 2.009118 -13.019281 -4.408762 -1.647212 1.941658 1.715267 -10.890204 10.180087 15.363464
5.848018 0.496516 -7.705079 -1.169869 -2.518701 -1.068349 -1.273843 -10.783414 4.013371 9.565523
9.543880 2.219660 -12.485525 -4.191523 -1.460818 2.001836 1.886939 -10.803511 10.045016 14.801208
10.866210 2.571172 -14.251536 -5.244284 -1.241989 2.949369 2.813347 -10.787960 12.087952 16.909607
9.073785 1.366270 -11.876907 -3.778894 -2.112026 1.038793 0.761795 -11.185107 8.523947 14.288326
5.065859 0.312412 -7.421939 -0.562973 -2.486171 -2.092055 -1.715020 -11.134876 2.872117 8.712410
11.050166 2.425640 -14.121252 -5.229332 -1.406522 2.734266 2.571968 -11.109580 11.979346 17.077862
12.492297 4.532165 -16.379580 -7.448946 0.127500 5.306581 4.988381 -10.021072 16.352243 19.521114
6.876514 0.844910 -9.432794 -1.926765 -2.532529 -0.872446 -0.618394 -11.409485 5.356499 11.039783
12.497724 5.050149 -16.632969 -7.958586 0.556295 6.265602 5.515517 -9.938606 17.289799 19.901497
5.008079 0.307357 -7.194796 -0.780479 -2.167042 -1.577634 -1.075078 -10.282286 3.570242 8.659575
9.949362 2.312950 -13.627042 -4.564645 -1.650402 1.952945 2.018497 -11.022954 10.613105 15.791992
10.140907 1.861808 -13.369225 -4.508068 -1.841126 1.595262 1.965561 -10.639520 10.489259 15.618542
12.413260 6.067752 -16.950647 -8.734701 1.389243 7.344308 6.260114 -9.321192 18.771318 20.178032
9.261550 1.776294 -11.979544 -3.611076 -1.892096 1.421070 1.278331 -11.501342 9.069022 14.547398
12.947985 5.763293 -17.427679 -8.703144 1.062107 7.037647 6.206506 -9.505493 18.807552 20.610857
8.262954 1.151055 -10.738240 -2.931804 -2.199436 0.561771 0.147099 -11.626115 7.463023 13.292521
8.664574 2.720320 -12.100656 -3.934116 -1.103584 1.898404 1.664428 -10.382945 9.480955 13.778470
5.561555 0.488835 -7.536593 -0.912786 -2.414263 -1.693373 -1.250251 -10.087976 3.353644 8.502398
5.543092 0.439919 -7.581402 -0.988718 -2.494366 -1.644486 -1.635400 -11.249285 3.377954 9.297014
12.473954 5.136225 -16.852234 -8.049389 0.567269 6.165556 5.574894 -9.762061 17.357256 19.792595
11.799724 4.605567 -16.505552 -7.149189 0.118679 5.146474 4.935410 -9.926639 15.998967 18.819130
11.941665 4.450559 -16.403780 -7.065845 -0.009430 5.127309 4.881994 -9.881964 15.947810 18.845493
12.335958 6.064380 -17.128361 -8.404980 1.180611 7.065522 6.218400 -9.478598 18.561716 19.941755
11.110040 2.980954 -14.969662 -5.647683 -1.132410 3.088818 3.128216 -10.699694 12.826848 17.424576
12.906331 5.294655 -16.815973 -8.438730 0.789231 6.781627 5.810443 -9.894857 18.058332 20.517921
10.844704 2.721101 -14.175101 -5.188909 -1.256074 2.769121 2.783524 -10.963879 12.254819 16.935640
5.635466 0.499352 -7.594412 -0.928727 -2.338303 -1.842347 -1.399547 -11.054131 3.487649 9.050361
12.956122 6.058617 -17.497845 -8.984308 1.332001 7.468171 6.497667 -9.411392 19.336355 20.783951
12.716220 5.899895 -17.184111 -8.585251 1.209694 7.060674 6.345537 -9.426456 18.832546 20.399284
10.395285 2.150173 -13.860306 -4.652794 -1.725883 1.962721 2.355122 -10.704419 11.017082 16.045927
11.845976 6.124451 -16.620995 -8.311220 1.336985 7.101402 6.025987 -9.294422 18.121695 19.358250
6.686773 0.808797 -9.356421 -1.778841 -2.257544 -0.843773 -0.467292 -10.112494 5.236669 10.288058
5.689472 0.508066 -7.721989 -1.075503 -2.405843 -1.195729 -0.989612 -10.550823 4.245565 9.391453
6.247204 0.577603 -8.238659 -1.361813 -2.346453 -1.202157 -0.855130 -10.798354 4.543593 9.834577
11.981555 4.582196 -16.356096 -7.202456 0.141233 5.233496 5.057186 -9.887684 16.224432 19.033417
6.182596 0.597570 -8.436566 -1.157405 -2.443124 -1.219402 -0.986615 -11.174445 4.697855 10.078482
11.743235 4.592334 -15.799750 -7.203661 0.255970 5.219909 4.777826 -9.829126 15.730943 18.659229
5.586448 0.361559 -7.730498 -0.862031 -2.527813 -1.735422 -1.662359 -11.091478 3.180857 9.196959
6.905506 0.623449 -8.999098 -1.772456 -2.700229 -0.733477 -0.956792 -11.423239 5.302360 11.068796
8.598542 1.202480 -10.831314 -2.904960 -2.378032 0.422633 0.579204 -11.211204 7.826018 13.123374
7.130696 0.711135 -9.801119 -1.665414 -2.558805 -0.991860 -0.513510 -11.152593 5.426679 11.028247
9.624565 2.548344 -12.822197 -4.052808 -1.315393 2.106058 2.115039 -10.720957 10.644972 14.916497
5.283605 0.471344 -7.416806 -0.931410 -2.309870 -1.668704 -1.397594 -10.690557 3.193655 8.794556
10.018008 1.962128 -13.126553 -4.479129 -1.572724 2.146076 2.015912 -11.070267 10.687791 15.858018
9.258523 2.305811 -11.793917 -4.590005 -1.183361 2.519352 1.965665 -9.919562 10.527757 14.987528
12.370172 4.566092 -16.584406 -7.489083 0.103052 5.563232 5.130474 -10.024666 16.558008 19.582912
9.340214 1.376368 -11.957833 -3.722267 -2.126427 0.982789 0.770980 -11.731155 8.727344 14.518080
10.729617 3.774073 -14.680179 -5.810031 -0.577307 3.799707 3.792403 -10.149187 13.478516 16.948914
12.311504 5.156463 -16.641108 -7.948481 0.607097 6.286221 5.582496 -9.826548 17.329203 19.694998
11.706019 4.687343 -15.585142 -7.053555 0.214016 5.510019 4.738734 -10.096525 15.863079 18.587048
5.561252 0.500298 -7.860887 -0.923278 -2.407379 -1.707523 -1.441369 -11.018576 3.140354 9.102442
10.526723 2.480614 -13.978614 -4.870800 -1.365260 2.340410 3.047764 -9.942365 11.792186 16.094788
12.183408 4.929515 -16.206146 -7.438653 0.473571 5.606239 5.275535 -10.012066 16.718586 19.363932
8.618873 1.134903 -11.260544 -3.069416 -2.160758 0.618715 0.415582 -11.822828 8.066212 13.820871
6.330592 0.897307 -8.855955 -1.530032 -2.176811 -1.038159 -0.602432 -11.007105 4.780605 10.046101
5.369657 0.420182 -7.397996 -0.771787 -2.526341 -1.911886 -1.653456 -10.762672 2.944011 8.564209
11.417930 4.494809 -15.862040 -6.772528 -0.052591 4.822928 4.489390 -10.115141 15.097077 18.081720
5.611776 0.425410 -7.646300 -0.784069 -2.690692 -1.710345 -1.555028 -11.171602 3.229833 9.066794
9.324601 1.841119 -12.521416 -3.961516 -1.959861 1.309139 1.064926 -11.290277 9.150333 14.717526
11.973225 4.268409 -15.477930 -7.054315 0.050668 5.187941 4.601493 -10.057756 15.667648 18.960962
5.937945 0.429276 -8.202768 -1.097368 -2.461498 -1.414526 -1.191895 -10.822519 4.007690 9.530922
5.561153 0.452344 -7.575769 -0.999837 -2.447487 -1.564369 -1.605490 -10.965986 3.517446 9.230459
6.042430 0.469258 -8.380463 -1.198431 -2.499188 -1.481188 -1.270160 -11.110247 3.948146 9.761738
6.091280 0.566138 -8.679380 -1.205220 -2.530602 -1.350107 -1.368513 -11.067528 3.923600 9.798420
9.844339 1.690886 -13.029963 -4.081126 -2.145125 0.974368 1.242265 -10.901476 9.619220 14.981065
12.635481 5.368029 -17.045462 -8.102346 0.695653 6.280926 5.785768 -9.769501 17.731016 20.057917
