5.955269 -6.989909 -16.261385 12.858127 8.098562 -4.784332 3.465301 -9.802694 -14.120895 -4.551782
1.752515 -0.478404 3.277188 7.985833 -10.379322 -5.908821 8.263908 -11.048802 -3.483352 -13.665237
22.563253 -19.537891 -16.219084 -18.070686 -17.628716 -17.551529 -15.566284 -20.923378 15.731459 8.029156
22.121569 -20.210274 -22.327219 -18.190632 -12.380256 -15.662395 -19.014324 -19.914795 16.414455 11.139838
26.479553 -24.010231 -23.252310 -22.358433 -17.770031 -19.723785 -20.643854 -24.329121 20.424839 12.546988
3.706923 -1.751681 -1.785284 7.928446 -8.575365 -6.559071 5.086675 -10.523062 -4.452433 -11.840424
20.462156 -19.130287 -13.503181 -17.443687 -17.584650 -17.031723 -14.464123 -21.093735 15.871898 6.922081
15.196813 -13.987275 -10.014400 -12.047346 -14.546150 -13.431677 -10.819576 -16.946552 10.467958 3.071271
7.983170 -7.787637 -3.733219 -2.320070 -11.262871 -9.993881 0.487933 -14.569017 6.004949 -4.700962
13.069088 -11.394846 -5.956527 -8.517725 -15.293748 -12.773464 -7.185548 -14.466215 8.195450 -1.274832
1.869153 -8.050454 -22.362070 20.412191 25.831526 0.539476 7.903719 -5.046568 -29.651436 -1.380500
22.285107 -19.543270 -15.700326 -19.487284 -19.820990 -18.353622 -17.972092 -21.658604 19.947605 8.818415
19.401318 -19.288536 -15.679003 -14.429950 -13.190804 -16.457352 -12.911433 -21.308556 11.800224 7.101371
20.642347 -21.113909 -21.537952 -14.361295 -7.836150 -16.404795 -14.295071 -25.600279 15.692419 11.901990
0.466032 0.418542 5.905534 9.058436 -10.239713 -4.741600 9.639207 -11.459710 -4.566568 -15.107712
21.215328 -21.086891 -17.289160 -18.865799 -15.318954 -18.013523 -18.331375 -24.637920 22.725540 11.038407
24.965748 -22.721626 -19.615179 -20.697285 -18.781481 -19.851471 -18.647678 -23.609512 20.267513 10.322855
24.915318 -23.486887 -19.003460 -23.268423 -17.903545 -19.358191 -20.014133 -23.185196 19.332750 12.298448
2.858267 -1.813532 1.406830 8.038113 -10.001184 -6.718037 7.590678 -12.272125 -3.334968 -13.982606
23.845703 -20.521200 -21.009634 -17.463696 -18.514496 -18.497526 -17.475965 -21.244095 18.137442 7.143198
8.586140 -10.800772 -18.917616 8.365217 9.631060 -6.226087 0.554500 -13.063366 -12.898191 0.291444
27.246172 -24.064163 -22.175756 -24.033216 -19.770563 -21.212463 -21.661888 -26.008720 21.953817 12.812869
23.351540 -20.867022 -17.646719 -20.326832 -19.832153 -19.386024 -18.022530 -22.982277 19.103889 9.398223
2.152572 -0.477964 3.305689 8.573506 -10.364579 -5.684234 7.942794 -10.717421 -3.424687 -14.803264
0.568450 1.134603 4.845716 9.701308 -10.570503 -4.562817 9.564994 -10.103870 -3.967512 -15.282038
24.174072 -23.087223 -19.695776 -20.123550 -16.610165 -19.685171 -18.882679 -23.501980 18.272947 11.651079
23.608196 -22.010906 -19.817234 -21.137440 -15.700756 -18.927925 -18.963871 -23.622824 21.149759 12.054835
0.773459 0.340242 4.434278 9.821942 -8.020863 -4.077347 9.444965 -9.839338 -5.694641 -14.203209
13.713845 -12.425346 -10.562846 -6.272352 -11.052395 -12.952620 -5.402533 -15.233508 6.564428 -0.565557
3.810452 -3.423841 -0.654582 5.546858 -7.780936 -6.089839 4.967539 -11.461411 -2.530127 -10.435221
19.826332 -18.752377 -17.236300 -15.169961 -12.718927 -17.089279 -13.865888 -21.519547 15.637085 6.900065
9.943105 -11.710458 -28.722425 15.928269 20.196913 -4.144196 2.347759 -9.595201 -21.174973 0.410778
26.856461 -23.966507 -20.355349 -22.866484 -19.729992 -20.708469 -20.093517 -23.929672 19.040472 11.201359
10.271086 -11.968795 -24.290812 10.811628 12.146873 -5.670847 0.501215 -10.462336 -15.653925 -0.243081
13.170488 -11.786863 -4.980433 -9.993766 -14.018661 -11.374746 -6.980214 -14.213162 6.439701 0.396254
1.788520 -0.470203 3.497267 8.063538 -11.360941 -6.128139 7.560069 -10.498872 -4.542208 -14.313812
1.746268 -1.613750 1.740761 8.153423 -8.447247 -6.240402 8.266012 -11.577259 -6.291281 -13.236364
5.994120 -8.290827 -16.748041 9.942375 7.241498 -5.234918 2.099369 -11.584427 -13.516210 -1.335122
0.889666 0.390687 4.043724 8.318712 -9.663214 -4.759284 8.883123 -9.890501 -3.428569 -13.568018
13.132886 -13.599997 -8.888350 -11.126025 -10.579698 -12.113598 -9.024113 -13.881527 6.502951 2.486066
14.618287 -14.752527 -5.714981 -8.023382 -15.366670 -9.562596 -8.429552 -8.752108 0.611317 0.858544
4.471303 -2.438238 1.018537 5.111922 -10.040148 -6.546767 5.370166 -10.710371 -4.455334 -11.771194
3.174930 -0.409206 3.876190 7.393842 -12.233595 -5.903670 6.860599 -9.393634 -4.764071 -14.372417
2.351926 -1.545956 2.464905 8.355716 -9.946799 -6.712541 8.642481 -12.504430 -2.614383 -14.154032
12.077165 -10.623785 -6.451437 -7.088871 -13.099298 -11.260757 -5.936914 -14.767876 6.145522 -0.433754
0.772741 0.595365 3.611768 9.330653 -7.803818 -3.668344 8.559351 -9.718327 -5.613524 -13.397280
23.936722 -21.222795 -18.716978 -19.167732 -16.956161 -18.652277 -17.267975 -22.889217 16.596043 9.144241
13.777270 -12.115604 -8.242130 -8.566746 -13.316579 -12.065672 -7.083626 -14.416981 4.143810 0.561400
12.065822 -11.331157 -20.311619 7.002999 5.615515 -4.989989 -0.496392 -6.343402 -11.492104 -2.454711
3.661450 -1.952883 1.323601 5.605569 -9.833338 -5.951702 4.696669 -10.923448 -2.803733 -10.005726
7.248978 -9.128201 -19.471037 12.174177 9.832914 -4.809277 2.456695 -10.397013 -13.931318 -2.000757
4.605405 -6.902434 -23.025684 20.125664 19.047089 -0.196867 3.742179 -4.565524 -23.047386 -2.856327
13.122259 -11.110846 -10.960480 -6.239924 -10.511001 -11.103681 -8.001403 -12.550686 6.262052 -0.112098
13.528039 -12.755407 -6.244022 -9.989529 -13.560480 -11.997139 -7.226894 -15.880828 6.770725 0.397802
3.044965 -2.580213 1.116020 5.295156 -8.687725 -6.462270 6.499602 -10.184418 -2.157324 -10.899293
0.655895 -0.258467 6.034992 8.250592 -8.776875 -4.239844 9.057650 -10.701307 -4.997123 -14.378255
13.792209 -13.987309 -12.475800 -5.169084 -7.023458 -13.175270 -4.388962 -19.529438 6.640799 0.405786
9.866611 -10.384725 -20.602417 9.177580 8.243906 -6.472476 0.950709 -12.089897 -9.835912 -1.063265
12.371511 -11.018711 -5.412908 -7.730266 -12.261881 -11.125494 -6.235272 -14.079364 4.215434 -0.535728
1.360134 -0.294621 4.237996 8.590689 -9.394394 -5.008538 8.966842 -10.696571 -4.092275 -13.964523
12.226322 -10.727428 -5.863763 -8.702386 -12.139839 -10.746670 -6.808581 -13.509665 5.469497 0.287257
11.666236 -10.453377 -3.518408 -8.364632 -13.786736 -10.783439 -5.383832 -12.525536 4.493994 -0.900619
26.047010 -23.362350 -18.240442 -21.809391 -20.848158 -20.326691 -18.911579 -23.124207 19.354427 9.244244
22.956432 -20.586950 -16.410963 -18.891842 -16.687862 -18.009361 -16.144341 -20.835320 16.056574 8.475706
23.607010 -21.425247 -18.592936 -19.094147 -15.626661 -18.107889 -17.676399 -22.663048 18.980101 10.910627
12.972116 -19.072205 -20.857866 -5.002697 8.244532 -8.680282 -6.844918 -14.781191 -10.471263 7.513072
6.883822 -7.870204 -17.003654 9.064437 8.616541 -5.059808 -0.511229 -9.288160 -12.582155 -0.535522
1.834576 -1.478181 0.034580 10.699555 -5.587871 -4.511054 8.142192 -8.703611 -8.892206 -14.110261
