6.906681 -3.814491 -0.321255 -0.195587 1.801873 -1.313278 1.801000 1.348251 8.677031 4.590192
6.474837 -3.747661 -0.822746 0.278248 2.132730 -1.145731 1.970683 1.434046 8.438031 4.627988
11.985010 -4.421156 -6.421180 2.216157 6.108276 -2.531333 4.721327 1.976586 17.364880 11.450806
9.489178 -3.864956 -4.136929 1.049938 4.763317 -2.125034 3.459548 1.713377 13.297515 8.582220
16.249674 -3.457055 -10.322870 4.260554 9.672398 -4.159001 6.788939 1.326867 23.044464 15.838507
6.478243 -3.760629 -0.912502 0.126276 2.241819 -1.191435 1.807063 1.384538 8.337527 4.744864
9.510737 -3.738578 -3.920732 0.969023 4.305267 -1.863573 3.524473 1.482211 13.179552 8.144016
9.218056 -4.000461 -4.258168 1.417912 4.365367 -1.823927 3.544352 1.721074 12.982316 8.146405
6.186865 -3.900483 -0.988877 0.351415 2.268429 -1.146895 1.666962 1.625018 8.374691 4.903051
6.322371 -3.743350 -0.716703 -0.190600 2.027397 -0.947049 1.705711 1.590938 8.555899 4.304422
6.713311 -4.089640 -1.036524 0.147347 2.394732 -1.252259 1.869787 1.586930 8.713495 5.163548
13.846348 -3.516019 -8.406329 3.488343 7.709236 -3.368612 5.522446 1.279265 19.994028 13.578804
9.667927 -3.738574 -4.136936 1.315780 4.571842 -1.998122 3.436817 1.702994 13.972248 8.831863
9.845186 -3.708642 -4.705728 1.799775 5.041148 -2.247808 3.752694 1.534913 14.059281 9.227612
6.146919 -4.096644 -0.427873 -0.024107 1.919064 -1.138992 1.576790 1.595991 8.222035 4.509220
7.239061 -3.478026 -1.844880 0.462972 2.563343 -1.314208 2.213407 1.428473 10.183904 5.818807
16.169344 -2.929759 -9.827326 3.892830 9.066433 -4.016673 6.823501 0.983682 23.322935 15.552300
14.293133 -3.934448 -8.534857 3.597723 8.099157 -3.513282 5.576321 1.260872 20.643908 14.250525
6.984852 -3.992402 -0.675249 0.042414 2.146385 -1.467964 1.802346 1.615254 9.037508 4.731743
9.888223 -4.266313 -4.127071 1.207809 4.573050 -1.907172 3.363354 1.845209 13.588972 8.522636
6.736074 -3.843270 -0.769095 -0.087518 2.132283 -1.324617 1.948998 1.320951 8.647152 4.710040
15.853187 -3.533216 -9.923063 4.240639 9.267369 -3.761158 6.449497 1.244373 22.375414 15.322374
15.692127 -3.716741 -9.630701 3.951506 8.985417 -3.531101 6.389775 1.114977 22.310825 15.139226
5.991306 -3.658156 -0.993809 0.019435 1.999066 -1.078570 1.935048 1.294815 8.055305 4.431613
5.960309 -3.809767 -0.442033 -0.033186 1.821738 -1.042600 1.808591 1.440513 7.578713 4.096023
9.415199 -3.898819 -4.058544 1.585219 4.677809 -1.891797 3.368155 1.623068 13.004922 8.298607
14.210408 -2.972449 -7.835838 3.381548 7.951426 -3.638285 5.749331 1.008544 20.136293 13.146038
6.184912 -3.776024 -0.658067 0.073189 1.945125 -1.163542 1.743885 1.524073 8.234504 4.529718
6.871866 -3.721824 -0.799942 -0.103412 1.789830 -1.208761 1.939334 1.491556 8.870900 4.656696
6.447441 -3.872749 -0.708545 -0.015132 2.119298 -1.370684 1.735822 1.473565 8.701340 4.619891
9.059983 -4.107435 -3.574713 1.120185 4.075120 -1.999507 3.189038 2.008965 12.876586 7.884114
6.993657 -3.997391 -0.881417 -0.130588 2.168987 -1.144026 1.827816 1.572699 9.121415 4.891207
16.764334 -3.310385 -10.587808 4.296238 9.807344 -4.012064 6.920234 1.194648 23.837805 16.012093
6.743649 -3.720952 -0.466437 -0.120965 1.872395 -1.306465 1.651227 1.433215 8.505814 4.589001
14.228504 -3.486280 -8.732108 3.392104 7.857834 -3.320856 5.887313 1.283710 20.586752 14.110688
7.280456 -3.902064 -0.870761 -0.272745 2.271253 -1.240982 1.892703 1.377229 9.297729 5.163989
6.581762 -3.913488 -0.813223 0.100892 2.155079 -1.347721 1.959898 1.544090 8.785191 4.661497
9.693345 -4.065936 -3.388821 1.378577 4.878132 -2.297451 3.231288 1.755750 13.483611 8.517966
6.346339 -3.865803 -0.811799 0.026793 2.318725 -1.242809 1.814192 1.463515 8.343321 4.574792
9.901592 -4.284718 -2.843894 0.888438 3.980070 -2.406874 2.935519 1.506772 13.173589 7.633183
18.050077 -3.216477 -12.087420 4.830911 10.533571 -4.282268 7.833677 0.930161 25.950502 18.104528
6.485002 -3.800249 -1.393330 0.354355 2.354059 -1.127395 1.896037 1.548730 8.828866 5.107708
6.637120 -3.665467 -0.775413 0.117266 1.935729 -1.326066 1.756143 1.228166 8.683292 4.560622
6.210635 -3.866904 -0.450907 -0.069184 1.845444 -1.226912 1.727345 1.572749 8.181317 4.250093
9.184491 -3.598265 -3.601644 1.222518 4.222877 -2.079554 3.062743 1.612996 12.561538 7.874806
6.228384 -3.839271 -0.733636 0.020962 2.018264 -1.049124 1.744193 1.387727 8.175897 4.716121
15.237036 -3.727537 -9.272406 3.870388 8.692135 -3.626837 6.156605 1.415927 21.603922 14.768533
14.515042 -2.952238 -9.237708 4.010091 8.493941 -3.429776 6.034645 1.033397 20.926882 14.344609
10.543837 -3.631565 -4.205958 1.346622 4.233595 -2.121850 3.432588 1.767702 14.134598 8.652299
9.571764 -3.163694 -4.062043 1.539759 4.652205 -2.300146 3.351663 1.243343 12.686915 8.208371
6.123902 -3.828050 -1.032629 0.162156 2.437543 -1.164259 1.802266 1.464399 8.508918 4.843893
6.613353 -3.551199 -1.211053 0.025229 2.174876 -0.876476 1.899811 1.395599 8.502891 4.959373
9.626191 -4.318089 -3.778874 1.252528 4.453003 -1.986077 3.606614 1.812554 13.255999 8.294982
15.068432 -3.154089 -8.747517 3.537571 8.613628 -3.680781 6.043636 1.107126 21.439615 14.343629
9.251658 -3.653189 -4.147501 1.385054 4.564298 -1.798327 3.262377 1.735802 12.879079 8.390159
6.129700 -3.873108 -0.947416 0.068772 2.363618 -1.093279 1.884210 1.307370 7.966250 4.656352
6.894481 -3.731972 -1.545260 0.420426 2.402904 -1.258565 2.213105 1.347155 9.766138 5.571269
6.409055 -3.800233 -0.957328 0.240411 2.179621 -1.070379 1.893074 1.501905 8.586975 4.814734
6.436723 -3.983904 -0.781546 0.158246 2.262926 -1.102837 1.897542 1.484325 8.440677 4.825568
10.164247 -5.217102 -3.943492 0.841049 4.433629 -2.028115 3.212806 2.439018 15.368373 9.241532
6.056214 -3.770476 -0.828372 0.263616 2.225324 -1.188920 1.704453 1.447054 8.149941 4.672770
9.081509 -3.484555 -3.675928 1.368825 4.610754 -2.269762 3.188590 1.291281 12.603413 7.847519
9.253155 -3.394485 -4.520719 1.571086 5.020989 -2.144286 3.662717 1.255900 12.860096 8.715516
16.519108 -3.442548 -10.440046 4.549374 9.875149 -4.104933 6.684372 1.196879 23.370264 16.130613
15.539791 -3.096975 -9.820335 3.957239 9.030210 -3.846670 6.651593 1.226601 22.221735 15.213248
16.023241 -3.479597 -10.022788 4.124242 9.117811 -3.787830 6.153656 1.253685 22.667704 15.545379
6.574318 -3.647500 -0.717136 -0.217264 1.846991 -0.944555 1.753862 1.369004 8.506583 4.770293
6.165811 -4.072646 -0.776872 -0.201792 2.109722 -1.031450 1.730997 1.732739 8.363379 4.647619
6.771298 -4.173048 0.782622 -1.075493 1.002701 -1.534635 0.916835 1.293713 8.297286 3.988660
