8.589918 -3.989417 -6.517715 0.076645 -7.332469 -1.713599 0.635823 3.100476 8.066489 -2.513969
7.978700 -3.349936 -6.096926 0.124078 -6.263113 -1.275011 0.607651 2.478659 7.815789 -0.689085
1.072879 -5.308461 -9.557433 -9.909063 8.653596 8.178704 3.807682 -2.212232 6.549655 -2.883607
0.464290 -5.458082 -8.732075 -8.849689 5.923031 6.252198 2.989830 -1.660439 5.084283 -1.974793
-2.294773 -6.167422 -12.211032 -11.597090 7.030625 10.692095 5.355234 -6.841560 -0.894331 0.679296
5.281269 -4.061287 -4.870600 -2.232342 -0.716609 0.142507 0.460732 2.886501 7.448154 -1.995020
-3.055656 -5.951652 -12.598587 -8.817129 1.658469 8.582779 4.993172 -7.665890 -3.001330 4.261741
1.312346 -4.842501 -9.121572 -8.498030 6.205731 6.978971 3.191732 -1.845512 6.335824 -1.442631
2.400964 -4.627554 -10.489823 -5.814410 -3.417358 4.987849 2.488302 -4.564003 -0.387921 3.753815
2.892430 -4.693230 -7.999763 -7.985392 5.441175 4.935185 2.527539 -0.995776 6.315403 -3.037925
1.181499 -6.487424 -11.274086 -6.238285 -3.611797 4.456997 2.554250 -3.062122 0.682590 3.274454
-2.815154 -5.367364 -11.804916 -10.577578 5.112216 9.649906 5.265410 -7.289600 -1.791330 2.586860
3.017037 -5.729329 -12.012964 -7.699851 -1.008390 6.238666 3.094770 -4.155770 2.221570 2.435835
1.194465 -6.294847 -13.593296 -8.538947 -2.453325 7.923566 3.955876 -7.996031 -3.975622 4.464212
9.556702 -3.517342 -6.245490 1.028043 -8.709727 -1.795123 0.701004 2.768956 8.034732 -1.759793
2.907671 -5.171677 -11.087009 -6.402509 -2.441595 6.244802 2.962160 -5.732308 -1.510634 2.970104
-5.096658 -6.374578 -13.953525 -12.213597 6.164337 12.411299 6.675388 -10.095499 -4.185674 3.639455
-6.347968 -6.601397 -14.397707 -13.538339 8.611806 14.130547 8.037947 -10.896559 -3.322795 3.378318
7.811349 -3.490779 -5.397058 -0.456200 -4.388663 -1.069342 0.474837 3.043630 7.712029 -2.119442
-0.915753 -5.483666 -9.561625 -10.683158 10.024986 9.135051 3.950959 -2.761253 5.973516 -1.591781
8.095382 -4.499533 -6.601777 -0.637237 -5.747638 -1.718159 0.381521 3.135560 7.606473 -2.608579
-4.965802 -6.580706 -13.853807 -14.022971 10.180227 13.998470 7.275607 -9.430357 -1.209515 1.900195
-4.615168 -6.339477 -13.193316 -12.867970 9.116625 12.693212 6.583812 -8.603394 -1.204666 2.294703
4.017310 -4.155307 -6.393534 -4.155155 0.564433 2.050786 1.445146 0.426559 5.740671 -1.525066
7.937982 -3.728033 -4.620451 0.361824 -5.836646 -2.281603 0.504356 1.630174 5.838658 -0.728423
1.062164 -6.402308 -10.479439 -9.926218 5.071419 7.169259 3.467577 -3.295332 1.859531 -1.686760
-0.624271 -5.820628 -13.317567 -9.154773 -0.077351 9.116762 4.675054 -8.535925 -3.990894 4.367153
7.605863 -3.233029 -4.578326 1.685717 -8.975393 -3.349674 0.633242 1.129830 3.932259 -2.479940
4.219434 -4.829880 -7.593065 -6.632034 4.101307 3.246916 2.042462 1.003698 8.396721 -3.835972
8.993807 -3.542489 -6.115763 0.463923 -6.951638 -1.836161 0.443051 3.111748 8.177088 -1.652823
3.266102 -5.105395 -9.400295 -7.532668 3.194585 5.240268 2.956169 -1.504582 6.135375 -2.546650
5.480164 -6.105724 -6.654918 -3.912282 -0.979656 -0.072266 0.828435 2.703793 5.743766 -5.578359
-6.358285 -7.263793 -15.661230 -15.622566 11.266535 16.174248 8.802212 -11.628526 -3.130085 2.646500
4.001243 -4.762604 -5.850125 -5.234512 3.524302 1.679191 1.132281 2.074076 7.114353 -4.066460
-3.259456 -4.561111 -8.813412 -8.739737 7.339228 8.630697 4.435109 -4.996898 1.565961 1.314893
3.734840 -4.109697 -6.460388 -5.358571 2.741027 3.098864 1.559225 0.648634 6.706962 -2.027941
9.422500 -4.526482 -8.357321 -0.584243 -8.147863 -0.473132 0.026086 0.774769 5.979581 0.789088
2.540280 -5.683851 -10.155531 -5.454250 -2.422286 5.208848 1.095715 -4.728930 -2.692350 5.604390
9.964674 -2.760438 -4.378282 1.364879 -6.138491 -1.973932 -0.378149 3.425565 7.647410 -1.104610
0.772292 -4.035791 -8.661294 -5.094102 -0.826219 3.681842 3.009305 -3.181670 1.838312 1.163300
4.370175 -4.173073 -6.204829 -4.333816 2.533145 2.620121 0.887953 1.170128 8.107086 -1.457514
7.634280 -1.939980 -2.668324 0.368723 -0.192655 -1.684455 -0.251304 3.717455 9.946993 -1.400946
10.026032 -3.682419 -6.397768 1.195272 -8.461309 -2.351382 0.441744 3.548834 8.854731 -2.427989
1.609553 -5.169967 -11.604765 -7.794079 -0.670285 6.981854 3.359078 -6.126369 -1.469384 2.256380
9.408058 -3.589380 -5.330339 0.748916 -6.781944 -1.961233 -0.131137 3.193357 6.616137 -2.568784
-4.934726 -6.558301 -13.580351 -13.819057 9.993224 13.517761 7.230920 -9.493402 -2.431876 1.371861
-2.979176 -5.176000 -7.012100 -7.329559 9.194932 6.227963 2.319319 -0.900759 4.669545 -0.129845
1.050128 -4.826238 -7.017314 -8.887123 10.634752 6.815538 2.701632 -0.199667 6.575538 -5.687480
0.314183 -4.348351 -7.288324 -5.890998 2.574416 4.616613 1.348852 -2.735326 0.004868 1.093320
3.684772 -5.008085 -6.809812 -5.141075 1.664513 2.478049 0.612697 0.362544 3.742149 -2.245376
0.597010 -6.725648 -11.898003 -6.469727 -3.229308 4.536798 2.719848 -4.987033 -4.084643 3.520153
3.356295 -4.683273 -7.942270 -7.659942 6.796833 5.773081 2.723833 -0.153870 8.405995 -4.380221
-3.851202 -6.043467 -14.011540 -11.360693 4.535018 11.104119 6.031752 -9.475594 -3.369306 3.484531
0.117466 -5.884581 -12.023832 -8.129540 -1.498068 6.590183 3.538750 -5.784612 -1.596602 3.482097
6.613764 -3.922585 -5.424527 0.909504 -8.094177 -1.483346 -0.189164 1.108117 2.422480 0.866848
4.694574 -5.309435 -10.697716 -5.501909 -4.394843 4.277520 2.438841 -3.851544 0.385883 1.416918
2.775932 -6.104384 -11.041931 -5.576797 -4.532600 3.749977 2.544418 -4.092108 -1.909687 0.712504
3.884289 -3.862090 -6.741995 -4.585403 1.125635 2.804968 2.412796 0.230266 6.249692 -2.634535
-2.799533 -5.963765 -11.636803 -10.302396 6.065750 9.405060 5.218156 -6.817394 -1.437947 1.295716
11.290302 -3.352012 -6.286306 2.041935 -9.701134 -2.616457 0.055922 3.339088 8.720201 -1.706679
1.020137 -4.422899 -9.092674 -5.662135 -0.812349 5.789676 2.526203 -5.101490 -1.608988 3.588670
-1.242669 -3.979549 -6.677496 -5.560933 4.457185 5.350881 1.696096 -2.371165 2.047226 2.371116
-6.933521 -6.947492 -13.982454 -14.768576 11.854286 14.721026 7.716500 -10.426256 -2.935639 2.398293
-6.228822 -6.740064 -14.175178 -13.549811 9.919835 14.225012 7.382619 -10.209702 -2.798769 3.147472
-5.208051 -7.155071 -15.284086 -14.719307 9.423965 15.270555 8.135882 -11.745028 -5.354866 2.722428
-1.769480 -6.192788 -11.309242 -6.851912 -0.634721 4.975316 4.731224 -4.520370 -0.660483 1.430446
2.534300 -5.753291 -8.003387 -6.971138 3.873413 3.365303 1.998130 0.642595 5.866178 -2.927129
7.758485 -3.710418 -5.554582 0.112979 -6.225391 -1.989977 0.106891 2.549709 6.461402 -2.386904
