-22.844803 16.244389 -27.971725 14.211500 12.757374 -16.109425 0.440225 -30.819952 -11.089313 -22.513687
-23.078703 6.959102 -5.596188 6.310817 15.409202 -9.614447 5.527261 -30.726484 -11.020195 -20.676935
-24.650913 5.489539 -1.622422 4.926352 17.055397 -9.096281 6.622831 -32.082237 -12.035642 -21.404707
-15.055429 9.587322 -15.323220 8.703931 8.757908 -9.913963 1.407092 -20.412167 -7.046500 -14.301560
-24.629271 5.064400 -0.088167 4.621154 16.908335 -8.619131 6.922825 -32.203262 -11.965186 -21.278080
-22.444786 14.673483 -23.715160 13.050234 13.032877 -14.751780 2.044014 -31.024696 -10.641265 -21.702496
-30.922844 11.611515 -12.011004 10.164155 20.162985 -14.453804 5.150546 -39.874756 -15.153339 -28.047312
-15.234753 9.421733 -15.343844 8.468633 8.746633 -9.878956 1.554577 -20.698298 -7.313104 -14.657908
-14.678805 8.696071 -13.939783 7.555908 8.649952 -9.104682 2.315249 -20.246552 -7.004937 -13.770997
-14.839432 8.913487 -14.156450 7.615973 8.698914 -9.306768 2.252027 -20.560474 -7.103916 -14.027731
-15.656676 8.715130 -13.166621 7.980883 9.391800 -9.128449 2.220820 -21.372860 -7.285614 -14.729150
-22.993099 15.476555 -25.938877 13.570452 13.127424 -15.764503 1.160161 -31.069262 -11.073878 -22.209013
-15.970062 8.905779 -13.630740 7.724146 9.447202 -9.518456 2.575613 -21.696033 -7.837726 -15.251398
-15.744823 8.768884 -12.999761 7.512470 9.510532 -9.574160 2.260072 -21.267345 -7.799387 -14.812432
-15.584188 9.010019 -13.745862 7.800227 9.436357 -9.553167 2.335980 -21.244984 -7.652029 -14.715406
-24.147099 10.506886 -13.682366 9.787090 15.126073 -12.294380 4.457325 -32.498104 -11.503252 -22.109245
-24.893600 5.051615 -0.077923 4.688602 17.095974 -8.698245 6.696958 -32.238873 -12.185330 -21.488277
-26.355152 16.235079 -26.200397 14.229156 15.194778 -17.024446 1.179508 -35.023777 -12.876298 -25.651232
-32.719898 7.112055 -1.283507 6.651292 22.413109 -11.692895 8.155467 -42.101208 -16.327900 -28.663656
-36.828831 11.298031 -9.159507 10.632689 23.979660 -15.520636 6.897320 -47.363663 -18.148182 -33.383385
-29.034164 9.816225 -8.242763 8.933130 19.171986 -12.542089 6.065495 -38.242435 -14.166316 -26.221195
-25.020245 16.579718 -27.590168 14.640718 14.346900 -16.836664 1.201691 -33.919155 -12.379313 -24.538410
-26.289352 5.767424 -0.920872 5.186968 17.955357 -9.159013 6.992255 -34.123566 -12.542854 -22.730438
-28.023178 5.085810 1.251539 4.728610 19.294538 -9.397718 7.849031 -36.285282 -13.682313 -24.211050
-25.524517 15.908384 -26.681423 14.007485 14.704724 -16.520317 1.388023 -34.411133 -12.420811 -25.014559
-35.635933 7.562434 -0.637479 7.171003 24.378807 -12.567276 8.676023 -45.490143 -17.566879 -31.268749
-24.978514 10.312704 -12.439332 9.532442 15.676860 -12.322651 4.137611 -33.397537 -12.221404 -23.320272
-26.512690 16.555529 -26.838028 14.508965 15.479101 -17.247555 1.161146 -35.203480 -13.014197 -25.687555
-27.167910 4.994202 0.376438 4.929632 18.664162 -9.074763 6.987892 -34.944626 -13.382460 -23.624552
-26.596682 4.909583 1.105213 4.514498 18.453323 -8.996003 7.330159 -34.209110 -13.144900 -22.878645
-25.791445 16.255266 -27.418358 14.743844 14.732526 -16.860144 0.944892 -34.460613 -12.488914 -25.228785
-25.373905 4.771154 0.746203 4.498683 17.805157 -8.479568 7.335833 -32.967861 -12.492543 -21.808847
-25.051456 16.419910 -28.719299 14.430008 14.197490 -17.022404 0.636586 -33.512768 -12.409945 -24.530153
-36.352871 14.088280 -16.209026 12.965968 23.164276 -17.136219 5.938004 -47.490940 -18.051790 -33.534134
-17.169626 10.634749 -16.976761 9.304704 10.120863 -10.445290 1.959959 -23.599388 -8.064370 -16.206188
-18.515648 9.822231 -14.108035 9.088288 11.395982 -10.503552 2.591192 -25.310427 -8.444079 -17.560547
-16.104025 9.448743 -15.240090 8.455442 9.577088 -10.108898 1.976599 -22.149845 -8.096374 -15.495954
-23.411295 12.568615 -18.431488 11.350305 14.137346 -13.559809 2.984125 -31.993687 -11.144788 -22.393984
-25.691645 4.368043 1.593502 3.982734 17.785664 -8.453689 7.468585 -33.355865 -12.425313 -22.146933
-17.848694 10.530060 -16.960657 9.330797 10.669260 -11.088613 2.362969 -24.503937 -8.662681 -16.986395
-27.752586 5.181234 0.984569 4.522928 19.161572 -9.278918 8.054614 -35.748035 -13.623998 -23.857796
-16.699570 9.900139 -14.880047 8.778134 10.230655 -10.393511 2.332890 -22.864302 -7.875382 -16.168962
-16.134430 9.547052 -15.371111 8.634158 9.510560 -10.254164 1.892971 -21.868820 -7.653392 -15.379712
-33.351223 15.144369 -20.421743 13.595885 20.544666 -17.606768 3.821012 -43.138172 -16.471283 -31.075394
-16.122883 9.471270 -15.399080 8.615245 9.440901 -10.028963 2.150419 -22.159092 -7.665735 -15.331196
-31.812782 16.290621 -24.019863 14.796098 19.193230 -18.145565 3.221602 -41.828247 -15.517003 -30.258333
-24.759911 7.118555 -4.731403 6.472995 16.550585 -10.097392 6.201561 -32.646713 -11.826363 -21.867025
-15.523243 9.947817 -16.215813 8.949847 8.827367 -10.275593 1.189581 -21.023968 -7.600315 -15.153464
-24.003754 12.780378 -18.759174 11.701152 14.677778 -13.854263 3.097511 -32.443733 -11.419746 -22.948072
-16.988037 9.926146 -15.582953 8.598750 10.231592 -10.466251 2.058978 -22.980789 -8.195594 -15.916325
-24.351511 16.571062 -28.167358 14.456594 14.035167 -16.654299 0.869956 -32.625721 -11.879251 -23.595968
-16.501442 10.107462 -16.491844 9.223972 9.926006 -10.521527 1.518773 -21.918507 -8.127240 -16.012476
-36.462868 6.637838 2.064316 6.231295 25.339638 -11.972116 9.820094 -46.799313 -17.875565 -31.480337
-27.565876 17.438341 -29.453796 15.583959 15.527670 -18.226156 0.649421 -36.477436 -13.508303 -27.023523
-20.284277 6.664361 -6.565916 5.886390 13.322663 -8.936831 4.685753 -26.933270 -9.818806 -18.235510
-16.723061 10.630066 -17.491745 9.569325 9.748417 -11.003952 1.720825 -23.247885 -7.848340 -16.230610
-37.272362 17.042645 -23.176125 15.438588 22.949526 -19.632061 4.354581 -48.395611 -18.251789 -34.908752
-33.931713 5.718091 2.908184 4.849023 23.779633 -10.600986 9.239111 -43.577530 -17.081945 -29.153748
-37.402332 6.192939 2.905347 5.579401 26.292572 -11.606640 10.346292 -48.083546 -18.909462 -31.969812
-24.429188 14.788043 -24.563736 13.228891 13.914505 -15.817057 0.936941 -32.657055 -11.953404 -23.909245
-27.131643 6.370680 -2.516449 5.979599 18.397823 -9.898649 6.865201 -35.459782 -13.631703 -24.054029
-34.519817 5.756481 2.463233 5.295072 24.301680 -11.033272 9.527715 -44.375175 -17.290997 -29.803961
-42.088062 7.940315 1.643420 7.530403 28.399956 -14.107199 10.075828 -52.886539 -20.723583 -36.583591
-34.207565 5.834517 3.316100 5.000803 23.640732 -10.769822 9.428952 -43.578892 -16.793644 -28.927080
-15.898785 9.609122 -15.313905 8.639101 9.522741 -9.889196 2.227028 -22.035465 -7.745155 -15.224119
-26.921116 11.263905 -14.283205 10.425096 16.782249 -13.679636 3.846575 -35.079384 -13.205190 -24.924740
-22.697830 12.321991 -18.221279 11.124356 13.547879 -13.195063 2.771967 -31.178104 -10.772074 -21.756165
-16.748304 9.932682 -16.027109 8.658781 9.570430 -10.657888 2.243346 -22.793039 -8.019699 -15.846192
-16.417055 10.091095 -16.244347 8.830520 9.808706 -10.498388 1.770533 -22.422876 -7.915399 -15.714412
-32.701107 6.091989 1.240309 5.659237 22.481480 -10.910751 8.630125 -41.991833 -16.018555 -28.446882
-22.645061 16.475851 -28.485855 14.682717 12.385275 -16.327387 0.346957 -30.899178 -10.819882 -22.533892
-24.436718 6.305297 -3.252679 5.735067 16.310204 -9.460629 6.133785 -31.862270 -11.660026 -21.383352
