1.990988 4.635058 -5.782734 3.360111 -5.137253 -6.268340 -1.051171 -4.011840 -3.681141 -9.968694
3.234046 6.754238 -3.633375 6.240986 -6.834359 -7.753773 -0.687758 -3.625284 -1.006088 -6.197730
22.163918 -11.145140 -19.020611 -6.448684 -2.954695 0.597523 7.444917 -37.516808 4.568433 -36.991566
29.258131 -16.411058 -28.308683 27.605938 1.042145 6.890970 37.020184 -23.725634 19.644188 -20.593071
-1.655915 7.384163 -7.069590 4.140104 -4.892073 -9.167248 3.288242 -0.400203 0.386403 -10.904650
-1.447459 8.894370 -4.367583 2.399697 -3.981025 -5.035292 -0.061561 6.084586 -1.428687 -8.262536
-4.087289 4.704925 -1.210518 4.913359 -4.356909 -8.770405 6.541073 3.363287 0.483829 -1.405279
0.345088 4.401971 -6.060874 8.629273 -4.944496 -8.509535 3.310264 -2.442551 -0.370853 -7.642455
-3.925892 4.705569 -4.918741 3.916293 -1.818324 -7.749566 1.885171 1.240333 -3.832458 -4.252894
16.464296 -7.030417 -18.660789 -4.602402 -0.103958 -3.544513 7.362246 -28.677542 -2.142528 -31.468246
-2.414723 4.256721 -6.312708 5.814797 -1.927472 -8.018201 1.208838 0.506414 -4.641576 -6.951841
-0.992889 6.132708 -7.025839 5.892145 -3.035653 -4.761815 1.761130 2.508110 -1.028209 -8.472277
1.891350 4.818021 -6.894256 1.442366 -2.295257 -4.602618 -0.568956 -6.131710 -2.725163 -13.550874
-1.258650 0.520368 -2.897588 9.914656 -1.590737 -5.829909 -0.350623 0.847900 -3.934858 0.803939
-1.908456 4.383346 -3.396283 7.978514 -2.533640 -8.161573 1.497976 1.719819 -2.629395 -2.516273
-1.257801 5.073581 -4.929525 6.902936 -3.436987 -6.555083 2.916624 1.321004 -0.583671 -4.130353
16.306000 -7.819858 -20.033644 6.778934 -6.306878 6.263857 16.162611 -13.377417 11.668336 -24.979641
-2.337435 5.124224 -1.960794 3.975076 -2.763013 -6.790294 1.361131 3.731068 -4.072133 -4.220939
22.687733 -11.287800 -19.270992 -6.433025 -3.008158 0.754385 7.489520 -37.853844 4.796105 -37.398899
-1.107350 7.541216 -6.949784 4.311476 -3.623458 -7.496987 1.817554 2.371472 -0.378930 -9.397813
2.308492 6.041831 -8.200801 1.766482 -4.654719 -7.117442 3.418398 -5.104691 1.449199 -13.911119
-0.440695 7.004167 -6.688715 6.527821 -4.063304 -6.041220 3.889677 3.841551 1.544549 -7.442180
-5.334206 5.990673 -4.706891 0.607287 -2.743032 -3.984054 -7.685152 3.180729 -6.174333 -11.083064
-5.509317 3.918113 -0.250411 9.806639 -3.914779 -6.860822 1.126739 5.384259 -4.348738 2.219050
0.364581 5.799531 -5.255786 7.723614 -3.614434 -8.401376 4.996802 3.257932 -2.505406 -4.633129
-1.824678 5.013032 -4.829451 5.871367 -2.939664 -8.552315 3.769317 2.658266 -2.415747 -5.647946
-2.120285 5.530557 -4.491708 4.937706 -3.035506 -7.858215 4.462745 4.940856 -0.337572 -4.764979
-2.804378 5.599603 -2.937927 1.124081 -4.497612 -4.914926 -0.044036 4.402207 -2.932410 -7.903287
15.848075 -7.897693 -19.255611 -5.454700 -2.785394 2.708139 3.148238 -25.262442 -0.087440 -32.251682
-2.655428 5.255017 -3.461022 5.131788 -3.120696 -7.930092 3.652178 4.027013 -0.266921 -4.035745
-2.050681 6.519880 -3.592210 6.476099 -3.498737 -5.225293 1.290008 4.410344 -0.636352 -2.998889
25.141876 -9.814581 -24.938839 -6.353045 -4.858122 3.516161 14.453575 -32.103489 11.549411 -41.083065
-4.905648 6.513472 -3.297988 8.200701 -4.918777 -6.562355 0.767869 6.771240 0.107798 -2.618168
-0.633205 5.662585 -6.278747 5.648293 -3.899925 -7.446225 4.043231 -0.432225 1.067534 -7.724947
20.918285 -10.200194 -18.867237 -6.723206 -3.149294 1.518899 7.328821 -35.990456 4.193430 -35.919739
-4.923261 4.872768 -3.085624 3.559996 -3.014220 -7.955407 3.224909 3.218939 -1.331028 -4.378966
18.656672 -9.778070 -17.926140 -6.925443 -3.664298 -0.959617 7.762328 -33.974777 5.361936 -35.166862
11.550542 -1.459948 -16.344547 -8.895867 0.747823 -0.028931 -0.881090 -21.530062 -3.308563 -30.873804
-3.815150 7.152700 -4.047761 6.819711 -4.592397 -8.300776 3.203612 5.627897 1.602371 -3.773398
0.080266 4.313616 -7.774979 7.399943 -1.767572 -9.680704 5.353827 -4.144322 -2.125601 -8.732585
-2.354484 3.948680 -3.655827 4.814177 -3.876410 -8.187455 3.508189 1.477727 -3.031105 -5.285347
1.202075 5.588300 -7.389167 4.611093 -3.467155 -4.301731 1.502994 -1.806332 -1.738049 -10.452775
2.291930 1.452361 -8.114192 2.546006 -3.874147 -5.396660 7.250114 -7.363679 -1.012698 -12.751061
-3.220590 3.918961 -2.203513 8.929173 -3.700915 -7.758364 1.863964 2.167718 0.161509 -1.255861
22.335278 -7.822317 -22.780033 -7.770238 -3.631775 4.229489 9.500750 -28.875723 7.614954 -38.836864
-1.787965 5.520448 -6.074554 6.065350 -2.807609 -8.069049 2.251220 3.318356 -4.064952 -7.772746
-7.084397 5.528030 -2.367902 1.496418 -2.046482 -5.295563 -6.944715 0.556453 -2.667538 -5.008674
1.211155 2.546845 -8.352112 6.409204 -2.753269 -3.278414 4.041581 -2.245903 0.415732 -10.112628
-1.257171 7.121495 -3.361586 3.566708 -3.955657 -6.404331 0.462250 3.829997 -0.142067 -5.953367
0.108201 3.557095 -7.873449 5.894079 -3.215983 -6.745157 2.375167 -4.269322 -1.782960 -9.847541
2.450420 2.299245 -7.221058 8.253498 -3.364449 -6.598330 5.753469 -5.308050 -1.556709 -8.801880
1.233597 5.555122 -6.744373 3.233103 -4.760648 -6.571120 2.353001 -4.361237 1.113927 -11.954758
-4.840040 8.151623 -5.721420 7.068479 -4.130147 -3.523065 -4.255242 8.124790 -3.068200 -7.640789
14.323458 -1.536432 -17.088902 -3.164475 -8.451024 7.131668 7.665021 -11.837980 11.746085 -29.543987
17.956306 -11.051425 -17.323959 -5.857993 -4.549566 -1.026897 7.086456 -29.543100 4.456037 -32.466366
-1.482864 8.353794 -6.427667 6.809190 -3.855243 -7.669238 4.951388 7.491584 0.830216 -5.965955
-3.841610 4.601873 -0.167743 10.196060 -4.168081 -4.318628 -3.151408 6.494623 -6.905701 1.335597
-1.430938 6.701368 -3.644887 3.913240 -4.436283 -7.230223 4.012918 -0.654079 0.821947 -7.098258
21.845184 -9.355036 -20.086563 -5.346341 -2.760259 0.074612 8.823936 -33.915405 3.158032 -36.455379
-0.713698 5.970453 -5.054704 4.333774 -3.384841 -4.678252 1.215553 0.842914 -0.415378 -7.750561
-4.732657 5.341694 -2.754841 8.820362 -5.002648 -7.395427 1.312768 2.991764 0.669392 -1.473817
-4.695855 3.619303 -0.796061 3.424327 -2.985728 -7.023531 2.184285 3.801122 -4.711756 -0.710391
-2.977785 6.090678 -4.484761 2.429219 -2.552861 -5.005917 -3.700934 1.992205 -3.650484 -8.074416
-2.707677 5.289366 -3.764158 3.373587 -3.246272 -6.085373 0.527413 0.355718 -1.776174 -5.201794
-1.147709 3.913215 -5.568978 7.412471 -2.027295 -8.631378 3.384205 -0.253304 -4.166008 -5.647133
0.354052 4.975775 -6.891448 4.433306 -5.410029 -7.234464 5.311527 -0.819445 2.684532 -10.451789
-0.429132 7.355209 -6.250609 3.022422 -4.311043 -4.858609 2.186682 2.721055 3.466258 -9.563506
-3.846165 5.001521 -2.462120 3.626740 -2.934249 -5.518580 0.052320 2.777406 -0.136729 -3.522409
-4.422956 6.923859 -2.599437 7.105201 -4.188365 -6.276770 -0.412374 6.540535 -1.549385 -2.724915
-1.590557 5.883436 -6.201486 5.624123 -3.919960 -7.136086 2.162213 1.063932 -2.282096 -8.407968
-0.939226 3.256587 -4.113595 5.253998 -4.424801 -5.656368 0.768668 2.119733 -5.115100 -7.279258
-1.354258 5.218499 -4.323825 4.015013 -4.219787 -5.852793 -0.273012 0.608326 -3.297376 -8.331828
