-13.449888 -10.643622 13.955958 5.195477 -0.213110 0.449920 26.757048 -5.646532 9.706561 2.999619
-2.760661 -5.284774 3.777703 4.302790 7.059505 -2.882678 25.769484 -3.154161 4.032595 2.026894
-6.429756 -5.783766 5.801563 3.123780 5.448320 -3.157922 23.339260 -4.639650 2.887345 3.076425
-6.466393 -5.780140 5.808737 2.874016 4.929513 -2.887677 21.986601 -4.339474 3.075246 3.063086
2.083206 -3.073941 -0.862894 3.753708 11.587289 -5.201641 27.099302 -3.114584 0.767127 2.200854
-0.483143 -1.864947 -1.387422 1.420444 10.966832 -6.383902 21.397387 -4.889408 -2.662489 3.331804
-10.110668 -7.275518 8.418906 2.163623 3.728173 -2.789114 23.133383 -5.674203 2.792632 4.413996
2.098870 -3.256280 -0.686461 3.993264 11.584535 -5.122279 27.544762 -2.931329 1.309610 2.122740
12.446040 7.220431 -14.594013 -2.315118 14.405645 -8.007656 13.945605 -0.106797 -6.003179 0.516065
-4.619971 -7.047469 5.903644 4.315323 7.006693 -2.975182 29.992228 -4.276959 4.963083 3.231373
-3.088904 -2.084586 0.245432 0.053126 7.330066 -4.952816 15.096910 -4.039730 -3.035843 3.975119
-1.935493 -4.589124 2.784402 3.713853 7.070848 -3.166821 23.675478 -3.096325 3.129507 2.111130
11.843507 7.122170 -14.602510 -2.446770 14.904940 -8.745411 14.547454 -1.130794 -6.788529 1.032635
-3.261340 -2.187550 0.295627 0.033271 7.319849 -4.960919 15.081077 -4.013653 -3.202457 4.266741
-2.415339 -1.640954 0.036763 0.267614 7.201743 -4.711050 14.481029 -4.026175 -2.756191 3.539346
6.428545 -0.111831 -5.091615 3.801617 12.330729 -5.197530 22.758076 -0.964429 0.100873 0.493065
0.836908 -3.605629 0.075570 3.833127 11.115242 -4.929338 27.326935 -3.258677 1.115860 2.431193
12.745609 8.439317 -16.100967 -3.538645 15.636321 -9.640345 13.634275 -1.141561 -7.878116 1.433292
-0.519171 -1.707510 -1.603173 1.169863 10.938866 -6.394284 20.671604 -4.971337 -3.149986 3.625034
0.723911 -3.738241 0.163998 3.851364 11.174919 -5.138430 27.552797 -3.584743 0.992487 2.488484
1.229212 -3.346688 -0.211495 3.700721 10.991362 -4.970925 26.674103 -3.314334 0.929498 2.392444
6.189291 -0.112448 -4.968846 3.508758 12.220589 -5.357934 22.107271 -1.430496 -0.361526 0.549437
0.292765 -3.600729 0.431740 3.591393 10.482585 -4.788393 26.125870 -3.436783 1.006658 2.376238
-12.932285 -8.932840 11.251516 2.623109 1.463320 -1.694726 23.449511 -6.286114 4.599151 4.753088
-15.330765 -11.104042 15.709946 5.509166 -2.229752 1.726023 24.658909 -5.692212 10.906375 2.165496
-4.800910 -4.942637 4.321809 2.874885 5.617058 -2.919212 21.268736 -4.035858 2.213158 2.633374
6.186653 -0.295793 -4.770072 3.337068 11.804137 -5.122425 21.765322 -1.320992 -0.215055 0.566090
-3.209438 -1.872092 -0.088940 -0.335643 7.080036 -5.017490 13.576564 -3.927059 -3.573020 4.268987
6.051797 -0.256871 -4.898041 3.318878 12.061914 -5.214083 21.814337 -1.489663 -0.410471 0.654368
0.366747 -3.535337 0.305809 3.529947 10.522395 -4.855841 26.018137 -3.571815 0.874347 2.298799
-0.986488 -1.692254 -1.271795 1.094920 10.512762 -6.257069 19.934801 -4.920942 -2.990726 3.410162
0.666826 -3.396709 -0.006856 3.479938 10.489845 -4.743540 25.278725 -3.161262 0.812456 2.226080
6.574368 -0.108115 -5.328341 3.517969 12.265804 -5.194763 21.666166 -0.986043 -0.176938 0.417208
6.023699 0.077497 -5.152358 3.423603 11.925883 -5.193061 21.378811 -1.021298 -0.322902 0.434632
6.115522 -0.175038 -4.937396 3.517259 12.012945 -5.176726 21.732555 -1.101755 -0.214342 0.565640
0.932790 -3.292130 -0.151557 3.715999 10.645377 -4.760684 25.636663 -3.108315 0.985739 1.997845
7.253313 0.182788 -5.496832 3.826170 12.112669 -5.008813 22.427233 -0.482519 0.426278 0.272848
-12.244007 -10.339858 12.931690 5.155434 1.077979 0.001312 28.722216 -5.644958 9.140206 3.058355
-0.370672 -1.227443 -1.975031 1.065566 10.602218 -6.340157 19.419264 -4.675489 -3.039548 3.254652
-2.815384 -5.492701 3.835453 4.494269 7.469347 -2.870382 26.662121 -3.127951 3.920932 1.840017
-15.881837 -11.849852 16.289955 5.658041 -2.716922 2.016028 26.480038 -5.645250 11.306176 2.914505
-3.045520 -2.133649 0.316424 -0.026609 6.688289 -4.511526 13.925002 -3.452169 -2.844865 3.946042
6.445644 -0.055642 -5.130278 3.505159 11.788488 -4.950295 21.419184 -0.874794 -0.016328 0.372990
-2.847720 -1.955003 0.163447 -0.005405 6.543143 -4.370421 13.425195 -3.241994 -2.976679 3.848763
7.305437 0.532993 -5.797983 3.457817 11.618812 -4.843750 20.307394 -0.268881 0.002217 0.176340
7.654624 0.652940 -5.761236 3.504283 11.359345 -4.659654 19.548899 0.107377 0.399101 -0.211352
-7.088776 -5.573711 5.938819 2.641997 3.654780 -2.168303 19.149958 -3.583843 2.579343 2.896745
11.891914 7.634416 -15.040770 -3.191747 14.356400 -8.582989 12.665231 -0.562885 -7.032887 1.063439
12.144035 7.546846 -14.975233 -2.639734 14.235228 -8.307384 12.680745 -0.243421 -6.597856 0.611335
-2.786971 -1.902319 0.053401 -0.136322 6.582098 -4.421782 13.256362 -3.184928 -2.901148 3.809196
-14.262234 -10.998186 15.198247 5.568246 -2.078247 1.529025 25.478582 -5.428575 11.219838 2.393829
12.230715 6.849483 -14.374833 -2.022710 14.202072 -8.031197 13.627691 -0.088122 -5.581652 0.266214
10.954265 6.724319 -13.772353 -2.211427 14.289304 -8.499479 13.980000 -1.060649 -6.516632 1.092624
-2.694796 -1.823635 -0.006273 0.133641 7.023377 -4.651388 13.850807 -3.674365 -2.808926 3.485368
11.702456 6.943871 -14.495758 -2.267615 14.588444 -8.470119 13.422259 -0.754153 -6.452012 0.815815
-1.119673 -2.324449 -0.490804 1.631400 10.127895 -5.655310 21.146807 -4.711083 -2.169604 3.268081
5.948119 -0.548354 -4.608669 3.964863 11.926717 -4.958084 22.600817 -0.789159 0.559469 0.451020
6.307194 -0.482048 -4.669165 3.787886 11.984322 -4.920331 22.873093 -0.862161 0.490863 0.561140
-1.530147 -2.965678 0.228214 2.226631 10.157637 -5.495402 22.700468 -4.719352 -1.445308 3.109140
12.270060 7.252079 -14.667208 -2.348160 14.505659 -8.451868 14.280533 -0.338234 -6.275680 0.749823
-6.404510 -8.184830 8.169367 5.627034 5.574935 -1.836621 30.265955 -4.269054 7.524754 2.068352
-0.618189 -1.984418 -0.992779 1.645562 10.203707 -5.683397 20.506292 -4.374397 -2.169865 3.003303
6.429663 -0.688240 -4.537583 3.978637 11.832710 -4.785105 22.821560 -0.741358 0.665112 0.623120
0.614854 -3.745123 0.245249 3.763551 11.211190 -5.063532 27.898680 -3.511294 1.091626 2.510210
6.170471 -0.403872 -4.492252 3.955558 11.828221 -4.784493 22.872425 -0.744429 0.716119 0.461335
11.643560 7.119613 -14.387715 -2.771885 14.632325 -8.650805 13.771770 -0.877525 -6.752032 1.180669
-12.499168 -9.914824 12.768830 4.874946 0.674350 -0.161958 26.495300 -5.305001 8.556965 3.003321
-0.972918 -2.292308 -0.710665 1.661173 10.341236 -5.862472 21.371397 -4.703157 -1.891617 3.168622
6.256532 -0.283272 -4.775816 3.845874 11.962642 -4.936706 22.560778 -0.886074 0.462558 0.378786
12.053370 7.258386 -14.505597 -2.469248 14.806313 -8.655464 14.233056 -0.830905 -6.533943 0.919661
-0.434831 -2.053702 -1.206108 1.612300 10.864214 -6.153149 21.477415 -4.738183 -2.412519 3.092129
12.021580 6.808557 -14.050299 -1.940150 14.374649 -8.171684 14.892314 -0.143250 -5.486938 0.827824
