-1.614523 -1.753017 2.598877 -0.565797 -0.993860 -1.802794 -3.671987 -1.196757 3.055518 0.856698
-1.473342 -1.559379 2.260432 -0.546921 -0.831874 -1.613306 -3.399607 -0.889127 2.656594 0.920262
-11.763178 -2.728930 18.141867 8.362347 -15.920628 -12.722512 1.213823 -15.879608 12.017188 4.815351
-8.115640 -2.983654 13.683448 6.433533 -11.642790 -9.309208 0.904925 -11.490162 8.920592 4.508489
-12.499198 -2.753392 19.081228 8.705635 -16.623474 -13.368549 0.905423 -16.656340 12.610417 4.808600
-1.516124 -1.616823 2.272908 -0.554568 -0.785622 -1.630125 -3.286571 -1.048158 2.681672 1.035049
-11.459130 -2.499874 17.660387 7.856162 -15.325664 -12.357727 0.993641 -15.032831 11.635501 4.495588
-10.928557 -2.454050 16.375465 7.264572 -14.541031 -11.734594 0.711985 -14.197706 10.738811 4.346575
-4.026651 -1.783748 5.553471 1.527868 -4.425640 -4.080748 -2.871902 -3.869368 4.720948 1.817410
-4.752481 -3.702030 9.269568 4.381309 -7.529590 -6.172706 0.159436 -7.533166 6.224992 3.578835
-1.989072 -1.361315 2.665918 -0.077572 -1.463080 -2.149650 -3.701355 -1.687369 2.781845 1.107285
-11.469161 -3.026235 17.677555 8.168515 -15.518622 -12.479424 1.055892 -15.377764 11.761903 4.572189
-7.562523 -2.918774 12.551600 5.595692 -10.596148 -8.994137 0.876086 -10.285830 8.362901 3.858211
-10.188710 -2.120102 14.507226 6.321380 -12.706226 -10.615681 -0.572963 -12.478705 9.880569 3.406097
-1.803206 -1.464487 2.515945 -0.432294 -1.074946 -2.002062 -3.819686 -1.157059 2.813931 1.069466
-8.405283 -2.640930 11.857234 4.996876 -10.015987 -8.519875 -1.688435 -9.818243 8.736504 3.047875
-14.441245 -2.367551 21.220392 9.190859 -18.416321 -14.810744 0.010918 -18.390936 14.213560 4.741156
-15.105321 -2.504575 22.144405 9.655082 -19.390680 -15.452863 0.131718 -19.145973 15.005546 4.834392
-1.640411 -1.643419 2.627057 -0.429958 -1.112401 -1.706551 -3.395187 -1.198359 2.983604 0.925487
-11.466009 -2.409745 17.410978 7.852565 -15.351090 -12.149017 0.717372 -15.122864 11.810655 4.642281
-1.739730 -1.764657 2.875042 -0.363478 -1.291753 -1.785653 -3.556214 -1.478129 3.179688 0.937706
-14.387952 -2.511329 21.492132 9.480891 -18.742912 -14.938726 0.488834 -18.607037 14.435965 4.993648
-14.827447 -2.400192 22.087233 9.593123 -19.130493 -15.359354 0.494579 -19.103756 14.797504 4.970963
-1.798763 -1.715431 2.958467 -0.093070 -1.669695 -1.881109 -3.006051 -1.813133 2.950837 0.955458
-1.502842 -1.849144 2.432621 -0.598942 -0.515019 -1.746873 -3.387676 -0.904338 2.880296 0.952931
-7.270849 -2.962821 12.025670 5.711804 -10.204189 -8.282955 0.145539 -10.083674 7.951622 3.958341
-13.613793 -2.084782 19.198828 8.066544 -16.647356 -13.828115 -0.780124 -16.560528 12.972241 4.115231
-1.662285 -1.732618 2.410616 -0.548937 -0.678319 -1.917128 -3.430041 -0.823209 2.760445 1.113400
-3.436668 -2.782123 5.999087 2.171031 -4.433570 -3.901775 -1.689519 -4.330572 4.798834 2.535206
-1.765163 -1.714192 2.821179 -0.434626 -1.255733 -1.863374 -3.571485 -1.408743 3.195684 1.014100
-8.495056 -2.696346 13.037480 5.767792 -11.341614 -9.562433 0.215826 -10.920799 8.908654 3.583604
-2.081520 -1.815194 3.169767 -0.197261 -1.716976 -2.108362 -3.409892 -1.779763 3.449335 1.085678
-17.718567 -2.226545 24.921209 10.585635 -21.725922 -17.459574 -1.021166 -21.710531 17.167650 5.007411
-2.246947 -2.418602 4.092351 0.694567 -2.299804 -2.230770 -2.253130 -2.445710 3.780871 1.571732
-13.444497 -2.790494 20.369184 9.043283 -17.803640 -14.108101 0.648699 -17.556953 13.713438 4.808847
-1.639552 -2.094897 3.074714 0.534355 -1.777632 -1.737088 -1.581289 -1.659108 2.693635 1.302665
-2.696908 -1.555096 3.826708 0.411682 -2.629971 -2.687780 -3.671743 -2.472580 3.577979 1.314198
-5.329785 -1.625482 7.930450 2.646336 -6.245766 -5.905318 -1.397513 -5.926691 5.566597 2.021976
-1.790607 -1.589533 2.414173 -0.464194 -0.998210 -1.827163 -3.439020 -1.093925 2.781547 1.125395
-5.303839 -2.917961 8.972884 3.908923 -7.248106 -6.210211 -1.306715 -7.359989 6.339913 2.946129
-18.006081 -2.444520 24.543272 10.346117 -21.795732 -17.432859 -1.842113 -21.728909 17.190048 4.888959
-3.496716 -1.747174 5.570853 1.781721 -4.683008 -3.791741 -0.764831 -4.465562 3.865248 2.038175
-1.405467 -1.882984 2.399124 -0.526913 -0.645362 -1.403597 -2.759902 -0.922358 2.840796 0.695098
-1.621455 -1.599448 2.461802 -0.472247 -1.092568 -1.776876 -3.542180 -1.055166 2.836710 0.962434
-10.298586 -2.577571 14.444156 6.279688 -12.596980 -10.515303 -1.036229 -12.322644 10.169719 3.564963
-1.972884 -1.764996 2.937444 -0.320313 -1.380039 -1.976139 -3.404322 -1.531880 3.235002 1.187896
-15.760027 -2.541792 22.715364 9.917686 -20.011002 -16.047110 -0.202512 -19.787144 15.434881 4.913151
-9.326093 -2.256113 15.031474 6.555900 -12.656342 -10.279757 1.028619 -12.538468 9.611728 4.351646
-10.730159 -2.867753 16.927782 7.953492 -14.598036 -11.576998 0.756836 -14.813583 11.289788 4.728613
-3.949028 -2.200008 6.584502 2.473717 -5.042187 -4.385688 -1.104609 -4.617413 4.622430 2.340252
-4.159123 -2.245345 6.393756 2.118606 -4.921288 -4.214403 -2.071511 -4.570297 5.088059 2.225195
-4.813155 -1.803238 7.104055 2.949158 -5.604027 -5.044453 -1.974640 -5.415966 5.291729 2.233097
-9.760554 -2.959421 15.235654 7.169515 -13.477172 -10.864538 0.964113 -13.435009 10.017975 4.417917
-13.131120 -2.580414 19.594637 8.695064 -17.138210 -13.814462 0.481637 -16.964407 12.991036 4.622920
-8.776936 -1.997945 12.978040 5.413099 -11.824365 -9.901163 0.256907 -11.011784 8.554496 3.455855
-1.832982 -1.509806 2.632189 -0.212713 -1.123630 -2.030389 -3.476446 -1.337937 2.796145 1.295946
-4.743627 -2.555698 6.964984 2.344470 -5.426890 -4.903145 -2.752325 -5.375573 6.039892 2.480329
-4.524565 -1.617930 6.131883 1.913589 -5.048272 -4.629933 -2.922615 -4.623619 5.062635 1.926022
-2.564279 -1.773356 3.791405 0.239979 -2.567423 -2.679694 -3.406742 -2.483460 3.734481 1.127847
-11.854241 -2.931040 18.324102 8.300405 -15.950983 -12.892824 0.742508 -15.867578 12.141280 4.610840
-1.872148 -1.566342 2.722179 -0.363830 -1.365332 -1.976065 -3.819482 -1.344655 3.039003 1.067958
-6.713167 -1.559351 9.366824 3.419551 -8.286581 -7.364369 -1.117706 -7.567519 6.677606 2.231267
-5.336276 -1.690550 9.001136 3.437014 -7.299819 -6.543234 -0.130589 -6.987139 5.627145 2.687994
-13.904233 -2.702445 20.751688 9.282801 -18.198893 -14.312243 0.424058 -17.873907 13.998536 4.893333
-14.911383 -2.265904 21.993628 9.413171 -19.087894 -15.179941 0.054508 -18.931690 14.900603 4.788601
-14.903222 -2.452452 21.436842 9.341460 -18.728334 -15.021388 -0.545086 -18.711197 14.606018 4.655252
-5.035866 -2.289954 7.736791 3.153533 -6.376753 -5.557604 -2.211795 -6.343625 5.646986 2.468357
-3.273324 -2.829066 6.473166 2.601040 -4.652501 -4.096462 -1.524377 -4.954633 4.710513 2.513620
-1.300622 -1.800063 2.327125 -0.613462 -0.578869 -1.642526 -3.415554 -1.011004 2.719016 0.892701
