5.757478 0.869612 -22.868999 -43.380913 -13.455807 -15.242991 -15.960509 -10.405034 7.587074 -17.688637
-3.357499 10.757898 -9.004786 -43.902409 -3.916544 -10.876355 -4.141020 -18.491119 3.424173 -13.544645
-22.467205 -19.381544 -9.319198 -38.416248 13.124541 -0.157785 28.502769 -8.173192 -3.396577 6.782905
-19.613970 -19.076792 -5.860126 -31.219036 10.317231 -5.960380 16.657730 2.503348 4.806976 4.754142
-19.577370 -29.378222 -8.405654 -31.382704 8.818907 13.035924 28.235786 6.777039 -9.406416 1.702959
-4.047373 3.646050 -11.747773 -32.860996 -0.129041 -3.677741 5.061191 -26.121275 6.684792 -13.504154
-12.316046 -23.449570 -1.191532 -29.038597 1.764734 17.217367 15.748845 21.574123 -6.894694 -7.688055
-20.929630 -9.926572 -0.274739 -33.556755 12.325191 3.486910 26.681250 -7.679479 -3.171700 4.210054
-3.886173 -2.815570 -16.880733 -42.578213 -5.521805 13.315018 7.931146 -9.509230 -14.389369 -14.186182
-15.612795 -10.231450 -11.552077 -38.493954 8.531030 -16.283051 10.010499 -4.665524 2.699543 7.724171
-7.938744 -17.740278 -7.954025 -48.804253 -10.992063 12.023789 0.415796 17.352495 7.647338 -42.481094
-17.337711 -19.016445 2.089183 -33.223454 7.310013 9.000878 18.593737 15.106032 -6.912373 0.818608
-9.319460 -10.335258 -11.900801 -42.886131 0.201882 11.474483 14.819180 -4.513816 -4.453842 -12.004168
-4.492462 -29.652418 -22.322243 -27.137611 -5.057699 41.975018 23.188251 8.648200 -29.061731 -19.973707
10.837933 14.203510 -6.077928 -37.307217 -17.459438 1.663797 -18.429832 -10.840219 1.789379 -25.944571
-2.191675 -15.390748 -21.996593 -28.267281 -3.712288 27.690559 16.993868 -6.451763 -25.846048 -12.335070
-15.843961 -34.048752 -5.099535 -23.366951 5.769896 33.091579 32.394016 15.625219 -19.834349 -7.279415
-22.227118 -36.471691 9.983030 -22.319927 11.060799 25.368896 28.459839 37.031609 -19.376335 2.467716
5.808629 7.528188 -12.997539 -35.043026 -9.777555 -6.099331 -9.059637 -19.846844 4.077228 -15.010834
-33.524773 -19.729368 -2.277463 -43.313938 20.570576 -3.566172 34.990070 -2.553411 -1.871579 11.447845
0.509004 -6.687550 -30.198051 -47.746231 -10.318935 -8.277120 -7.463147 -12.408751 5.088240 -22.453728
-31.084408 -36.426525 -1.007750 -32.553703 18.800524 7.039986 37.738922 11.711677 -5.333194 9.663616
-23.458872 -22.439631 7.152524 -28.851849 15.853605 15.420436 36.837574 2.135843 -1.870206 -0.064089
-4.482270 -2.734405 -18.216352 -36.056652 -2.483840 -11.241288 -1.788820 -10.626797 4.034383 -6.792531
11.931623 20.154505 -13.977272 -27.276407 -11.534000 -17.899004 -20.002354 -34.275406 8.467427 -14.929302
-17.522278 -21.763109 -24.634798 -48.718334 3.925362 -4.726348 13.014541 -0.361959 0.130994 -6.662631
-8.637078 -28.163797 -15.289039 -25.063986 0.923919 45.532486 31.701036 4.991507 -32.742420 -14.235538
40.150150 22.431059 -34.407681 -31.687496 -42.419632 -3.488282 -51.212517 -16.649794 -8.641038 -47.378475
-8.739504 -8.666469 -23.546272 -41.945442 2.110536 -17.779221 2.254566 -11.720826 4.890293 -1.032227
5.352144 9.809082 -14.981699 -35.809055 -8.349176 -3.332103 -6.520814 -24.858644 0.076796 -15.025492
-11.614931 -15.318024 -19.399103 -42.399578 1.837927 6.497585 14.319010 0.485782 -15.267711 -1.434345
1.511304 -21.585276 -46.322990 -46.856224 -13.182403 -16.741253 -11.861798 -2.356638 3.335442 -21.416403
-42.545330 -64.497971 9.795084 -12.112950 30.480549 39.430580 67.693550 26.349804 -30.226015 14.326291
-4.680651 -10.240829 -28.704531 -39.053127 0.178026 -27.399891 -7.571715 -11.397992 14.568851 -3.741674
-17.672112 -17.114861 11.963705 -23.147814 10.584115 2.839428 14.497585 22.463421 1.253868 4.276531
-8.908543 4.484321 -8.959995 -35.470325 6.165950 -21.580748 3.336559 -21.991423 10.138226 3.615040
8.824221 4.538226 -19.859249 -43.315411 -16.490833 9.266689 -8.102269 -13.757279 -4.829718 -27.784472
0.175988 -6.457726 -15.313684 -30.201353 -4.951040 33.432274 19.658300 -21.803743 -8.997945 -29.336088
11.360107 13.141280 -10.624974 -23.406998 -10.954095 3.217884 -7.719783 -32.275208 2.167099 -17.291609
-5.497030 -16.391092 -10.198539 -35.088329 -5.332627 -4.158532 -6.189909 22.224829 -1.548658 -4.336727
-11.044538 8.389943 -1.731898 -36.023731 7.521316 -1.542269 16.217468 -29.211367 5.715981 -4.324628
1.584805 16.188896 -5.596113 -19.075310 5.414690 -32.330639 -11.537264 -37.687916 17.674259 6.062194
10.207852 9.956686 -23.856400 -44.146622 -16.068016 -8.630011 -16.742237 -17.869984 -1.416786 -21.352556
-8.780339 -18.283176 -20.732580 -33.834362 1.044518 27.336700 24.001400 -6.567835 -26.970510 -7.513982
15.630836 8.605370 -21.759981 -26.090893 -15.869353 -1.964529 -14.930726 -27.203575 -0.250169 -18.048885
-29.404058 -49.045280 -4.071630 -27.404406 14.343662 18.866842 38.307812 27.546099 -16.768873 6.571074
-22.703064 -14.263500 9.974240 -25.298889 16.995258 -1.631218 25.501534 -3.398244 14.952065 1.435695
-19.274641 -29.931887 -12.341750 -18.641333 13.250245 -12.224130 21.065762 -6.530402 6.466110 13.926565
-2.930602 -10.706594 -12.648423 -19.726423 -0.663030 10.383372 11.462511 -14.881820 -1.067269 -8.016749
-0.706776 -7.327385 -24.138472 -33.502975 -5.816435 4.513275 6.204396 -19.352524 -1.280608 -13.366739
5.284810 -32.782719 -31.117018 -27.475058 -18.265850 28.425510 -1.021715 22.462019 -13.218675 -33.345360
-15.727592 -15.064561 -14.023155 -31.298466 7.620697 -5.209813 17.344402 -9.065386 -2.859942 6.911241
-16.608932 -28.269012 1.189948 -29.228289 6.006285 27.447876 26.238605 22.584467 -18.893652 -3.919162
-14.256681 -14.680423 -6.535779 -44.062084 1.149315 21.695278 20.049377 7.669201 -13.401746 -14.302892
18.906544 5.405145 -3.025574 -23.632687 -25.647928 23.491074 -17.872890 1.126732 0.582338 -43.845531
0.148177 -13.322996 -39.129311 -45.570942 -8.183814 6.963268 4.275042 -11.463111 -17.821167 -16.449690
7.296443 -22.849831 -44.204605 -39.137108 -19.235271 20.209831 -2.395642 3.982877 -22.485388 -29.598015
-1.674283 -2.639393 -14.977558 -34.007912 -5.586341 -3.429582 -1.949680 -8.282495 -3.260985 -5.581578
-14.641840 -29.224802 -0.757145 -29.123070 3.479814 14.073862 16.479366 27.057047 -9.025420 -2.269473
9.595704 12.121040 -11.285754 -40.661991 -16.834099 4.657747 -12.960071 -14.464372 -1.654257 -27.258434
-1.122424 -1.902799 -2.514196 -22.151270 -2.206165 18.316010 12.200187 -12.774276 -4.850928 -11.057868
-13.418524 -6.200322 9.251700 -22.310413 7.322484 11.831858 18.248148 -7.086631 5.518778 -8.287815
-43.225185 -65.266953 9.627093 -18.094355 27.919729 18.465637 52.708206 39.412292 -18.149216 17.661289
-25.782387 -45.963543 4.554703 -18.553665 14.384404 22.019566 37.901722 25.106628 -11.779918 4.793038
-18.389717 -55.459839 -6.130786 -8.954221 8.625449 46.159088 41.661182 29.946148 -33.845516 -2.607015
-9.666429 -37.343437 -17.836658 -46.163242 -9.777175 -2.019668 -7.758708 45.551086 1.492122 -17.639589
-6.165403 -17.859488 -14.481123 -31.688255 -2.179291 -17.209808 -7.198504 10.002257 17.244703 -7.065819
8.321673 2.445210 -18.097340 -29.891226 -9.705993 -28.291441 -22.999533 -14.415469 21.184425 -12.385053
