3.648841 2.354187 -6.507648 1.303118 -3.941641 0.634151 -1.986572 1.866971 -0.020557 -0.393102
2.559733 3.485140 -4.132248 0.082797 -4.707306 -0.823448 -0.918070 -2.078734 1.811831 -0.626950
3.416928 4.452577 -5.298746 -0.291138 -5.979625 -1.145598 -0.967905 -2.885334 2.716850 -1.058458
3.417790 4.516482 -5.174381 -0.278405 -6.109286 -1.270203 -1.074535 -2.989470 2.933455 -0.986159
3.678992 3.546845 -6.059312 0.544049 -5.163116 -0.277804 -1.454779 -0.586448 1.411364 -0.859384
3.161601 4.256848 -4.812471 -0.336937 -5.497006 -1.049702 -0.586654 -2.881030 2.618833 -1.307346
3.745055 2.740501 -6.830179 1.138979 -4.584507 0.541721 -2.053823 1.678776 0.248358 -0.334774
3.125680 4.599486 -4.540909 -0.517250 -5.921401 -1.471398 -0.800780 -3.496010 3.126544 -1.069941
3.352389 2.948440 -5.578591 0.839769 -4.427065 -0.162398 -1.693590 0.046265 0.855500 -0.521533
3.001344 3.873851 -4.389373 -0.218383 -5.340127 -1.182790 -1.012559 -2.746952 2.498014 -0.796527
3.717992 2.956778 -7.039666 1.143877 -4.453396 0.725813 -1.933860 1.789747 0.512864 -0.697612
3.409792 2.786838 -6.139015 1.047415 -4.433084 0.164533 -1.919391 0.869732 0.452633 -0.343638
3.345027 2.962555 -5.810771 0.659740 -4.527215 0.217711 -1.377301 0.391758 0.664753 -0.627467
4.091199 2.431832 -7.613948 1.752728 -4.204271 1.133001 -2.286949 2.969587 -0.185700 -0.667085
3.227866 2.450615 -6.129557 0.897293 -4.140809 0.487470 -1.859540 1.390667 0.046013 -0.135211
3.954821 2.797602 -7.079916 1.341339 -4.278473 0.659055 -2.112854 1.830149 0.212740 -0.550807
3.975122 2.867326 -6.968635 1.147982 -4.629175 0.545213 -1.939293 1.513672 0.430412 -0.675166
3.688256 2.632539 -7.094717 1.447105 -4.337322 0.625549 -2.286472 2.024560 0.078535 -0.330120
3.476208 3.023312 -5.827452 0.678005 -4.524408 -0.049184 -1.495078 0.008006 0.863630 -0.679328
3.235755 5.029825 -4.881236 -0.639438 -6.586373 -1.751448 -0.865913 -4.141203 3.713871 -1.089235
3.707669 2.735708 -6.363329 1.086176 -4.424392 0.371006 -1.780403 1.120715 0.461118 -0.606902
3.575222 4.356492 -5.351148 -0.242528 -5.996258 -1.099599 -1.092371 -2.652629 2.672590 -1.049907
3.332136 4.377243 -5.290630 -0.331703 -5.827983 -0.933528 -0.904696 -2.574678 2.615400 -0.979034
3.534292 3.618432 -5.548630 0.312046 -5.141856 -0.555635 -1.501069 -1.266538 1.708663 -0.696670
2.567161 3.156636 -3.671761 -0.167661 -4.246188 -0.797758 -0.761696 -2.199756 1.702279 -0.769652
3.844583 4.368273 -5.961162 -0.086463 -6.243123 -0.960128 -1.271947 -2.239297 2.691009 -1.044660
3.745825 2.239436 -7.291007 1.881493 -3.761842 1.054286 -2.331605 2.899941 -0.371161 -0.511429
3.335360 1.273538 -6.504316 2.273946 -2.390320 1.235765 -2.572541 3.659985 -0.897712 -0.111146
3.263664 3.716948 -4.858712 -0.012218 -5.194162 -0.850887 -1.045789 -2.025248 2.057139 -0.938264
3.342067 3.136542 -5.672819 0.659085 -4.639225 -0.100812 -1.467718 -0.156675 0.929407 -0.673442
3.549284 2.751656 -6.198188 1.139829 -4.377978 0.138180 -2.002484 0.925979 0.508291 -0.305377
4.174872 3.173341 -7.090331 0.985456 -4.951428 0.101767 -2.085087 0.625726 1.097255 -0.638877
4.007211 4.903141 -6.212265 -0.237987 -6.769717 -1.428047 -1.311579 -3.106002 3.431953 -1.201267
3.812474 3.810595 -6.016794 0.199801 -5.624946 -0.553964 -1.350116 -1.310930 1.974892 -0.946646
3.628227 3.609691 -6.225492 0.498036 -5.522799 -0.322291 -1.844941 -0.495463 1.554938 -0.355566
2.698637 4.243708 -3.831909 -0.588555 -5.568792 -1.515804 -0.578231 -3.717750 2.887872 -1.010381
3.413046 2.259754 -6.255792 1.356115 -3.814531 0.705827 -1.873513 1.907342 -0.159519 -0.435874
3.670372 3.263128 -6.243105 0.656039 -4.613634 0.313337 -1.162094 0.431096 0.989131 -1.058221
3.380015 3.063244 -6.016220 0.764293 -4.303028 0.226541 -1.210933 0.267220 0.781341 -0.911659
3.427316 1.893470 -6.657189 1.749881 -3.402453 0.755784 -2.458691 2.642303 -0.513081 -0.023518
2.345670 4.222258 -3.333168 -0.748419 -5.108274 -1.553785 -0.072423 -4.153494 3.086287 -1.003661
2.640583 4.265087 -3.904579 -0.629102 -5.552814 -1.612394 -0.577641 -4.098108 3.152528 -0.933153
3.488411 2.882125 -5.889520 0.917257 -4.423203 -0.027332 -1.786391 0.324802 0.761453 -0.488727
3.903476 3.232265 -6.523229 0.888580 -4.750047 0.119447 -1.720403 0.456562 0.923268 -0.847234
3.728627 2.582971 -6.617523 1.233507 -4.162597 0.567547 -1.881933 1.594408 0.131571 -0.532546
4.310006 3.612334 -7.570907 1.042341 -5.328321 0.234828 -2.045540 0.927104 1.107056 -0.826473
3.268723 5.025597 -5.025241 -0.853532 -6.582922 -1.558425 -0.486044 -4.055185 3.720482 -1.143753
3.882630 4.455752 -5.947518 -0.205224 -6.269840 -1.303764 -1.392638 -2.953317 3.112049 -1.015749
3.941004 3.714652 -6.606058 0.460630 -5.442830 -0.109912 -1.426679 -0.256551 1.497919 -0.966657
3.742561 3.069015 -6.097717 0.549270 -4.577514 0.058896 -1.476896 0.094068 0.926371 -0.746360
4.010052 2.339251 -7.772786 1.917363 -4.204503 1.271207 -2.392111 3.337889 -0.359390 -0.625381
3.937018 3.846359 -6.320272 0.457828 -5.429529 -0.544187 -1.647051 -0.977878 1.840126 -0.869628
3.479583 2.659424 -6.657052 1.184880 -4.285760 0.598897 -1.975486 1.706276 0.072110 -0.333686
3.569807 3.692340 -6.157355 0.545726 -5.212251 -0.162813 -1.508533 -0.341536 1.437022 -0.712098
3.061690 2.046151 -6.961057 1.301867 -3.726285 1.189425 -1.814949 2.615122 -0.568649 -0.294393
3.735030 2.823491 -6.197138 0.981182 -4.357595 0.135167 -1.817079 0.704781 0.632071 -0.590733
4.048584 2.263890 -7.560888 2.041278 -3.885772 1.096100 -2.509552 3.092757 -0.331232 -0.501215
3.503120 2.937241 -6.018892 0.781996 -4.521102 -0.100502 -1.907016 0.205414 0.762382 -0.265817
3.713551 2.562189 -7.084625 1.360027 -4.355768 0.632078 -2.320137 2.172385 -0.046208 -0.240184
3.118247 2.205646 -5.873305 1.109880 -3.784352 0.580383 -1.707200 1.543923 -0.127547 -0.325782
3.386926 2.851687 -6.364130 1.045957 -4.091433 0.400609 -1.620592 0.870033 0.564564 -0.726063
3.460586 4.588544 -5.391014 -0.397059 -6.332786 -1.272929 -0.968485 -3.079332 3.087355 -0.999048
3.858619 4.553422 -5.877388 -0.081027 -6.496323 -1.297530 -1.460199 -2.680932 3.039307 -0.989115
3.887975 3.514325 -6.705752 0.760361 -5.388156 -0.154218 -1.896769 -0.005997 1.269696 -0.585727
4.202012 2.481982 -7.691574 1.805071 -4.184500 1.066470 -2.400374 2.899323 -0.149255 -0.631558
3.889892 2.337332 -7.662199 1.810318 -4.220705 1.032979 -2.647809 3.122771 -0.333943 -0.273068
3.827063 3.123002 -6.525877 0.687377 -4.851131 0.338289 -1.661807 0.779201 0.800951 -0.596256
3.826786 3.101174 -6.464612 0.659153 -4.846544 0.245484 -1.619464 0.590880 0.778807 -0.638775
