-2.846933 -2.235182 8.396984 1.044338 8.882651 0.916629 -0.788065 6.519475 -5.644285 -1.974879
-0.069032 -5.350263 4.492654 2.188930 6.509122 1.287296 -1.849779 6.425080 -3.188274 -3.594457
6.618935 2.513271 1.778081 -4.840850 2.558536 3.912261 -5.537572 12.280794 1.232395 -10.196923
5.932872 7.678243 2.656145 -7.772493 3.141529 3.568783 -2.780172 11.300695 0.311074 -8.225574
8.778925 5.391332 1.374706 -6.226009 2.767490 4.608881 -6.081998 13.279664 3.059921 -10.901187
1.071109 -8.565077 2.477720 4.737361 8.029556 1.167748 -3.238442 6.570691 -1.934354 -4.343076
6.308123 7.509952 3.259764 -8.254820 2.053138 4.449979 -3.210731 12.611110 0.436991 -9.369128
7.475483 2.993514 1.246101 -3.222598 3.427394 3.147552 -6.478212 10.438827 2.840895 -8.779456
2.617151 -5.349706 5.426535 0.790340 4.195296 3.234969 -3.924656 9.836055 -1.201945 -6.423830
2.420007 3.820572 4.983841 -3.671417 8.357961 1.331267 -3.316933 8.792005 -1.595131 -6.151962
1.685272 -1.532608 6.598814 -1.674742 5.973594 2.887886 -1.995728 9.552808 -1.773056 -5.715308
6.104779 5.459040 2.929110 -7.182341 3.877425 3.688571 -3.986688 11.995528 0.640194 -9.553658
5.206955 -1.936976 4.112522 -2.021899 5.188888 3.273545 -6.145305 11.104188 0.515823 -8.876678
7.060327 -1.020087 3.564148 -4.053834 0.582831 5.725815 -5.646172 13.613448 1.891084 -10.677148
-2.188720 -5.325356 5.564475 3.682830 7.490371 1.214640 0.122080 5.477238 -4.605196 -2.288347
3.521502 -6.847425 6.902301 -2.223806 0.490329 4.761859 -4.635808 12.191005 -0.100173 -9.309936
10.151101 7.936451 2.460948 -9.370404 0.150605 5.776336 -6.118222 15.071993 3.638862 -12.763246
13.260672 12.214113 0.595476 -10.861133 -1.926783 6.561544 -8.052818 16.137688 6.234335 -13.768846
-0.819849 -8.104018 3.256351 5.936523 11.585868 -1.246432 -2.738802 3.884246 -2.885540 -3.028395
6.286925 4.021328 4.524563 -7.633764 1.356300 5.214329 -4.770072 13.251576 0.850814 -9.905327
-1.173900 -2.385055 6.423731 1.462364 7.240152 1.966520 -1.264474 7.269177 -4.678180 -3.112181
12.382933 11.176808 0.183558 -9.692271 1.089670 5.465518 -7.076925 15.479531 5.031041 -12.783732
12.039670 10.336701 1.214889 -10.060353 -0.299054 5.954607 -7.054662 15.550886 5.061718 -13.478669
-0.376476 -2.025833 3.361951 1.799679 7.997998 0.837795 -1.734190 6.972332 -4.195086 -4.227948
-2.856908 -5.735971 2.599750 6.936809 12.045484 -2.128515 -0.584514 2.072952 -5.152610 -0.521917
6.010661 0.129798 5.034291 -4.666322 2.384961 5.346076 -4.880562 13.595019 0.373875 -10.086883
9.358204 2.950934 2.295505 -5.081267 1.946144 5.340639 -6.721735 14.528632 3.396471 -11.592196
-2.677351 -11.916441 5.063272 7.333492 6.798042 0.728479 -1.320934 4.773048 -3.529698 -1.605651
0.653685 1.595692 5.710184 -1.695174 8.795685 1.173343 -2.562390 8.329255 -3.777960 -4.793178
-0.838225 -9.568729 3.049944 5.211015 6.732990 0.940212 -2.431926 6.015772 -2.233639 -3.905820
4.225988 -0.303702 4.103630 -2.630033 5.455058 3.071740 -4.840530 11.080060 -0.507274 -8.647701
0.825518 -3.328764 5.879736 -0.464659 4.712848 2.634297 -1.994572 9.630209 -3.642372 -5.460954
23.960485 20.399899 0.676119 -22.212927 -15.114448 14.570868 -13.805118 28.273090 14.090603 -25.305885
-1.454048 3.898153 7.030828 -4.486634 7.861914 1.247851 0.649102 7.847231 -4.987555 -3.364634
7.337714 11.771614 1.139009 -7.118753 5.568285 2.898737 -4.225417 12.102596 1.243099 -8.891607
3.131597 3.748149 1.286894 -1.098664 10.288690 1.224198 -3.161864 8.477033 -2.153585 -5.943065
0.596677 -9.145957 5.130453 2.946752 6.861693 2.236184 -3.419878 7.839176 -2.789106 -5.419143
4.820858 -8.595818 4.752254 1.136187 1.491110 4.075019 -5.648738 11.786496 1.924833 -8.573285
1.483617 -9.599094 0.201243 5.877931 6.528569 0.017834 -4.179442 3.840423 0.625049 -3.678625
3.614284 5.642725 3.370773 -5.536685 3.744650 2.640317 -1.754237 9.371410 -0.778924 -6.756611
5.985600 -0.330558 -0.484076 0.583793 6.889867 1.172603 -5.828368 8.771918 2.077978 -7.770420
2.470239 3.309341 -0.161388 0.902476 10.667951 -1.931182 -3.666603 4.261860 -0.817075 -4.194258
-0.175586 -6.943381 6.610734 2.422015 7.109678 1.909003 -3.597625 7.535415 -3.056559 -4.261253
6.037246 -3.361940 3.154487 -1.908744 2.076468 4.531234 -6.084926 12.112271 1.715006 -10.046969
-0.173209 -8.848622 3.283031 4.339319 3.267483 1.361067 -2.435322 7.001989 -2.001623 -4.675109
18.074999 12.589203 0.111152 -14.083220 -5.839024 9.497050 -11.447017 20.775993 9.662766 -19.248680
10.665282 10.440373 -0.591924 -7.154770 3.290738 3.335972 -7.386844 11.883459 4.792404 -10.637082
8.193695 9.496189 1.549389 -8.767806 1.676793 4.346097 -4.526187 12.732320 2.229126 -9.758731
8.198736 4.912143 0.186691 -4.978094 3.172938 3.697413 -6.190930 11.130100 3.443508 -9.533792
4.496261 -2.853263 3.734808 -0.639284 3.577908 3.738036 -4.517141 11.108207 0.314335 -7.501281
0.810148 -2.317526 13.908041 -7.499541 -5.925211 9.889542 1.530092 16.464790 -4.090235 -8.171333
8.138183 8.209606 1.056593 -6.125958 3.879767 3.669214 -5.559009 12.099326 2.181963 -9.687169
12.136618 7.343073 3.378293 -10.744275 -1.274634 7.342091 -7.579600 17.207382 4.932210 -14.517216
7.888403 -0.770747 3.878111 -4.855632 0.546879 5.949440 -6.550829 13.059728 2.553530 -10.836905
2.343837 -2.854240 3.623757 1.062234 2.872175 3.580087 -1.504229 8.561752 -0.739611 -5.383612
1.628620 -10.234058 7.852486 0.067446 0.079789 5.773089 -3.601155 12.341751 -1.570188 -8.100556
1.491919 -10.416651 9.359941 0.378462 -1.240204 7.103364 -2.837962 12.879260 -2.222492 -7.448246
2.371094 -1.130032 4.610461 -1.310807 4.294949 3.116131 -2.776879 9.877965 -1.684308 -6.058815
9.218260 9.295061 1.548272 -9.944461 -0.167340 5.746127 -5.109118 14.447841 2.784882 -12.866483
1.141454 -8.699081 4.509185 3.703185 5.563671 1.962128 -3.288588 6.854945 -1.448121 -4.329353
8.126800 1.668771 -0.269821 -3.157879 0.263673 4.145219 -5.708997 11.279389 3.737104 -9.482902
7.933298 6.947578 0.718405 -5.767313 3.349199 3.535980 -5.179207 11.837560 2.858616 -9.201923
22.361837 21.224182 0.484923 -21.378550 -11.806942 12.954944 -12.495307 26.378838 12.140333 -23.195110
12.370980 12.184893 2.860227 -13.162879 -2.514479 7.108324 -6.420439 17.062887 4.973403 -13.721867
17.079971 9.670334 3.132396 -16.045591 -9.638293 10.880980 -10.066747 21.364277 9.171369 -18.341408
3.263402 6.009737 11.231531 -12.270672 -4.203727 8.190763 1.157733 16.015083 -3.057976 -8.264170
-1.104201 8.121755 9.432093 -8.424737 2.573282 4.758600 3.319920 10.663827 -5.747882 -3.944850
-3.809559 5.543533 7.937802 -2.581621 10.023246 0.097762 1.811026 5.582226 -6.112867 -1.258602
