-1.387267 4.334253 9.680932 -3.804206 6.520470 -2.434388 -3.206864 -2.415494 0.119378 1.627073
-0.890813 5.696060 8.920565 -3.696790 5.495468 -2.156067 -3.078089 -0.534677 -1.013523 0.229439
-3.118441 15.848139 24.991894 -11.184327 14.709162 -5.231720 -4.652117 4.562129 -5.232811 -5.103032
-3.721997 18.769371 28.934334 -13.013643 16.389530 -5.634105 -4.121846 6.488344 -6.976007 -7.721883
-3.854563 21.116404 31.592184 -13.885597 17.989727 -6.263580 -4.264704 7.791174 -7.770247 -9.171885
-1.242012 6.862053 11.155569 -4.475606 6.720701 -2.810783 -3.145895 -0.190967 -1.591654 0.044967
-3.254750 14.519926 23.772268 -11.110743 13.869409 -5.192634 -4.466488 4.182265 -4.788168 -5.143977
-2.651080 13.430214 21.618608 -9.267689 12.552762 -4.632632 -4.233926 3.328711 -4.131042 -3.392445
-1.645733 10.071215 15.551858 -6.760899 9.059547 -3.010324 -3.184829 1.609966 -3.279369 -2.288665
-2.378536 15.028323 22.971899 -10.170492 13.206708 -4.405813 -3.400028 4.953810 -5.442190 -5.172890
-1.129449 7.500734 11.840137 -4.806681 6.709028 -2.593503 -2.299749 0.644340 -2.597810 -0.681269
-2.918230 17.154949 25.919668 -11.844025 14.714232 -4.956946 -4.461955 6.209044 -6.108211 -6.901537
-3.332730 14.414161 24.129778 -11.045023 14.064517 -5.048381 -4.231583 4.034116 -4.529935 -5.045048
-3.360860 15.420671 25.297785 -11.478793 14.872759 -5.173837 -3.867950 4.404688 -5.303522 -6.090730
-0.722385 3.574248 6.668347 -2.958230 4.598526 -1.942563 -3.100094 -1.302576 0.168949 0.945002
-2.758775 12.157454 20.563631 -8.959085 12.364841 -4.360294 -3.477142 2.498461 -3.716246 -2.837591
-3.808111 17.419203 28.182280 -12.951595 16.379276 -5.921093 -4.365246 5.547570 -5.957940 -7.210951
-3.189430 17.954678 27.324411 -12.346371 15.508495 -5.134883 -4.159123 6.229658 -6.481104 -7.225759
-2.040667 8.330303 14.864418 -5.670268 8.742781 -3.449027 -2.809095 -0.397520 -2.245037 0.371011
-1.873837 9.901018 16.263586 -6.997079 9.904818 -3.495453 -4.098950 1.360837 -2.694818 -1.219313
-0.874885 3.792479 7.310700 -2.778629 4.969399 -2.070300 -2.663918 -1.847731 -0.100153 1.093604
-3.439320 19.364624 28.931974 -12.669952 16.375616 -5.584047 -4.356483 7.129456 -6.988791 -7.786985
-3.348698 14.801498 24.764700 -11.038078 14.691174 -5.446436 -4.487535 4.185723 -4.521665 -4.840486
-0.951965 6.591814 9.875929 -4.225897 5.467513 -2.051376 -2.330336 0.611494 -2.194882 -0.848415
-0.608895 4.019583 6.762187 -2.475209 4.181007 -2.168655 -2.650449 -0.927908 -0.063428 0.979598
-2.200933 15.103131 21.827703 -10.194399 12.202019 -3.881357 -3.933443 4.966157 -5.775085 -5.744578
-3.612453 13.969429 23.823109 -10.481365 14.401237 -6.065693 -3.955275 3.311543 -3.933312 -5.322127
-0.796894 4.893370 8.447660 -3.606581 5.678287 -2.067585 -3.647132 -1.080109 -0.364826 0.763479
-2.638957 16.023712 23.661818 -10.277190 13.422853 -4.568243 -3.681790 5.336262 -5.803256 -5.544961
-0.631251 4.715394 7.779777 -3.520484 5.110672 -2.069012 -3.192030 -1.054787 -0.160294 0.721669
-2.022894 13.444185 19.861410 -8.643859 11.265164 -3.647511 -3.398309 4.035010 -4.948943 -3.861966
-1.054452 7.426417 11.853117 -5.221478 6.865122 -2.670899 -3.112880 0.180408 -1.759287 -0.090316
-3.917407 18.749908 29.650326 -12.799709 17.356949 -6.385945 -4.551220 6.134510 -6.506459 -7.177466
-1.834008 6.663815 13.105655 -5.211336 7.964387 -3.043345 -2.912287 -0.459516 -1.322998 0.787549
-3.006358 17.568695 26.667921 -12.267771 15.204662 -5.151516 -4.323991 6.277723 -6.278413 -6.980294
-2.752494 11.700386 19.859182 -8.179319 11.911150 -4.960130 -3.987497 1.783664 -3.284341 -2.116390
-1.567468 8.609365 13.962397 -5.933199 8.151758 -3.032815 -2.817191 0.784488 -2.600263 -0.709150
-2.300866 12.207178 19.335302 -8.580190 11.519107 -3.364333 -3.307328 2.535699 -4.169195 -2.953665
-0.657099 5.294668 8.158468 -3.515265 4.612276 -1.919665 -2.060318 -0.018415 -1.388630 -0.279823
-3.228128 15.013995 23.528229 -9.806114 13.560359 -5.459791 -3.794327 4.426118 -5.002498 -5.153378
-3.034189 19.637753 27.360525 -12.001764 15.084928 -5.249656 -3.991137 7.728335 -7.894581 -8.982280
-2.033476 7.599260 14.006524 -5.776281 8.526731 -3.869236 -3.530060 -0.584545 -1.630779 0.201564
-1.576633 6.789125 11.126781 -4.252030 6.562213 -2.225214 -2.463947 0.062401 -2.097904 -0.554236
-0.783071 5.019864 8.587681 -3.664781 5.620248 -2.164236 -3.086041 -1.171076 -0.465779 0.842607
-3.459980 16.020182 25.886549 -11.139238 15.440845 -5.581436 -3.986115 4.360983 -5.138507 -5.377211
-0.492979 4.315622 7.800544 -3.286792 5.197545 -2.277872 -3.248155 -0.957485 0.072674 0.629160
-3.614220 20.945770 31.169809 -13.837193 17.556494 -5.815631 -4.550990 7.740807 -7.705611 -8.785069
-3.025297 17.492847 26.857309 -12.800262 15.438814 -5.110444 -5.021179 5.916483 -5.946122 -6.840565
-3.102749 19.334488 27.641649 -11.951363 15.458445 -5.517048 -4.357470 7.745327 -7.289795 -7.967607
-3.660613 19.653023 29.094749 -12.477859 16.506039 -6.487298 -4.438706 6.953951 -7.130283 -7.821424
-2.464465 11.703239 18.696457 -7.835095 10.666965 -4.241374 -3.519141 2.178846 -3.797181 -2.707711
-1.722970 10.296135 17.508085 -7.364378 10.330276 -3.605504 -2.819666 2.123569 -3.140583 -2.279073
-2.794858 14.028049 21.483852 -8.766047 11.995601 -4.926894 -3.723489 4.019880 -4.697355 -4.109662
-3.432309 16.193598 26.882551 -12.434640 15.750792 -5.331489 -4.291090 4.795327 -5.313021 -6.120134
-3.109100 16.596308 26.024675 -11.867520 14.897894 -4.745855 -3.538684 5.245113 -5.942775 -6.439934
-0.415538 4.398737 6.649882 -2.546932 4.184644 -1.670460 -2.395305 -0.075415 -0.682121 0.049314
-1.677253 10.957673 16.314558 -7.081572 9.178820 -3.155925 -3.028262 2.469069 -3.953668 -2.859316
-1.099218 7.925351 12.231192 -5.193756 7.071288 -2.640374 -3.197747 0.797867 -2.382927 -1.231371
-1.281921 6.510157 10.469231 -4.013381 6.201693 -2.529110 -2.474357 -0.424988 -1.604338 0.503141
-3.167349 17.813843 27.480139 -12.881119 15.463000 -5.234865 -4.177075 6.170441 -6.522840 -7.534473
-0.679431 5.023047 7.661804 -3.475851 4.758646 -1.894820 -2.922067 -0.384154 -0.789979 0.055751
-2.951796 12.446718 20.869349 -8.489564 12.227809 -5.083601 -3.800854 2.082767 -3.656816 -2.911420
-2.913681 17.089478 25.020502 -11.121639 14.138803 -4.858297 -4.439377 6.147874 -6.161870 -6.704125
-3.827364 22.133343 32.757408 -14.841365 18.549458 -6.127504 -4.932395 8.552861 -8.127217 -9.906254
-3.727432 20.623644 30.868048 -14.017538 17.418938 -5.910861 -4.417927 7.677797 -7.895665 -9.248408
-4.034359 19.863438 30.995649 -14.206920 18.046867 -6.325087 -4.532072 6.875927 -7.255880 -8.884324
-2.387137 13.037939 21.093977 -9.071877 12.178514 -4.426937 -3.373887 3.261868 -4.051482 -3.648701
-2.596298 9.364070 17.465761 -6.765786 10.735240 -3.844787 -3.185174 0.836984 -1.888152 -0.776890
-2.676097 0.233176 8.651274 -2.562658 6.247282 -3.795532 -2.394298 -6.106668 3.188823 4.533911
