1.283235 -6.330048 -11.281358 -2.721572 -12.248589 21.934555 27.458885 0.332268 8.231524 -1.231604
1.640250 -2.863773 -10.307997 0.082756 -14.447161 19.842712 23.059652 -2.462859 10.672636 -6.409804
-13.682406 21.851894 -5.178216 8.270303 -26.822449 32.391476 36.681839 -28.895254 -0.676044 -13.394852
-9.907945 16.097769 -7.159142 8.991378 -24.644384 28.654587 29.860998 -22.905392 3.727512 -18.137264
5.562203 -11.928204 -10.707219 -1.306693 -9.098420 18.421202 22.217091 4.996882 10.464432 -4.510803
9.094982 -14.131382 -9.433619 2.794853 -10.711303 13.469222 13.500877 12.889298 15.975733 -14.300396
11.306885 -14.441797 -5.295967 4.044821 -9.475083 10.007787 8.035787 13.442386 16.063963 -17.327158
5.992762 -11.186707 -9.429590 -0.368847 -9.560068 17.636528 19.935053 3.020407 11.222325 -7.605242
11.049566 -13.993108 -4.215546 3.835047 -8.994526 8.795246 6.247056 13.218974 15.920689 -17.264332
-7.340745 15.729425 0.044572 7.138628 -24.794411 28.429840 29.982941 -16.765047 2.267748 -16.313940
9.952058 -13.558643 -4.759450 2.769957 -10.380966 14.306168 13.421331 10.599302 14.983063 -15.509724
11.126161 -13.822265 -5.528413 4.080610 -10.549236 12.130841 10.150251 11.880850 16.257505 -17.921921
-0.157495 -2.810775 -10.174566 -1.389761 -13.403633 23.103474 28.067163 -4.951332 7.617011 -3.256123
9.672489 -12.298117 -0.279187 2.112024 -7.021242 7.041550 2.942144 11.017872 14.679147 -16.372253
9.580313 -15.256011 -3.785315 2.224195 -8.380298 9.905067 7.068982 12.328089 16.997829 -17.875010
10.052555 -12.855501 -2.368389 3.838459 -9.798671 9.486580 6.131083 12.145779 16.635872 -19.550116
-2.869182 6.640191 -1.806636 12.015459 -22.228512 21.443722 17.829487 -6.791354 9.542981 -28.350948
9.602509 -13.463343 -6.538159 1.880465 -9.065806 9.179166 8.770723 13.025249 14.822695 -13.205933
-12.985456 22.097080 -4.263540 8.618257 -27.155537 32.409912 36.586891 -27.963951 -0.834880 -13.438029
3.255605 -4.113373 -7.447414 1.153253 -14.428637 22.934826 26.914541 1.191509 7.577818 -5.149948
-4.392056 8.709309 -7.640542 2.145515 -21.191778 26.371872 30.355639 -9.214509 5.555197 -6.561185
8.759310 -9.635300 -9.634202 2.743141 -13.339298 16.554810 17.549728 11.658571 14.449937 -11.237401
5.456062 -13.299618 -10.257619 -2.962001 -5.787199 18.200298 23.568380 3.196213 6.823863 1.026774
10.722734 -15.549686 -3.484234 3.661787 -8.244286 8.675447 5.287608 13.310598 17.099289 -18.879168
11.397841 -11.064709 -1.048291 5.187595 -10.378684 7.992847 2.252693 13.179300 17.096226 -22.059525
10.333256 -10.166793 -1.570646 5.236776 -12.522497 12.211943 9.035729 12.412220 15.685209 -19.642096
9.869943 -11.495333 -5.070723 6.928897 -10.044387 8.075919 3.660357 11.209694 16.472527 -22.289108
7.156742 -12.183783 -13.084818 -1.635080 -9.929491 15.514351 19.509356 9.073561 12.572939 -3.954060
-1.723900 2.126877 -11.415581 -0.544994 -16.536112 27.080631 34.085274 -7.389692 3.715016 0.693732
11.603097 -16.595833 -4.180789 4.284867 -9.140930 8.807036 5.497725 14.834757 18.794786 -20.854275
11.493221 -15.407649 -4.055444 4.591315 -8.674862 8.239704 5.105779 13.939327 17.346657 -19.794622
-13.736723 29.266491 -0.063092 12.501902 -33.207916 31.606533 31.623350 -25.214130 0.904028 -22.048428
12.656006 -15.368361 -3.209967 4.603752 -8.710724 7.753257 3.762285 15.610822 17.558842 -19.809544
-0.555893 6.784081 -2.107661 7.740832 -21.760204 20.775726 18.507631 -1.516186 9.062887 -20.003506
-10.838518 23.669523 -2.836419 8.918694 -28.608053 31.060415 34.384460 -23.746443 -1.127271 -12.867936
12.454938 -16.432028 -3.122810 4.349394 -9.238497 9.133630 5.398627 15.012040 18.545658 -20.711412
-8.869801 18.917835 -3.020695 8.255392 -25.537998 30.232546 33.843857 -22.108158 -0.878187 -12.427361
-9.001417 13.220523 -6.216094 3.972068 -22.581554 30.538502 35.331882 -18.602541 1.836134 -8.768246
11.774900 -16.165359 -3.095227 4.278119 -9.242791 9.935217 6.513615 14.382723 18.575804 -20.782837
1.151366 -2.786352 1.488461 4.722396 -13.226142 17.963223 14.887620 -6.113127 10.598753 -22.925829
11.654907 -15.324310 -3.449996 3.487994 -8.417318 10.297913 7.656548 12.778154 16.400738 -17.821989
2.150084 -7.715688 -11.226393 -2.468753 -10.705495 21.527222 26.558561 -2.516043 10.486188 -4.173777
-5.075442 12.207476 -3.303421 8.152753 -23.208225 24.505844 23.902342 -12.486389 5.549578 -18.832674
8.461086 -12.204395 -3.007787 3.539650 -7.458658 7.536943 4.506711 9.765834 14.742425 -17.007471
-10.345828 19.672245 -4.778345 7.337624 -28.181328 30.507160 32.977497 -17.815430 3.190696 -14.725977
4.501285 -11.496122 -8.660567 -3.324351 -6.578066 18.100958 23.477301 3.852657 6.307127 1.919826
0.415244 -3.645285 -8.866798 -0.674869 -12.298298 22.154299 25.593632 -5.465371 6.886164 -5.679528
10.435121 -11.538270 -5.479493 3.838959 -13.070292 11.422721 8.467265 15.004354 18.049770 -18.973547
2.284370 -4.917685 -6.335255 0.257380 -13.003110 21.416546 23.672623 0.227405 7.199034 -7.036387
-6.562462 11.679926 -1.651405 5.036437 -23.257858 25.408901 25.110439 -10.045133 6.040254 -16.410511
-11.646748 24.236135 -2.371280 9.723920 -30.983831 29.591568 29.563028 -18.037518 2.968485 -18.557173
12.508007 -16.338802 -5.721967 4.422719 -8.993134 11.375021 9.621071 14.904690 16.604919 -17.001717
2.825068 -6.748231 -15.281862 -2.605099 -11.266379 22.646950 29.266747 -2.099267 7.863604 1.534942
-1.337376 -2.879275 -14.397942 -1.539523 -12.239568 25.176449 33.156734 -12.331802 5.007378 0.200041
11.200752 -13.422647 -4.649364 6.004886 -9.698732 8.078609 3.452928 13.224742 17.526386 -22.105829
12.368366 -15.026607 -2.919529 4.181072 -7.542670 7.195441 3.101267 14.865999 16.729429 -18.382193
4.175342 -6.956196 -6.962541 0.336479 -12.473020 17.899681 18.991934 3.316148 10.526025 -9.690276
-12.625689 27.658764 0.742152 11.077853 -31.187906 31.286083 32.114738 -24.039612 -0.738696 -18.761848
3.800617 -10.619913 -11.149912 -2.471172 -9.362038 19.133608 22.910088 2.567357 10.247798 -3.905310
11.286229 -15.156570 -3.842510 5.560390 -8.892185 8.593173 4.275769 12.800741 18.397438 -22.236488
10.891381 -13.773638 -3.846157 4.399517 -8.895066 8.662980 5.127482 13.331075 16.073677 -18.543751
8.016254 -14.015141 -7.662034 -1.550139 -7.718692 15.324759 17.564163 8.986123 11.940172 -6.301826
3.837355 -10.496639 -7.892151 -2.867555 -8.247622 17.426228 20.283566 1.449295 9.488361 -4.882313
7.748023 -10.498470 -3.765177 3.595057 -11.113110 12.520858 10.112617 7.423211 14.761506 -18.624565
4.664104 -6.668362 -10.181683 1.519117 -14.564424 20.334414 22.332853 5.417414 11.002447 -8.846355
6.404555 -12.519360 -8.843966 0.642758 -10.852613 15.766804 16.890087 9.594358 14.931032 -11.806827
11.025850 -14.053025 -4.127973 5.412705 -9.403479 8.127456 4.838213 13.811893 17.094997 -20.403584
12.298395 -15.423912 -3.979635 5.046714 -8.476110 8.282868 5.296590 15.048893 16.830170 -18.811386
5.637099 -10.808581 -10.107251 -0.765992 -9.774143 18.695707 21.985888 4.071891 10.592095 -5.812197
9.907076 -13.246141 -4.235875 2.478004 -9.653003 12.096464 10.168658 11.598979 15.750397 -16.497293
4.537488 -5.607367 -9.879176 -0.763972 -12.971184 21.373249 26.013372 4.026366 7.692439 -0.998069
