7.266954 -7.766687 8.944844 9.641199 -6.951859 8.282185 -5.012895 -5.076347 -4.654296 -13.606956
7.127063 -5.241169 6.963805 9.112115 -7.619590 8.182044 -5.912427 -3.620492 -3.484060 -13.239821
9.550824 -7.563657 16.620731 21.934586 -18.310469 22.108816 -16.441483 -9.211014 -9.971360 -29.225924
8.926461 -8.537210 15.826189 19.163704 -15.554579 19.132744 -13.732804 -8.629907 -9.021722 -25.753752
10.104969 -10.828067 19.484234 23.114353 -18.440037 22.757130 -15.891226 -11.609907 -11.419758 -30.695116
7.104176 -5.258343 7.146373 9.525237 -7.983502 8.694025 -6.349018 -3.435904 -3.811419 -13.481277
9.303844 -11.276696 17.829031 19.197903 -14.380265 18.779461 -12.086566 -10.840847 -9.894776 -26.114391
8.863489 -5.862534 14.761529 20.751928 -17.359470 21.352385 -16.209942 -7.728420 -9.110542 -27.879536
8.301767 -7.795366 10.860967 12.955252 -10.182138 12.019809 -8.219626 -6.374576 -6.135655 -18.196974
8.566833 -6.172673 11.258517 15.971225 -13.647484 15.508075 -11.667208 -6.578627 -6.531854 -21.773216
6.215995 -6.411697 7.591539 7.921638 -5.674049 6.991095 -4.358493 -3.660941 -3.658686 -11.631387
9.112124 -8.606570 14.811330 17.841660 -14.330875 17.628345 -12.384525 -8.849551 -8.631894 -24.794416
9.663635 -11.543397 18.725317 20.033060 -15.863054 19.673695 -12.820570 -11.108940 -10.474833 -27.005671
8.384249 -14.368644 22.986038 22.365305 -14.916591 21.853504 -12.907544 -13.156565 -12.964749 -28.595373
6.782478 -6.870020 7.726668 8.289440 -5.886883 7.082102 -4.210196 -4.172074 -3.719761 -12.118147
8.959634 -12.564847 19.406940 19.608841 -14.232900 18.939289 -11.605594 -11.227782 -10.862121 -26.001730
9.877581 -14.902661 24.451561 25.321636 -18.533802 24.713371 -15.342118 -14.532141 -13.766326 -32.868023
10.304924 -14.751850 26.395674 27.898998 -21.495190 28.002041 -18.193903 -15.111210 -14.446324 -36.487450
7.460761 -6.631854 7.969239 9.610592 -7.424028 8.366664 -5.710304 -4.366317 -4.208311 -13.707185
8.631845 -5.663409 14.810470 20.435793 -16.862385 21.354523 -16.272625 -7.284038 -8.963476 -27.502329
7.610235 -7.796448 9.687129 10.797388 -8.130760 9.707554 -6.206656 -5.537245 -5.163167 -15.254169
10.560923 -10.005872 22.275078 28.148336 -23.001434 28.773361 -20.784517 -12.562507 -13.324065 -36.595661
10.304527 -9.874184 20.720390 25.194910 -20.122631 26.304455 -18.307083 -11.307737 -12.394027 -33.471512
7.534810 -6.096016 7.480124 9.684246 -7.729937 8.703611 -6.094313 -4.047951 -3.957474 -13.929935
6.682872 -4.850556 5.167349 7.130514 -5.845789 5.984882 -4.311078 -2.517037 -2.272812 -10.340677
9.029661 -8.026364 15.068839 19.051579 -15.283607 19.156523 -13.860183 -8.503496 -8.929051 -25.633614
9.517130 -16.746668 27.033566 25.816343 -18.648819 25.003849 -14.269897 -15.361058 -14.316673 -32.898655
6.009156 -5.614257 5.115866 5.510606 -3.717424 4.108558 -2.179870 -2.503985 -2.046264 -8.448801
8.580109 -7.225354 11.923167 15.617633 -13.105928 14.851374 -10.913112 -7.041160 -6.822176 -21.214371
7.426728 -6.059372 7.354835 9.314187 -7.487069 8.184168 -5.746963 -4.022958 -3.846349 -13.433302
8.884958 -10.065722 15.377205 16.953558 -13.285645 16.344986 -10.787285 -9.163769 -8.401325 -23.269838
7.154560 -8.453978 10.395343 10.979575 -7.818418 9.899641 -6.084600 -5.714309 -5.591954 -15.187271
10.357311 -11.323451 36.571167 43.820320 -33.566929 47.018333 -32.704082 -17.072067 -22.113199 -53.370316
7.895959 -7.880347 11.104345 13.060702 -10.003632 12.334168 -8.375258 -6.170318 -6.224499 -18.059225
9.471210 -10.107886 19.206570 22.535191 -17.098686 23.204945 -15.966828 -10.995477 -10.960511 -30.485971
7.662167 -4.234477 7.971297 12.323920 -10.746863 11.807899 -9.246347 -4.188734 -4.516733 -17.066511
7.900886 -9.157061 11.883089 12.266850 -8.997496 11.141102 -6.789560 -6.984344 -6.365913 -17.071857
8.701406 -11.360758 18.239182 18.639908 -13.654305 18.186638 -11.240415 -9.997222 -10.393591 -24.615095
7.213014 -6.400003 7.489100 8.885734 -7.014907 7.707246 -5.159448 -3.869028 -3.863898 -12.865391
8.022594 -10.868825 14.643075 14.497251 -10.739271 13.505415 -7.833399 -8.833217 -7.486680 -19.838182
7.655438 -3.883058 9.100796 13.960645 -12.462822 13.736841 -10.621432 -4.609781 -5.037627 -19.216631
6.717751 -4.041790 5.839941 8.580449 -7.199142 7.664041 -5.924225 -2.530025 -2.867867 -12.104980
7.570250 -6.656211 7.931328 9.734916 -7.702216 8.515477 -5.825103 -4.458457 -4.097167 -13.920927
9.810509 -12.892805 22.298347 24.320637 -18.516979 23.637184 -15.685280 -12.906740 -12.885084 -31.530678
7.598630 -7.966020 9.419961 10.354960 -7.562518 9.117023 -5.621618 -5.389814 -5.126796 -14.724837
10.047181 -14.978552 30.012201 32.430630 -24.222752 33.215878 -21.817816 -16.279659 -16.971546 -41.220222
9.229571 -6.419468 17.051550 22.838654 -18.742599 24.181503 -17.815346 -8.585130 -10.141061 -30.319668
8.252423 -6.774932 15.818044 20.797621 -16.289848 21.436346 -15.741582 -8.078552 -9.528626 -27.377773
7.861474 -6.822978 9.998928 12.389770 -9.422594 11.555050 -8.010847 -5.462916 -5.662305 -17.359175
8.311161 -9.046535 13.237954 15.409059 -11.864212 14.446697 -9.768513 -7.805808 -7.599792 -20.698416
7.742375 -12.459107 18.666632 17.641708 -11.908758 17.100163 -10.135699 -10.676044 -10.275772 -23.215857
8.735836 -7.390005 12.476861 16.329065 -13.336800 15.610100 -11.476510 -7.015825 -7.391485 -22.125475
10.335526 -13.500111 23.341293 24.700779 -18.962208 24.392113 -15.662592 -13.727213 -12.974476 -32.850185
8.927415 -9.854877 16.053396 17.977924 -13.877126 17.697174 -11.806378 -9.282619 -8.973083 -24.487892
6.592634 -7.533365 8.827416 8.519523 -5.877517 7.537270 -4.230380 -4.499689 -4.319371 -12.707578
8.897293 -9.560075 14.340943 16.872026 -13.263939 15.864283 -10.686204 -8.842876 -8.118520 -22.994314
7.573459 -10.641393 13.801476 13.326192 -9.172300 12.234236 -6.902627 -8.065115 -7.372099 -18.042990
7.877550 -7.617786 9.832933 11.432879 -8.729497 10.353746 -6.805677 -5.612823 -5.296649 -16.088795
8.670683 -12.190307 19.464342 19.289429 -13.727267 19.126341 -11.828158 -11.178615 -10.562579 -25.961832
7.379838 -7.450487 8.861597 9.554536 -6.966404 8.348339 -5.002994 -5.079877 -4.593350 -13.732785
8.133526 -8.461722 11.071483 12.152202 -9.471499 11.329367 -7.081576 -5.858984 -5.953513 -17.219988
8.011806 -5.624385 10.446042 14.194160 -11.550860 14.097862 -10.470325 -5.420866 -5.979643 -19.738913
10.587503 -11.165822 33.290344 41.215355 -31.684965 43.818199 -30.996254 -16.892376 -20.500053 -50.641148
10.879925 -13.772830 27.841553 31.703588 -24.404697 32.418816 -21.996246 -15.767610 -16.030872 -40.744541
9.359144 -17.372990 30.077112 29.670456 -21.020742 29.317955 -17.135084 -16.981970 -16.258739 -37.101765
7.664948 -11.382747 16.610937 15.628246 -10.846478 15.268169 -8.962455 -9.271152 -8.781840 -21.143965
8.023773 -9.579890 13.373302 14.000875 -10.645067 13.366870 -8.509100 -7.685826 -7.196013 -19.199076
6.697677 -5.886486 6.486897 7.597804 -5.569641 6.321012 -4.167738 -3.200847 -3.145846 -11.012494
