20.507404 5.403315 30.384577 17.399130 -20.328369 -17.675663 22.462425 2.811982 -4.420803 -52.836193
20.983837 10.317708 24.775202 15.654816 -17.389763 -17.433033 21.399366 4.910417 1.292879 -48.979195
37.911877 21.290922 44.263489 31.540752 -31.329111 -36.584404 39.527374 19.169729 12.445295 -68.464355
30.715801 23.164219 33.435387 27.655565 -30.939381 -32.472977 33.593761 16.787004 12.531847 -73.369789
10.825678 -6.345235 21.330976 -4.735078 -12.312285 -3.456601 7.929434 -12.909870 -22.947866 -36.925278
9.081936 -18.401333 25.317781 -25.267969 -18.689091 6.158408 -4.596823 -23.622480 -38.110348 -16.784115
8.639097 -20.575588 26.134199 -26.172178 -19.069838 5.751651 -5.393946 -23.215858 -37.966015 -17.618700
11.494797 1.433304 12.794344 2.138265 -9.914429 -6.343216 11.213913 -6.508950 -13.472618 -47.060478
5.777110 -22.322685 19.563292 -30.238420 -14.392606 9.603526 -9.909305 -26.355438 -38.772202 -14.007174
27.011425 16.960966 36.934738 29.618603 -31.732815 -31.061781 33.546700 17.645542 11.893541 -73.450493
-0.964206 -11.929943 8.795754 -12.341206 -14.097762 4.236969 -3.027523 -15.980408 -24.007542 -38.916683
-1.825745 -8.487628 8.970479 -16.911396 -19.874104 4.366689 -4.106167 -15.449172 -24.778248 -44.223911
26.955254 10.949267 35.544392 21.802805 -22.497776 -23.862547 28.495153 8.891202 1.140200 -56.329704
-25.642788 -30.268690 -14.687470 -40.242668 19.567860 32.129608 -38.038620 -37.991257 -39.705154 12.887471
-17.962406 -29.530361 -8.352031 -39.148201 10.945598 28.765146 -29.951601 -38.895493 -42.427986 5.281276
-11.005443 -11.141376 2.395391 -16.948252 -19.726358 8.853707 -10.750987 -14.591724 -20.926432 -42.219585
-0.140629 9.013897 6.308742 8.384723 -30.701527 -9.574437 8.196875 4.191861 1.788880 -78.855797
9.101166 -23.526356 27.397894 -31.472075 -18.285213 8.637744 -8.294602 -26.286837 -41.280365 -9.611586
37.713970 20.741150 44.634037 31.629457 -31.320572 -36.592323 39.607956 19.245787 12.291143 -68.391777
16.647356 7.408091 29.323702 19.912855 -25.725803 -19.328785 23.192516 8.489100 0.772197 -62.602093
25.224966 14.398627 36.809692 25.558617 -29.599709 -25.886879 29.953327 13.311842 7.035968 -66.440407
1.349014 -8.185715 19.124533 -13.003213 -23.800079 1.959425 -1.080713 -12.586657 -23.281326 -39.697258
15.411113 -23.181726 23.918325 -23.168079 3.709493 8.111587 -1.396417 -29.683403 -42.923561 -3.762795
-16.586040 -33.421658 -6.831590 -43.327110 11.836738 30.311520 -32.676964 -41.556412 -45.578453 7.952508
-21.639442 -10.757496 -11.105154 -29.849005 -21.477556 15.531671 -22.284145 -16.401011 -21.416273 -39.466301
-6.241958 -7.347842 9.956016 -8.229230 -26.495274 3.166770 -2.979056 -6.702188 -13.370053 -52.255745
-20.873514 -15.830478 -15.138247 -42.404655 -14.314277 18.125990 -29.312302 -27.811317 -32.544449 -20.711805
12.509344 -16.392967 29.549627 -20.161009 -18.576588 2.355495 -0.292110 -20.958134 -34.442497 -19.967403
32.420036 14.337532 42.382000 27.215857 -28.238871 -30.543409 35.125084 13.924578 4.309376 -64.470444
-7.422524 -30.409065 4.530344 -43.887287 4.615115 25.625532 -26.472569 -41.041611 -48.150513 2.248070
-3.565192 -23.317947 8.145871 -37.613197 -2.021527 18.349522 -20.798639 -33.507233 -43.127502 -5.925138
26.127613 21.928040 35.227283 30.873190 -36.939713 -31.896112 33.001125 20.473934 16.859468 -79.467476
-9.915308 -26.975416 9.973629 -44.709862 -15.752242 19.882442 -25.888304 -30.885136 -44.195419 -8.190381
0.445126 10.606018 13.354283 14.915147 -31.623354 -11.619540 11.880397 8.656011 6.604208 -74.803879
33.746803 19.611477 43.743053 31.243013 -33.756195 -34.687061 37.638554 19.988552 12.879975 -70.042221
-2.373240 -22.393150 8.530305 -29.878126 -10.024852 13.825826 -13.402786 -28.392658 -36.387039 -20.569609
33.635036 18.649023 42.732155 30.657196 -31.706739 -34.413574 37.461807 19.140312 11.441932 -69.140190
33.915173 17.742752 42.241398 29.809027 -29.933451 -32.903770 36.712654 16.433809 9.110732 -67.799667
-2.100843 -21.068920 10.768380 -32.217186 -14.306563 12.818454 -13.963144 -27.742311 -38.994499 -18.196930
11.564411 10.355812 10.714382 16.580446 -16.451580 -16.592899 18.212563 6.325614 5.397118 -66.476318
6.324838 -20.000694 20.601192 -26.127857 -9.289265 9.203650 -6.978581 -24.382627 -38.061764 -13.783828
27.812946 10.228863 32.751877 18.420267 -17.520111 -22.700138 27.806005 4.964032 -2.689264 -52.233021
19.287437 17.274632 26.556189 24.419945 -29.609541 -24.835129 26.117933 14.337710 10.660485 -71.904930
-19.206400 -31.992609 -11.142939 -43.019165 24.739811 32.576485 -37.365646 -43.141975 -43.668060 15.412212
26.507660 18.954926 36.526848 29.520788 -34.250832 -30.184584 32.430023 17.238358 12.554513 -75.805878
11.607367 -14.649664 25.705193 -7.722069 -13.328341 -1.596170 5.959337 -15.043654 -26.525473 -26.082312
24.021751 11.390335 29.832689 20.943378 -21.160606 -23.021229 27.402670 9.017765 1.812396 -60.653664
-6.786388 -9.805528 9.638158 -23.290834 -27.418400 8.350332 -11.649666 -16.221664 -24.250673 -41.413551
15.109742 4.955282 24.494390 18.254202 -20.760582 -17.715721 21.093685 6.060838 -0.343717 -58.967228
13.104401 14.540619 23.168310 25.071383 -30.269512 -21.396137 22.888721 13.813931 12.088745 -74.626503
22.769699 20.711956 33.447330 29.891157 -37.454445 -29.169289 30.648029 19.371876 16.051790 -79.810921
6.339777 -20.214203 24.177052 -31.489479 -22.263880 7.332041 -8.037966 -25.451429 -43.130177 -25.514311
28.881912 8.610634 33.950188 14.476784 -19.335968 -20.895445 26.549465 2.814410 -7.570048 -51.426819
44.421604 13.544840 45.261227 21.922838 -17.333275 -31.656307 38.146988 8.480997 -2.969117 -46.003204
-18.711426 -21.750593 -9.663884 -46.186642 -12.129638 22.685696 -29.240082 -33.685650 -39.622238 -15.710035
-20.164310 -30.020626 -0.473549 -45.672649 -9.264513 26.485310 -33.262878 -32.813461 -42.619812 3.531096
13.150843 7.143983 20.172863 14.610733 -19.682558 -14.138677 17.186127 2.870698 -1.007946 -57.494392
27.978153 20.394663 38.640007 32.119095 -36.367897 -33.173622 34.846416 21.312494 16.501087 -76.791809
12.238018 -3.394507 15.009536 -1.016466 -6.576344 -4.027196 9.067986 -11.494081 -18.202618 -36.416222
-22.700825 -26.746777 -17.581858 -45.739338 15.802833 30.839790 -38.087109 -42.171562 -41.870869 1.467729
-15.524855 -26.956985 -1.069029 -40.138512 -9.072495 22.695202 -27.202133 -31.191772 -38.038647 -3.149785
7.103322 -20.363823 20.468744 -24.186680 -9.534898 7.902060 -4.873090 -25.313618 -39.424995 -18.281292
14.222654 -3.248919 16.714279 4.059563 -2.010070 -7.298573 12.318919 -8.458174 -14.873696 -32.169777
-9.765575 -6.697038 -1.198710 -12.219833 -12.405746 7.834252 -8.344912 -12.505699 -16.650621 -40.584698
6.524738 -5.082726 23.304218 -5.249974 -28.055536 -4.158441 6.013465 -7.350768 -17.943575 -52.644310
4.690724 -11.723241 15.860116 -16.963718 -13.153491 4.556917 -3.474887 -19.290047 -28.588669 -28.053999
-12.078605 -23.870621 0.788353 -45.614254 -8.185416 21.069233 -28.352987 -34.542427 -42.092690 -6.921487
-0.107179 -24.517157 19.354393 -39.553783 -16.438478 14.708886 -17.606133 -29.475838 -45.263813 -6.559527
12.174904 -1.470263 20.928066 4.131962 -14.809469 -7.653608 12.430378 -6.495565 -15.285007 -47.024410
-5.143069 -11.811947 7.517571 -16.585835 -17.600666 7.686992 -7.642612 -15.478985 -23.900192 -37.271667
8.025051 -0.959016 25.218321 9.062273 -23.568344 -9.446686 13.356615 -0.161599 -8.796857 -54.148682
