18.123903 11.882661 18.680679 -16.507061 0.914312 2.815262 -12.456676 -10.086158 6.959422 2.335605
17.930685 11.802247 18.381704 -16.297937 0.941437 2.845665 -12.392096 -10.035316 6.950635 2.397029
18.197029 11.913822 18.821110 -16.579891 0.861388 2.825244 -12.489795 -10.118005 6.956696 2.311048
17.523170 11.644724 17.892931 -15.967566 0.957909 2.837995 -12.185687 -9.838408 6.940497 2.420980
17.362934 11.679502 17.845093 -15.763454 0.808573 2.806326 -12.061063 -9.834731 6.836053 2.428727
3.447058 4.426833 0.544020 -4.823180 1.875612 4.343625 -6.334721 -4.550092 5.442073 3.989748
0.544320 5.825604 -0.931811 -1.495342 -1.071972 2.901335 -2.390491 -2.784372 3.511573 2.229743
15.455509 10.905701 15.885419 -13.874190 0.814637 2.843489 -10.619629 -9.078462 6.158264 2.365728
13.228429 9.666809 12.918585 -12.211800 0.649417 2.992589 -9.930780 -8.081350 6.338237 2.743839
-0.253012 2.163958 -3.585013 -2.868133 2.673448 4.754157 -5.501107 -2.657055 5.875121 4.587319
-3.556098 0.159775 -7.036978 -0.527475 2.319847 4.659419 -3.850017 -0.960554 5.584745 3.876741
14.181251 10.287099 14.148956 -13.213030 0.976514 3.118413 -10.384645 -8.664698 6.397383 2.633599
17.874668 11.767936 18.341965 -16.335245 1.100558 2.854726 -12.312738 -9.952612 6.960463 2.337892
-3.539027 1.339768 -7.546895 -0.655879 1.894386 4.427818 -4.084470 -0.627517 6.121511 4.379236
17.936142 11.844599 18.406698 -16.379400 0.976508 2.857316 -12.382719 -10.061957 6.924828 2.360529
-2.440651 2.948357 -4.963609 -0.467044 0.453043 3.432789 -2.535186 -1.163601 4.418376 3.386071
14.335378 9.762969 14.402681 -13.014976 1.355436 3.268936 -10.289830 -8.723487 5.899604 2.788426
1.413162 3.758897 -1.911835 -4.250668 2.280935 4.508772 -6.249022 -3.301434 6.338696 4.998160
18.281120 11.957932 18.948727 -16.645519 0.924217 2.765296 -12.494474 -10.106320 6.922272 2.283432
13.285312 9.505471 13.201174 -11.885595 0.870630 2.964165 -9.548033 -8.203918 5.547281 2.749113
18.140129 11.909250 18.743870 -16.544096 0.889513 2.815552 -12.463859 -10.102699 6.964574 2.323231
0.541332 3.306036 -3.326560 -3.410952 2.358200 4.737968 -5.640872 -2.787322 6.219635 5.012998
16.234077 10.558228 17.111238 -14.347020 0.781262 2.878147 -11.061822 -9.386900 6.184339 2.015118
-5.271186 -0.014090 -10.002442 0.411993 2.192265 4.673892 -4.012455 -0.083789 5.802195 4.102358
-4.114944 0.426917 -7.923194 -0.486146 2.381657 4.827549 -4.039052 -0.771362 6.060458 4.341802
17.521322 11.633041 17.925743 -16.008280 0.973884 2.893951 -12.177016 -9.887406 6.925000 2.433118
17.911196 11.741323 18.369688 -16.291677 0.915586 2.850297 -12.354721 -10.002288 6.978572 2.390321
17.386488 11.533688 17.663040 -15.820816 0.930226 2.922613 -12.132427 -9.838857 6.951550 2.488204
18.262600 11.928755 18.854801 -16.612837 0.908898 2.818290 -12.507783 -10.157808 6.949064 2.327187
15.797551 10.635405 16.024809 -14.441998 0.777164 2.952670 -11.249856 -9.131497 6.701976 2.473893
18.217281 11.935548 18.806946 -16.586275 0.909667 2.829112 -12.488592 -10.148213 6.943048 2.331924
13.069694 9.396250 12.671574 -12.145153 1.102090 3.069978 -9.971763 -7.981033 6.294065 2.777563
-1.549824 3.378381 -3.761400 -1.082901 0.520378 3.571427 -2.830822 -1.805151 4.783982 3.539037
18.237135 11.940831 18.833290 -16.616526 0.873249 2.819389 -12.532086 -10.160139 6.979779 2.320522
18.132126 11.892824 18.701679 -16.528442 0.932406 2.811223 -12.460383 -10.074510 6.971721 2.330717
12.130961 9.159264 11.628115 -11.467501 0.768760 3.095736 -9.601504 -7.614679 6.259612 2.892678
18.451590 12.034039 19.111485 -16.754469 0.867132 2.777073 -12.571504 -10.240000 6.937534 2.293368
-2.648285 0.258073 -5.540363 -1.381884 2.487969 5.000578 -4.498660 -1.650019 5.992269 4.362024
-1.647095 3.273013 -3.929143 -0.843012 0.317816 2.978619 -3.114006 -1.774473 4.253749 3.054682
-2.545636 2.597589 -5.387672 -0.815665 1.043234 3.839927 -3.318501 -1.070792 5.354505 3.966612
16.950434 11.336048 17.210258 -15.462879 0.871692 2.883494 -11.925529 -9.630178 6.925255 2.480415
-2.806493 1.907982 -6.347181 -0.394515 1.182562 3.828892 -3.393302 -0.759250 5.017942 3.669443
18.215593 11.954258 18.848289 -16.570089 1.018354 2.726369 -12.360370 -10.082850 6.868444 2.285110
-4.130277 0.935525 -8.423439 0.212118 1.490555 4.221648 -3.650287 -0.374436 5.360827 3.866366
-2.949414 1.846893 -6.221881 -1.139269 1.812858 4.474767 -3.541458 -0.968372 5.702155 4.569875
-0.410595 4.008140 -2.902571 -2.194904 1.009741 3.869104 -3.842485 -2.057434 5.294864 4.494316
-4.181491 -0.510965 -7.801901 -1.209122 3.173136 5.386800 -5.463507 -1.405240 6.347275 3.753864
16.089222 11.254929 16.834572 -14.460478 0.757896 2.722344 -10.851204 -9.232274 6.262332 2.250199
-4.301364 1.464327 -8.029614 0.144005 1.259574 4.113445 -2.856850 -0.358764 5.452395 3.904162
11.990322 9.078429 11.288295 -11.000785 0.755906 3.064626 -9.344594 -7.602423 6.082996 2.977731
9.676965 8.489120 9.051429 -8.823153 0.351553 3.213140 -7.792585 -6.875522 5.166581 2.735618
16.959900 11.439399 17.205114 -15.458595 0.898124 2.912523 -11.922446 -9.696777 6.881278 2.523917
-1.832649 2.232862 -5.166048 -1.578283 2.033806 4.682805 -4.028897 -1.684584 5.974755 4.679813
15.140662 10.638396 15.279187 -13.680177 0.576671 2.885463 -10.770350 -8.884063 6.509059 2.435472
18.101620 11.897425 18.704895 -16.490898 0.898408 2.815051 -12.421163 -10.069098 6.940910 2.307205
17.445936 11.674356 17.968658 -15.804634 0.807239 2.804486 -12.054623 -9.842446 6.851690 2.325333
-4.185527 0.293237 -8.668543 -0.435437 2.392935 4.650996 -4.191507 -0.656140 6.504580 4.361670
11.809097 9.280775 11.246153 -11.175657 0.840378 3.142492 -9.404630 -7.603099 6.101937 3.168874
18.053574 11.935036 18.723511 -16.478327 0.890603 2.800361 -12.348029 -10.094162 6.911885 2.262248
4.436175 5.613220 2.598238 -5.361815 1.146503 3.631403 -6.137685 -4.403882 5.280653 3.798538
3.532130 5.384174 3.042916 -4.391490 0.553087 3.625900 -4.918855 -4.823644 4.398619 2.938904
-4.958562 -0.426755 -9.087845 0.305908 2.042666 4.893562 -4.101674 -0.369226 5.515881 3.956286
17.837353 11.683664 18.248768 -16.139475 0.869921 2.885417 -12.323341 -10.052606 6.988818 2.409721
-3.573946 1.266166 -6.852332 0.116873 1.098536 3.953696 -3.055216 -0.513514 4.158799 3.116482
10.613261 7.974504 10.036952 -9.857773 0.771472 2.956588 -8.622761 -6.892256 5.458253 2.550587
17.321112 11.621088 17.823441 -15.792027 0.916304 2.829095 -11.948658 -9.796906 6.764574 2.325462
-2.924750 2.471903 -5.801768 -0.556709 0.762787 3.740399 -2.842620 -0.865447 5.123990 3.759040
-3.370517 2.970622 -6.123680 -1.209190 1.425973 4.764586 -2.833713 -1.372532 5.652358 4.411523
-3.132042 1.070228 -7.448155 -0.971623 2.130408 4.660577 -4.410084 -1.030716 6.539868 4.453650
-5.537171 -0.745248 -10.256240 -0.233152 2.883490 5.208754 -5.174661 -0.278379 6.023428 4.196744
-3.766295 -0.630118 -8.511177 -2.069157 3.820333 5.892763 -6.105364 -1.433949 7.373483 5.400756
17.959980 11.859079 18.474791 -16.355675 0.970945 2.820341 -12.353850 -10.034673 6.930731 2.374457
