-12.076610 13.425989 -13.671316 -11.686402 -20.464323 11.955897 15.860886 -7.829455 -9.169556 14.016474
-10.195084 13.156100 -12.796000 -9.511861 -16.809435 10.432877 13.540426 -6.024393 -7.110245 13.593311
-19.962616 17.850143 -17.639059 -20.942230 -34.987709 18.093462 25.256207 -14.041271 -17.030546 19.105385
-16.473377 15.830527 -15.610146 -17.022127 -28.619581 15.408068 20.809902 -11.303290 -13.442948 16.814947
-8.567956 12.375523 -12.265371 -7.485946 -13.696931 9.265623 11.628464 -4.376128 -6.061142 12.966070
-4.926441 10.576920 -10.760513 -3.934787 -6.771195 6.255015 7.956268 -0.914506 -2.841841 11.129254
-4.995804 10.586103 -10.647422 -3.695842 -6.668277 6.302539 7.681510 -0.775637 -2.807701 11.058069
-9.001431 13.239205 -12.568949 -7.838302 -14.416183 9.672408 11.803354 -4.383057 -6.010562 13.573107
-4.770015 10.206614 -10.240632 -3.666647 -6.577683 6.081290 7.268947 -0.546384 -2.158371 10.390452
-18.926985 17.124720 -17.145298 -19.700613 -33.008572 17.278479 23.943918 -13.103498 -15.803962 18.253870
-5.825644 10.963102 -11.228399 -4.725605 -8.726811 7.471292 8.648138 -1.636839 -2.833869 11.284897
-6.085279 11.091520 -11.164753 -5.023205 -9.082531 7.338038 9.075044 -1.898435 -3.900850 11.641396
-14.280313 14.670376 -14.656956 -14.326221 -24.497269 13.811138 18.433908 -9.762843 -11.503830 15.580405
-4.946621 9.806246 -9.584358 -3.648265 -6.920127 5.918848 7.413582 -1.580512 -3.018564 10.417492
-5.034753 10.366532 -10.565580 -3.922076 -7.077082 6.561847 7.697672 -1.149000 -2.705395 10.708105
-6.449849 11.853176 -12.055484 -5.179454 -9.289990 7.899549 9.507841 -2.008282 -3.768713 12.382114
-8.596043 12.127872 -12.228424 -7.848492 -13.937006 9.431072 11.396749 -4.422942 -5.579813 12.430202
-4.975496 10.862923 -10.674488 -3.857055 -6.662578 6.256698 7.706916 -0.515810 -2.666537 11.098082
-19.956324 17.867037 -17.669224 -20.957827 -34.977848 18.081627 25.261475 -14.025696 -17.031351 19.102449
-12.919120 13.853690 -14.172346 -12.811515 -22.079210 12.704392 16.727652 -8.490515 -9.858978 14.576118
-15.698739 15.378591 -15.282136 -15.997806 -27.044676 14.845382 19.921957 -10.791485 -12.788937 16.327734
-7.002182 11.850422 -11.883281 -5.991756 -10.804372 7.983612 10.243429 -2.852920 -4.700736 12.289261
-5.122979 10.509218 -10.140644 -4.027848 -7.324795 6.073237 7.712857 -1.355499 -2.875708 10.939053
-4.543157 9.579123 -9.465654 -3.493241 -6.524714 5.816850 6.924107 -1.018858 -2.154231 9.867347
-5.003483 10.481216 -10.451483 -3.926457 -7.209834 6.463783 7.710278 -1.117851 -2.909278 10.804161
-6.746309 11.611682 -11.432658 -5.767519 -10.106713 7.831928 9.447694 -2.188160 -3.956625 11.725739
-5.027178 10.389135 -10.293436 -3.865518 -6.683909 6.381385 7.557081 -0.901217 -2.804132 10.717005
-5.465078 11.084805 -10.984342 -4.451616 -7.826233 6.704443 8.437387 -1.202039 -3.249950 11.428251
-17.590977 16.306402 -16.543190 -18.049639 -30.395449 16.075169 22.032080 -11.968181 -14.427519 17.420980
-4.907564 10.400006 -10.407949 -3.687504 -6.840502 6.218016 7.508856 -1.107307 -2.820480 10.947969
-4.876077 10.199348 -10.568781 -3.523963 -6.590901 6.135097 7.837337 -1.218160 -3.225487 11.118249
-17.938505 16.484718 -16.469799 -18.470037 -31.159649 16.421766 22.555098 -12.398127 -14.888513 17.648521
-5.013969 10.567797 -10.493080 -3.693594 -6.801597 6.308159 7.678645 -0.817597 -2.998451 11.206711
-11.799943 13.381773 -13.528690 -11.375016 -19.839602 11.830098 15.212499 -7.400081 -8.915436 14.006761
-19.961002 17.864552 -17.667004 -20.925360 -34.978367 18.097895 25.257769 -14.018408 -17.022272 19.098726
-4.656775 9.733612 -9.876988 -3.544406 -6.576552 6.112809 7.036256 -0.916639 -2.366561 10.025896
-19.657633 17.627922 -17.461332 -20.583326 -34.382931 17.849852 24.813280 -13.758301 -16.633814 18.852547
-19.335686 17.429838 -17.410641 -20.121721 -33.683865 17.520700 24.400625 -13.505302 -16.292929 18.671810
-4.970197 10.650465 -10.895039 -3.697199 -6.769219 6.423170 7.814813 -0.811520 -2.777474 11.175694
-11.189898 13.105425 -13.397958 -10.389374 -18.372467 11.247116 14.082211 -6.750386 -7.625556 13.750552
-5.258998 10.732843 -10.554541 -4.033600 -7.521906 6.404911 7.766823 -1.068728 -2.924072 10.927269
-13.464261 14.092560 -14.058995 -13.355792 -23.090170 12.909738 17.464281 -8.958179 -10.557083 14.858961
-16.308716 15.527051 -15.737823 -16.576948 -28.159197 15.243730 20.534409 -11.083920 -13.202499 16.571745
-4.712128 9.308807 -8.982283 -3.630565 -6.771595 5.512553 6.767180 -1.665226 -2.973511 9.736537
-17.609467 16.330120 -16.378782 -18.052731 -30.530020 16.160013 22.172606 -12.093258 -14.575300 17.490749
-6.405885 11.778623 -12.217175 -4.975909 -9.149314 7.877650 9.333265 -1.793403 -3.584287 12.411145
-13.523154 14.305098 -14.456959 -13.251090 -22.661608 13.053717 17.014441 -8.667399 -10.111360 15.068239
-5.628501 11.047426 -11.006637 -4.567257 -8.041758 6.853379 8.665959 -1.482796 -3.549467 11.533246
-12.297541 13.321140 -13.905869 -11.970234 -20.712440 12.015013 15.647551 -7.591543 -8.913894 13.904957
-14.196798 14.509018 -14.753836 -14.111563 -24.188246 13.690579 18.063776 -9.429681 -11.089849 15.339653
-17.632671 16.367435 -16.307089 -18.224239 -30.658266 16.246073 22.187441 -12.146372 -14.606042 17.545879
-5.130737 10.828116 -10.813281 -3.889931 -6.926695 6.443204 8.026585 -0.783427 -3.069703 11.379428
-11.092924 13.433107 -13.220319 -10.337387 -18.422426 11.250653 14.342558 -6.857529 -8.155466 14.088039
-13.603422 13.767090 -13.304165 -13.907720 -23.541269 12.695029 17.453039 -9.029914 -10.713995 14.615074
-4.511373 9.659620 -9.688144 -3.602947 -6.442759 6.005292 7.032978 -0.888533 -2.448282 9.916920
-4.825525 10.475944 -10.681413 -3.589566 -6.577066 6.226774 7.733584 -0.788245 -2.863240 11.079051
-12.400119 13.821230 -13.866237 -11.915954 -20.956831 12.320107 16.039007 -7.938978 -9.344755 14.561125
-19.548843 17.523623 -17.375412 -20.367226 -34.155163 17.736120 24.668089 -13.684653 -16.570011 18.799404
-9.739538 13.013950 -12.825730 -8.757292 -15.979157 10.246812 12.925387 -5.681518 -6.846519 13.670980
-5.096729 10.126726 -9.577110 -3.769113 -7.144799 6.108094 7.375496 -1.599438 -3.138738 10.696980
-4.345057 9.468821 -9.738063 -3.365128 -6.116532 5.825348 6.829425 -0.601899 -1.967145 9.812093
-5.229389 10.774885 -11.135810 -3.851568 -7.356474 6.750240 8.191994 -1.129269 -3.176576 11.483152
-9.187731 12.718104 -12.539548 -8.112735 -14.934159 9.812926 12.156103 -5.023042 -6.097021 13.128584
-6.697563 11.828703 -11.622105 -5.573265 -10.347039 8.046866 9.490235 -2.354830 -4.127436 11.986792
-7.032597 11.630459 -11.241482 -6.344528 -11.141590 7.870743 9.903995 -2.697194 -4.638234 11.735091
-6.342301 11.319178 -11.464864 -5.152380 -9.422118 7.570385 9.295809 -2.392517 -4.252960 11.962534
-4.912760 10.369049 -10.310188 -3.489829 -6.569550 6.079697 7.504799 -0.780771 -3.103095 11.170185
-4.912791 10.653584 -10.638405 -3.703368 -6.674785 6.079582 7.782295 -0.724785 -3.030417 11.282975
-10.262654 13.237507 -13.351704 -9.453635 -17.037333 10.731989 13.858562 -6.067137 -7.370223 13.745887
-5.776721 11.251462 -11.349891 -4.542097 -8.202582 7.102199 8.825874 -1.315323 -3.405643 11.763241
-9.953946 13.049597 -13.258999 -9.196574 -16.503592 10.498780 13.555552 -5.734087 -7.057750 13.462732
