1.432555 -6.571646 -3.853893 3.292273 -12.523135 -11.932386 1.510712 0.020309 -10.562198 5.831042
3.889392 -8.330493 -3.216754 4.318757 -8.814498 -4.225972 4.344792 7.831077 -5.900760 -1.829908
12.844376 -13.776175 -7.782344 7.575014 -11.427691 1.073397 9.513358 19.650789 -0.903525 4.695661
3.927522 -5.686969 -4.033823 4.347896 -12.920058 -14.030664 10.789289 4.360282 -14.555367 3.598874
13.713360 -14.970786 -8.538779 8.561300 -11.727208 0.224491 11.480156 21.351637 -1.731399 5.017631
18.722391 -18.649540 -10.483009 11.454404 -12.302457 6.810890 14.579822 28.277527 0.896769 2.378997
9.732096 -11.035661 -5.984985 7.552844 -10.622247 -3.057564 15.936975 18.055685 -7.499624 -2.961980
1.929501 -6.348719 -3.834896 2.477215 -11.749694 -9.175222 0.532018 0.342378 -7.621996 7.947623
12.322742 -13.288149 -7.685771 6.710191 -10.757881 3.174448 8.646344 18.122396 0.700656 5.147578
7.897410 -10.988232 -5.705290 6.975517 -12.239097 -6.640478 14.901359 14.800720 -10.927345 -3.965531
1.250483 -6.325366 -2.309399 3.403349 -11.865050 -13.094305 5.021900 1.397218 -13.547618 -3.589538
1.199345 -6.172232 -3.990887 2.121141 -12.821296 -10.825436 0.207671 -1.848251 -9.286518 7.674099
3.241617 -8.989009 -3.523523 4.410285 -12.061141 -11.271105 4.035787 5.149482 -10.949470 -0.021464
13.026582 -14.491004 -7.138362 8.447862 -9.489604 4.333356 10.506434 21.358999 0.003463 1.991105
3.573294 -9.631001 -3.033485 6.022635 -12.914652 -15.376242 7.840574 6.968219 -15.884168 -3.946275
3.245643 -7.710620 -1.948418 5.880816 -11.106286 -15.761769 5.306140 5.081755 -14.880119 0.222319
12.967953 -13.148883 -7.790533 7.283956 -10.886971 0.689628 11.103717 19.679071 -1.551451 5.157118
13.161638 -13.564542 -8.092681 7.350764 -10.609244 3.387235 10.770155 19.450947 -0.331147 3.693932
10.639613 -13.552429 -6.382658 6.445678 -9.833642 2.960552 9.803220 17.192766 -1.366021 -0.857626
1.524578 -5.782284 -4.794944 1.601339 -14.070971 -12.515175 -0.534619 -3.149688 -10.506673 12.162410
5.351631 -9.736217 -3.816606 5.958971 -11.670289 -9.756178 8.181514 8.349911 -11.367666 0.115995
4.471921 -8.378957 -3.227319 5.862975 -10.447709 -9.728317 9.458546 9.574353 -11.856961 -3.617591
14.662686 -15.485649 -9.013165 8.608914 -12.434052 1.420069 13.532670 22.415869 -2.573855 3.671093
1.037695 -4.704949 -4.243361 2.062086 -11.929922 -10.109245 1.213347 -2.654881 -9.342853 9.851823
1.819649 -6.324981 -4.533085 2.716969 -13.239116 -11.677509 1.031377 -0.812346 -10.272367 7.971976
9.382572 -12.093904 -5.439816 6.385772 -8.925384 1.917383 6.759603 15.308775 -1.506819 -0.702179
5.559498 -9.633198 -4.218703 5.166265 -10.586041 -6.030455 8.302988 10.461543 -7.892766 -1.785654
-7.495855 10.225966 3.398656 -1.815963 -5.323830 -23.042421 32.895844 -9.858869 -34.977001 -21.324736
6.478684 -7.908919 -3.784669 6.232985 -9.315402 -5.675804 14.857455 12.828882 -10.490811 -5.082812
18.797445 -18.968760 -10.447007 11.626203 -11.938994 8.696225 13.355882 27.933493 2.076801 1.763391
2.210342 -8.111185 -3.245249 4.244780 -12.628250 -11.937037 5.582437 3.732931 -12.399130 -0.792549
7.676622 -11.161194 -5.105673 6.984862 -11.137141 -5.337215 11.572804 14.003089 -8.812862 -2.219327
17.627775 -18.219534 -9.831977 11.476207 -11.679982 5.104247 14.510266 28.015570 0.023934 1.660530
13.354685 -14.917763 -8.164250 8.391444 -9.983491 7.510805 9.607011 20.764332 1.707601 1.897309
4.363810 -8.568226 -3.097584 2.782265 -7.010384 2.262668 4.685626 7.040538 -1.249493 -2.775216
5.089858 -9.803458 -3.521610 4.784118 -9.445086 -3.691211 4.575003 9.039938 -5.054189 -0.944162
3.157776 -6.189542 -4.559438 1.403097 -12.236733 -8.004522 0.430488 0.667524 -6.112978 10.715197
0.989986 -4.823044 -4.643766 2.209214 -12.216961 -10.106191 0.518995 -2.064361 -8.949386 12.212779
1.289506 -7.060305 -3.508600 2.908791 -13.036855 -11.516145 0.152943 -1.165015 -9.939210 5.900907
14.769049 -15.911510 -8.274875 9.913088 -10.187750 4.785691 13.317578 24.269760 -0.722270 -0.270464
5.268492 -8.723598 -4.192505 4.170911 -9.614415 -3.812465 6.375396 8.951534 -5.320540 0.625985
1.941530 -5.714006 -2.117735 3.375207 -10.000690 -11.419327 7.130047 4.144289 -11.657057 -4.092022
3.554401 -8.851699 -3.068527 6.183547 -11.922920 -13.342114 8.854201 7.191085 -15.154105 -3.953199
3.434804 -7.129317 -1.716028 6.010937 -10.436290 -14.613808 11.666387 7.212317 -17.457979 -8.209662
8.989989 -10.777160 -5.753835 7.123775 -10.993969 -4.502038 15.249056 15.884919 -8.777459 -3.344812
8.768624 -10.619893 -4.850809 6.525473 -8.896863 -1.869641 9.448031 15.358869 -4.363685 0.366543
15.912920 -16.273706 -8.887918 9.982409 -10.979188 5.839510 13.855518 24.541470 -0.601353 0.370603
1.308433 -6.111643 -3.558406 3.083453 -11.600641 -11.001756 0.020521 -1.022244 -9.004389 8.383348
9.841730 -11.126647 -6.905125 5.137543 -11.581361 -3.643875 6.988544 14.512642 -1.537831 9.843385
3.315339 -8.673352 -2.811209 5.927026 -11.382783 -12.684853 6.290481 6.042177 -13.340495 -2.088376
17.127726 -17.807972 -9.615752 11.171703 -11.206943 7.574600 13.556017 26.638868 0.658131 0.070440
1.568383 -7.102028 -3.763773 3.763016 -13.220569 -12.998414 1.613126 0.453376 -11.670535 3.881912
12.748796 -14.033391 -8.099753 8.181518 -11.442431 1.264047 13.278197 20.243158 -3.379130 1.958555
4.005258 -8.125800 -4.104876 3.556565 -8.914479 -2.213838 4.989761 5.459151 -4.447285 1.008423
2.187634 -7.792769 -2.589102 3.035830 -10.262547 -8.095545 2.489075 1.484938 -8.558975 0.391548
3.595589 -9.774447 -3.650491 5.591597 -13.809325 -14.915937 6.139160 5.798258 -14.534678 -0.469672
1.845930 -6.534398 -3.971007 2.637705 -11.855350 -8.656512 2.463029 0.766267 -8.183651 5.297918
2.450356 -7.557437 -2.419563 4.466512 -10.930482 -12.753804 4.758482 3.997634 -12.512184 -2.839456
2.015201 -7.497306 -3.183468 3.556684 -10.959832 -8.379498 4.049847 3.074961 -9.230853 -1.425589
6.744201 -9.839204 -4.610699 4.999664 -9.615176 -1.216311 7.242443 11.246691 -4.363110 0.082671
6.238997 -9.077509 -4.899206 4.294036 -8.801220 -0.309585 4.721388 9.062756 -1.645584 4.987538
7.935023 -10.226027 -4.865503 5.583457 -8.219470 1.913314 9.450765 14.494444 -1.380547 0.226655
18.720156 -18.807552 -9.850104 12.008752 -11.617208 7.335313 13.187131 28.574709 1.587564 1.810900
11.871455 -13.609859 -7.452498 7.462513 -10.599830 1.643583 8.937569 18.531235 -0.716219 4.171144
9.643221 -11.824805 -5.600961 7.462286 -10.173285 -1.726365 13.627693 17.482574 -6.742281 -3.596651
14.836134 -16.235682 -7.969504 10.242058 -9.986991 6.764324 13.034170 24.259371 -0.458495 -2.637297
1.403161 -6.651031 -4.517190 2.874293 -13.645997 -12.007836 0.141067 -1.827087 -10.363692 8.739568
6.333944 -10.155534 -4.058137 4.652573 -9.055741 -1.240536 6.526013 11.758576 -3.736648 -1.738705
