10.340758 5.065517 -18.875553 -35.310734 -16.941334 -6.620838 -17.105984 -13.883668 5.244612 -22.331640
-5.244706 4.063879 -11.537305 -32.738152 1.780699 -14.869152 -0.086470 -19.948095 7.444340 -3.828877
-20.464392 -24.017809 -5.424902 -31.865395 10.893336 7.730583 26.886757 1.291084 -5.339064 1.919679
-20.012691 -25.627851 -4.899057 -29.420200 9.980308 3.690796 21.242329 9.699903 -0.683484 0.904633
-20.705269 -33.362720 -5.373866 -27.275213 9.021416 18.949852 31.231401 12.520688 -12.624619 -1.179596
-5.441643 -1.315825 -15.321094 -35.188583 0.478733 -10.056747 0.847412 -14.891269 5.126544 -7.044254
-14.174569 -28.938765 -8.769063 -28.093622 3.165028 18.146544 20.647644 17.500154 -11.260972 -8.629622
-16.063616 -17.000782 -4.361834 -26.766253 8.472226 7.668803 21.988094 0.409038 -5.803082 1.045178
4.182729 0.097655 -19.639380 -35.308014 -10.268962 5.545174 -3.122426 -13.767037 -6.289989 -17.978006
-5.090328 -3.787762 -13.648011 -36.854553 -0.414794 -11.374867 0.962444 -11.867458 5.303534 -6.238198
-4.998275 -15.921385 -16.316124 -36.750805 -8.071366 -2.957270 -4.575963 9.744134 5.186676 -22.715540
-16.655622 -22.942236 -2.300259 -28.011404 8.190464 8.597701 20.508587 9.449570 -4.489846 -1.271785
-2.934923 -12.807186 -19.043251 -37.345806 -5.071593 15.034777 10.756371 -5.724208 -9.666062 -17.098852
-3.199988 -25.682161 -24.479595 -30.718548 -6.276945 34.272976 18.311520 6.476323 -24.205231 -20.728336
13.361462 10.849840 -15.131028 -32.116631 -17.627419 -4.768243 -19.666286 -17.796255 4.434890 -23.675148
0.255044 -13.582747 -22.387079 -31.010195 -7.171459 23.072683 10.861585 -4.980791 -18.038363 -17.952772
-21.587599 -39.833462 -2.817721 -21.872585 10.068519 28.103130 36.084572 20.592920 -19.057461 -1.698519
-27.379747 -45.356480 5.201311 -18.110960 16.027603 26.571732 39.820976 29.391205 -20.160475 4.680927
10.601748 7.756859 -16.398449 -34.122688 -14.507106 -4.339958 -14.769776 -17.832945 3.247870 -20.283562
-24.391954 -22.195726 -2.153209 -31.664091 14.247761 0.796709 26.438015 2.537581 -1.257759 6.569938
4.579577 -1.289657 -22.027157 -38.605633 -12.428110 -7.217506 -11.554823 -10.473922 4.299835 -21.096401
-32.601315 -47.607342 4.243088 -24.016840 19.400982 21.555828 45.687847 24.021214 -16.311100 8.241721
-28.058836 -40.142982 3.105583 -24.334917 16.936890 21.131271 41.744221 18.875149 -13.755858 4.851462
-0.557171 1.618785 -16.664228 -34.975117 -3.858381 -10.346989 -4.627056 -15.619278 5.355041 -10.224995
9.156300 9.571808 -16.577335 -30.267637 -12.666951 -7.737212 -15.148629 -19.271048 3.242159 -18.345995
-11.647423 -22.189491 -24.244793 -44.211880 -1.939254 -1.288114 8.106370 4.032259 0.110238 -13.981449
-7.844002 -27.633711 -19.766050 -28.782974 -1.727901 33.508190 23.247120 7.853148 -24.442928 -14.798924
12.211100 7.186936 -16.219069 -26.570158 -18.293341 -2.384647 -18.017361 -13.379924 0.910492 -25.035805
-4.203584 -4.443419 -17.972019 -39.547821 -1.177815 -11.758648 -0.503672 -14.131773 5.810061 -7.878416
9.031932 9.118563 -16.432930 -34.629417 -11.906493 -6.126904 -12.233959 -21.345520 3.215352 -17.895414
-7.605831 -15.847643 -18.350449 -34.791573 -1.905757 13.100319 13.134783 -2.367611 -12.381706 -10.422276
-2.360229 -18.943655 -29.543770 -41.787540 -10.829871 -6.334509 -6.413933 6.182497 3.661281 -20.965052
-35.150700 -56.214714 7.160847 -17.033453 21.494408 30.407143 52.504101 31.953329 -24.245296 9.575109
-5.376359 -6.817025 -19.139952 -38.817726 -1.306958 -14.978949 -2.011506 -11.040291 9.228216 -8.722615
-20.060217 -25.949171 3.666887 -21.592501 12.465080 8.860996 25.166676 14.999497 -5.495938 3.620919
-3.901376 4.797295 -12.336335 -35.383450 1.519174 -15.959902 -0.047139 -23.750334 8.537745 -3.143919
12.475883 5.686328 -20.693726 -39.362122 -18.770580 2.813517 -15.045639 -15.826070 -0.716097 -27.858114
-1.432115 -14.969204 -22.628078 -35.760551 -5.815649 25.807266 14.180327 -5.265200 -13.664183 -23.386900
11.754027 8.446087 -15.858119 -31.424284 -15.056128 0.798707 -12.399989 -19.458998 0.879336 -20.274719
-2.734413 -14.396679 -15.799229 -36.891449 -8.627929 -5.175135 -8.243029 11.417284 4.120667 -15.785692
-9.271455 0.998946 -11.193524 -35.266510 3.657676 -7.984390 9.394300 -20.000837 4.583622 -1.814761
-0.937716 6.894208 -8.897896 -27.237989 1.682721 -14.761924 -5.011596 -22.828501 7.241527 -1.905268
13.207239 10.591734 -20.137028 -35.859730 -17.596657 -5.159627 -17.864855 -20.541485 2.756647 -22.995461
-5.030197 -19.002695 -22.026188 -32.780380 -3.785601 26.999523 17.627522 -2.459941 -21.866432 -15.180521
13.784992 7.779681 -19.262112 -32.333851 -18.338291 -0.158963 -16.583796 -16.267584 0.245384 -24.614624
-32.466763 -53.429226 3.470299 -21.467482 17.862564 25.720329 45.427959 31.604448 -20.250443 6.651347
-23.020714 -25.032866 2.914276 -25.999346 15.051266 3.880123 27.622301 8.154863 0.860060 5.001724
-23.251904 -31.049856 0.044262 -22.235710 14.123615 2.890560 27.642115 7.825057 -2.209565 7.422740
-5.529363 -18.730721 -16.222641 -27.437098 -2.588508 18.599434 13.766132 0.426981 -12.026073 -13.687276
-1.908449 -13.065548 -25.282639 -35.678677 -7.138093 9.826767 6.140726 -5.887268 -7.521132 -16.918110
0.948421 -28.076174 -28.928671 -35.891079 -14.245304 18.811188 0.284135 17.050861 -10.276567 -30.638704
-16.658161 -18.092276 -7.111480 -27.983675 7.999013 3.754674 19.910511 -1.915398 -4.434155 1.693724
-17.783518 -33.489601 -5.474288 -25.653677 6.675424 25.815472 28.540176 18.696444 -17.750343 -4.821449
-7.108474 -19.340620 -19.583685 -36.863682 -3.087390 20.130810 15.034817 2.403012 -15.180330 -16.747566
11.284708 2.986016 -12.644223 -28.295298 -17.559601 3.563296 -15.727564 -4.989237 3.176888 -28.970589
2.104242 -11.438878 -30.997993 -41.282253 -10.818825 12.330322 2.959388 -8.712609 -12.912821 -22.748468
6.098661 -17.295811 -34.065590 -39.159248 -17.133404 17.842751 -2.769117 2.884407 -14.383109 -30.472136
4.672943 -0.235180 -16.855047 -31.012678 -9.544096 -4.594509 -8.693047 -9.883415 1.164150 -13.620224
-19.722765 -37.354092 -2.308163 -25.792318 8.058580 16.485386 25.320580 25.323185 -10.958790 -2.654315
12.960596 10.210731 -17.232460 -35.333649 -17.700258 -2.766330 -17.672241 -19.178549 2.406198 -24.773968
-3.843308 -14.532076 -14.805911 -29.496893 -3.628654 19.638908 12.001814 -0.127962 -11.682480 -14.984248
-13.592909 -15.131995 -1.259619 -25.574495 6.545206 9.864231 17.493317 1.890357 -3.953438 -4.747933
-36.066639 -55.890285 8.141055 -18.874821 21.983219 21.454021 48.237595 33.093704 -18.413177 11.026758
-31.060251 -50.915863 5.909846 -18.877523 18.061398 26.758770 46.035080 29.126326 -20.137072 6.528363
-26.997923 -54.561539 0.982366 -15.686232 14.520574 36.794865 46.138702 33.007275 -28.184521 2.068827
-7.438045 -28.123562 -19.465919 -41.965767 -8.285737 -4.336022 -5.851478 25.846994 5.746647 -20.164076
-6.142531 -22.053888 -19.757074 -40.234085 -7.090290 -8.919359 -4.943510 14.429399 8.147371 -17.339811
9.523620 5.288139 -16.491308 -29.879038 -14.004259 -7.034677 -15.253196 -14.631717 4.995112 -20.977621
