22.833260 47.746231 4.061958 -0.128754 -8.118452 6.238528 37.377636 -20.362522 0.999125 15.752826
12.136633 38.020786 8.308403 5.471968 -12.339122 0.139126 21.075706 -9.491380 -6.428144 7.143722
39.644577 54.043591 -6.013917 -6.730645 -11.272442 25.445921 60.519127 -34.741127 12.814381 28.195505
15.198360 41.513824 6.814107 3.025465 -8.484516 1.664988 25.793707 -13.560625 -5.740003 9.233577
17.019588 44.669567 7.278409 3.223091 -12.595258 2.963381 30.178747 -14.171510 -2.115875 11.184279
-8.970119 31.156666 23.290056 18.503700 -21.475225 -19.843481 2.485846 10.133920 -19.918036 -10.010345
-10.152578 32.657726 24.636187 19.433538 -23.247290 -21.695883 1.684137 11.746081 -21.733452 -11.502028
13.096071 41.443508 9.374458 4.560276 -10.877217 -0.261498 24.749420 -10.489356 -4.745378 8.040385
-10.002380 29.160248 23.280079 18.504770 -20.888670 -20.290546 1.100124 11.240313 -20.471203 -11.346660
38.052277 54.087185 -4.859251 -6.504269 -8.758563 22.242086 58.556194 -33.179916 11.975410 26.633490
-7.789171 31.874664 21.654295 17.460526 -19.119917 -17.985559 4.440083 8.844003 -18.386681 -9.477992
-10.250563 32.566463 24.571877 19.674353 -21.752977 -20.623810 2.589081 10.774268 -21.437698 -11.078637
32.410767 51.675739 -1.139059 -5.245720 -7.941061 16.898890 51.677559 -29.085987 9.748311 22.738720
-11.510717 29.563883 23.840117 19.369356 -21.858286 -21.723101 0.085319 12.330337 -21.777754 -12.563067
-10.764599 29.620182 23.739269 19.260298 -21.794729 -21.230684 0.934449 12.225383 -20.909029 -11.891296
-10.642601 29.876720 23.921652 19.210331 -20.972357 -21.160429 1.267244 11.704376 -21.294140 -11.853085
25.305229 51.591969 3.719900 -1.387472 -5.633723 7.293344 42.216480 -22.645668 1.967724 17.257267
-10.715820 32.730450 24.818171 19.848270 -23.700016 -21.823759 1.346002 11.981112 -21.918612 -11.675658
39.853863 54.487270 -5.950188 -6.829987 -11.412945 25.523119 61.077480 -34.839565 13.079019 28.277658
8.993773 44.041904 14.526377 8.679791 -12.681123 -6.158208 23.338116 -7.632966 -9.521179 4.370226
32.046394 51.124413 -1.157276 -4.760433 -8.423669 16.429312 49.515385 -28.819740 8.286530 22.939806
-9.279205 33.997501 24.683245 19.626360 -22.147112 -20.612268 3.209645 10.216966 -21.791145 -10.074022
-9.042419 32.672863 23.442213 18.915340 -22.474245 -19.075460 4.064842 10.173226 -19.361942 -10.153772
-11.224380 32.966320 25.725922 20.449747 -23.908529 -22.915747 1.053620 12.418658 -23.033268 -12.290723
-10.801214 32.745625 25.346827 20.240374 -22.115013 -22.328440 0.907561 11.308670 -23.306782 -11.754188
-9.274504 31.039583 23.428793 18.425085 -21.193521 -20.037642 2.377036 10.378087 -20.347420 -10.844872
-9.791405 30.795801 23.806688 18.830627 -20.950073 -20.807890 1.755076 10.771741 -21.322128 -11.120562
-6.220061 34.558819 22.274405 17.815104 -22.520327 -17.762056 5.793685 8.177850 -18.896019 -7.447671
37.648956 53.234188 -4.333663 -6.859800 -9.161598 22.392454 58.571163 -33.066120 12.664848 26.798294
-11.415392 31.996159 25.315460 20.348606 -23.149172 -22.539745 1.118925 12.353693 -22.274132 -12.220629
-10.996309 29.703310 23.730104 19.122988 -21.079538 -21.113546 0.910205 11.521476 -21.164330 -11.942855
38.346348 53.743248 -5.219301 -6.322929 -9.051796 23.019779 57.722462 -34.028435 11.151775 27.339907
-10.896435 32.172665 24.667204 19.730835 -23.152529 -21.987494 1.146412 11.980964 -22.209316 -11.956586
24.308750 48.359398 3.450766 -1.002635 -4.826110 7.339497 38.037037 -22.560093 1.644358 16.752337
39.308548 53.849003 -5.731685 -7.065521 -11.068614 25.126112 60.801697 -34.266705 13.721670 28.005003
-9.311221 31.322464 23.826420 18.515556 -22.500175 -19.743269 2.838593 10.671805 -19.888065 -10.801619
39.165642 53.508213 -5.476078 -6.748904 -10.683153 24.733547 60.300823 -34.228584 13.156428 27.811090
37.070213 53.235065 -4.131901 -6.495303 -8.704046 21.513044 57.477283 -32.435368 11.670012 26.181452
-10.646475 31.048985 24.471478 19.495955 -22.194008 -21.496771 1.520457 11.786556 -21.341398 -11.786317
19.492136 44.336983 5.990537 0.235357 -5.124010 3.202167 34.054661 -15.981206 -0.638086 11.649217
-9.665469 33.035671 24.443865 19.114197 -23.344114 -20.682116 2.201022 10.898938 -21.023527 -10.763352
27.960184 50.459648 1.161856 -3.627200 -5.796054 11.242847 45.187450 -25.119486 6.049173 19.433241
35.519424 52.086224 -3.134445 -5.995934 -6.519941 18.903547 54.672985 -31.043606 10.433187 24.792316
-11.157198 32.153786 24.625095 19.738537 -23.491692 -22.175871 1.081429 12.452249 -22.141863 -11.997235
37.240631 53.672306 -4.310733 -6.318506 -7.904417 21.067274 56.703983 -32.830826 10.859918 26.425005
-8.748188 30.081802 22.256788 17.794785 -21.126427 -18.563204 3.351907 10.082369 -18.546392 -9.983208
23.155376 48.761372 4.743295 -1.346991 -5.447475 6.946851 39.785194 -21.109383 2.731192 15.714272
-9.808828 31.767208 23.889242 19.256735 -21.692009 -20.649433 2.025033 10.647874 -21.117138 -10.664629
29.731627 49.581722 0.026852 -4.554170 -4.724683 12.659781 48.125362 -25.881886 7.336625 20.066439
31.166218 49.015694 -2.288471 -4.232791 -4.695182 14.460405 46.749050 -27.676451 6.248871 22.162683
32.665165 51.273098 -1.447556 -4.900767 -8.310218 17.094862 50.447201 -29.301130 8.958580 23.359484
-10.938290 31.299986 24.384724 19.669271 -22.234615 -21.422434 1.325747 11.559256 -21.489098 -11.890090
28.210423 51.117359 1.041724 -2.416214 -10.639887 12.718768 44.638550 -25.737421 5.643040 20.423101
38.311840 52.629322 -5.110415 -6.775934 -10.547644 24.051310 59.182163 -33.531548 13.276156 27.510248
-10.691711 31.135771 24.788561 19.780636 -22.296186 -21.593817 1.084592 11.542117 -21.765667 -11.559340
-11.471378 32.063782 25.168449 20.377842 -23.355186 -22.713717 0.654296 12.488936 -22.760929 -12.479545
22.843771 47.045528 3.948562 -0.572680 -7.478986 7.047230 36.964340 -20.201857 2.285582 15.636501
39.339298 53.787701 -5.912728 -6.654750 -10.063398 24.504457 59.871807 -34.429214 12.424664 27.792271
13.333284 45.466328 11.424395 6.476940 -10.613413 -2.645102 27.096964 -11.746285 -6.982203 8.035590
-10.571276 31.779840 24.131687 19.367546 -22.773993 -21.599283 1.197664 11.892497 -21.815567 -11.496702
-9.840698 29.822437 23.598829 18.654997 -21.797472 -20.422361 0.902461 11.144799 -20.761482 -11.001830
-9.695290 31.985806 23.652630 19.225264 -21.575500 -20.102285 2.786039 10.527633 -20.500835 -10.835526
-4.820723 32.234207 19.478836 16.170801 -19.001291 -15.315771 6.949160 6.819818 -16.201462 -6.187960
-8.649738 33.645256 23.640146 18.867748 -19.913294 -19.907398 2.995154 9.447373 -21.496565 -10.381955
10.758032 43.006477 11.836844 8.405695 -14.337700 -2.972967 23.469227 -8.716556 -7.895925 6.178952
-7.812193 32.979141 22.628439 18.201618 -21.429087 -18.343943 4.454681 9.073503 -19.878128 -8.794758
-10.555578 29.824173 23.948530 19.074104 -21.810223 -20.982092 1.418873 11.671323 -20.634640 -11.722707
-11.223432 31.643566 24.587099 19.898291 -22.800283 -22.020975 0.967994 12.115861 -22.034767 -12.098294
11.725373 44.562443 12.190134 7.144205 -12.196370 -3.891559 25.298193 -9.882487 -7.873973 7.051074
-6.034311 35.079998 22.459213 18.258886 -20.427240 -18.358904 5.715401 7.786315 -20.369583 -7.970775
13.581055 43.637894 9.603111 5.900572 -12.509673 -1.351137 26.899725 -10.227750 -4.485707 8.335210
