-17.284628 -10.277625 -5.319550 -12.835802 8.244728 2.675665 6.957411 -17.184820 -17.228640 1.400415
-18.106556 -10.405374 -5.997974 -14.119510 7.658300 1.830064 7.935630 -17.437719 -17.824667 0.663419
-16.738363 -10.053925 -5.183776 -12.539839 7.373555 2.402676 6.879058 -17.489264 -17.264235 0.999885
-15.612245 -9.540864 -5.112864 -11.054921 7.731392 2.320095 6.099023 -15.407651 -14.551242 1.795097
-17.035242 -10.329456 -5.197349 -12.390324 8.269136 2.868579 6.640165 -17.372030 -16.812263 1.639711
-16.930288 -10.198513 -5.132159 -12.776083 7.206002 2.314306 6.936769 -17.706116 -17.141651 0.991449
-18.725035 -10.870335 -5.686019 -14.028925 8.750847 2.771844 7.527319 -18.363874 -18.065580 1.391601
-16.051111 -9.777356 -4.849906 -11.895481 7.253727 2.392773 6.692420 -16.925264 -16.747360 1.086979
-15.272072 -9.370530 -4.589453 -11.082376 6.840260 2.189510 6.339264 -16.000877 -15.296340 1.204038
-17.897352 -10.568057 -5.670036 -13.580050 7.929438 2.334107 7.377705 -17.942303 -17.686892 1.099586
-17.674814 -10.186471 -5.466531 -13.291605 8.145777 2.321060 7.388549 -16.884449 -17.004538 1.196879
-14.822889 -9.105431 -4.517392 -10.787189 6.735049 2.012346 6.335751 -15.447583 -15.317054 1.085655
-16.853933 -10.083838 -5.291544 -12.471943 7.762244 2.589204 6.692570 -17.203413 -17.094580 1.301539
-18.339806 -10.963284 -5.299537 -13.831262 8.412151 2.834127 7.560804 -18.874325 -18.587225 1.181290
-17.662123 -10.422911 -5.540677 -13.117278 8.486346 2.861014 6.943777 -17.514866 -17.218088 1.547859
-17.687521 -10.385421 -5.626128 -13.375277 8.398637 2.653012 7.260559 -17.497042 -17.764330 1.334278
-15.360097 -9.541961 -4.823806 -11.581916 6.873002 2.555494 5.954275 -16.949455 -16.273933 1.129663
-16.403593 -9.902724 -5.445789 -12.210792 7.145057 2.155437 6.637835 -17.070074 -16.609011 1.110467
-17.981998 -10.274561 -5.860638 -13.689117 7.915146 2.046606 7.634835 -17.104342 -16.995560 0.985944
-11.022435 -6.970614 -4.324521 -7.891956 5.228735 2.083077 3.858818 -12.554998 -12.195225 1.348761
-17.190207 -10.315901 -5.586589 -12.790922 7.973879 2.640411 6.806754 -17.422922 -17.329010 1.382258
-18.654753 -10.764628 -5.664354 -14.026508 8.645652 2.686769 7.659901 -18.010450 -17.968313 1.311472
-16.325300 -9.756402 -5.478547 -12.086557 7.287257 2.436223 6.438050 -16.905237 -16.424101 1.285720
-16.138725 -9.789677 -5.327664 -11.705238 7.788939 2.280879 6.639750 -16.324080 -16.114241 1.506588
-15.397725 -9.440594 -4.715253 -11.268404 7.129387 2.229935 6.468343 -16.142914 -16.130671 1.161589
-18.668421 -11.037116 -5.658261 -14.424479 8.467995 2.896095 7.540192 -18.938313 -18.780672 1.130037
-17.664412 -10.326279 -5.886685 -13.096931 8.284930 2.619899 6.967720 -17.232494 -17.118757 1.421175
-17.241270 -9.876896 -5.557961 -12.835789 8.163514 2.250411 6.974689 -15.883441 -15.485133 1.401971
-18.404764 -10.648030 -5.537043 -14.007741 8.685310 2.855959 7.264607 -18.109274 -17.971556 1.418268
-17.632330 -10.488419 -5.371846 -13.458087 7.497535 2.264136 7.467512 -18.021046 -17.595943 0.847113
-16.915159 -10.039538 -5.194667 -12.397908 7.744088 2.376014 7.034079 -16.965834 -16.711031 1.233447
-18.392818 -10.734091 -6.018901 -13.902927 8.425999 2.597303 7.284667 -17.874353 -17.643759 1.320095
-16.873693 -10.128831 -4.983717 -12.143635 8.465397 3.237176 6.366586 -17.239555 -16.486998 1.827323
-18.204910 -10.810218 -5.545482 -13.743990 8.106679 2.564920 7.408780 -18.256708 -17.899755 1.104448
-17.669014 -10.474669 -5.232458 -13.485704 7.658707 2.389379 7.469553 -17.637682 -16.959639 0.952250
-17.716913 -10.379779 -5.531189 -13.260109 7.959467 2.363147 7.414105 -17.625311 -17.557241 1.079543
-10.568997 -6.778207 -3.266083 -7.642735 4.325692 1.414235 4.592115 -12.402315 -11.696064 0.740942
-13.024116 -8.138181 -4.856520 -9.318422 6.411421 2.389459 4.814086 -14.465880 -14.041559 1.498143
-16.148724 -9.638140 -5.080206 -11.568344 7.887551 2.385757 6.546632 -15.734817 -15.521070 1.500990
-18.623354 -10.887488 -5.794821 -14.092530 8.579329 2.800970 7.532885 -18.344843 -18.241411 1.277666
-15.666480 -9.569587 -4.928129 -11.452652 7.177975 2.292773 6.422486 -16.479010 -16.297491 1.151614
-16.629778 -9.749684 -5.299261 -12.152637 8.200079 2.514493 6.569899 -15.981789 -15.363966 1.587885
-17.391991 -10.040986 -5.593280 -12.902244 8.290113 2.625906 6.861775 -16.573778 -16.454332 1.394812
-18.089586 -10.371200 -5.898786 -14.144635 8.119239 2.335431 7.712406 -17.461052 -17.844397 1.035273
-18.070375 -10.638062 -5.735310 -13.832501 8.336052 2.680178 7.316416 -17.752371 -17.763302 1.286175
-18.108709 -10.771268 -5.745255 -13.746923 8.413120 2.933002 7.073606 -18.511332 -18.357092 1.434695
-17.632280 -10.576132 -5.596373 -13.776892 7.434633 2.285260 7.344069 -18.529179 -18.328140 0.763908
-15.827453 -9.685846 -4.746082 -11.313695 8.395120 2.933819 6.308968 -16.044874 -15.606235 1.836656
-12.767856 -8.201690 -4.263296 -9.108289 6.505267 2.637269 4.618550 -14.705034 -13.977164 1.485337
-17.671818 -10.331443 -6.059916 -13.552692 8.033914 2.516288 7.244584 -17.387590 -17.686726 1.208891
-18.912142 -11.116817 -5.986357 -14.566403 8.378561 2.727126 7.614148 -18.769001 -18.424360 1.159002
-17.340212 -10.260479 -5.334035 -12.810507 8.239611 2.552270 7.068536 -17.267658 -17.242052 1.337048
-17.448824 -10.402351 -5.459893 -12.978251 7.872487 2.462728 7.181489 -17.687500 -17.478207 1.166273
-17.247168 -10.138607 -5.318911 -12.644572 8.345587 2.452755 7.143884 -16.698751 -16.148283 1.457504
-17.478071 -10.270646 -5.603133 -13.343156 7.929016 2.216755 7.574999 -17.265162 -17.627453 1.031879
-17.814201 -10.416932 -5.600371 -13.344399 8.361489 2.742392 7.093083 -17.521526 -17.519667 1.366499
-16.854771 -10.143527 -5.127347 -12.558438 7.583810 2.383026 7.036819 -17.519829 -17.437769 1.087488
-18.322855 -10.741802 -5.486999 -13.919411 8.347689 2.486103 7.728699 -18.244959 -18.253000 1.129167
-17.959970 -10.444514 -5.768692 -13.504017 8.162411 2.221923 7.515777 -17.463614 -17.462812 1.184364
-16.216349 -9.785384 -5.230247 -12.315062 7.091204 2.249778 6.609984 -16.980082 -16.663221 1.052421
-16.207052 -9.767808 -5.199724 -12.235260 7.048650 2.243263 6.660028 -16.866199 -16.534195 0.986871
-17.859037 -10.602969 -5.542219 -13.405152 8.585123 3.044479 6.960416 -18.172590 -17.646730 1.491965
-17.620064 -10.857757 -4.901930 -13.275966 8.115271 3.062053 7.214953 -18.837784 -18.225359 1.155080
-17.605391 -10.484292 -5.319683 -13.047110 8.012396 2.607708 7.080844 -17.842012 -17.526901 1.230014
-18.522989 -10.684756 -5.773380 -14.265429 8.362038 2.436271 7.791444 -17.864702 -17.948534 1.108045
-19.092802 -11.031523 -5.741336 -14.785955 8.363501 2.563245 7.939192 -18.686037 -18.603445 0.975477
-18.142088 -10.691192 -5.658758 -14.048306 8.359576 2.662824 7.493475 -18.234362 -18.324026 1.168137
-18.736584 -11.182738 -5.430335 -14.251180 8.609587 2.970255 7.586342 -18.976582 -18.487528 1.320806
