-6.475425 6.443887 5.514679 6.414021 5.437922 1.588111 5.663004 -8.772169 4.706749 -2.727107
-9.805427 9.431708 6.941370 9.510162 7.679459 2.312640 7.527021 -11.413905 9.043851 -3.280602
-13.641228 11.090033 7.545276 14.509278 4.280601 1.811276 4.433678 -12.992682 15.399613 3.012277
-6.903417 6.756696 6.012930 8.059327 4.051120 1.181555 4.415446 -9.160930 6.820446 -0.831928
-13.028317 10.159879 7.639319 14.100460 4.340458 2.497965 5.114904 -12.045620 14.744409 1.913725
-15.456096 12.593918 8.194823 17.127850 3.179220 1.674631 3.523428 -14.579952 18.934809 5.462231
-12.458861 10.182702 7.714509 13.164575 5.926964 3.058782 6.642014 -12.185506 13.551986 -0.182082
-7.761997 7.711084 6.279217 8.490947 2.035181 1.137077 2.359586 -8.897452 7.830194 2.688412
-12.583032 11.015334 8.073510 14.469443 2.269286 1.497501 2.559028 -12.190687 15.392913 4.929612
-12.165813 10.401464 7.403112 12.782825 5.233409 2.480375 5.427040 -11.920903 13.112611 0.675132
-6.286674 6.767448 5.872772 6.130669 6.318036 1.369594 6.201645 -8.965989 4.413563 -3.686947
-5.213185 6.582929 5.551426 6.076650 0.314091 -0.403225 0.211923 -7.679145 4.846350 3.703133
-8.577689 7.840205 6.201581 9.090893 4.806240 1.141568 4.900786 -10.135596 8.225024 -0.483555
-14.392584 11.007749 7.808302 15.139900 3.733511 2.870995 4.686175 -12.651096 16.389338 3.114645
-9.254134 7.723619 6.591050 9.806083 5.617416 2.602616 6.413326 -10.169972 9.203688 -1.821262
-8.069674 7.201489 6.127038 8.084736 5.913571 2.149779 6.420173 -9.661636 6.951524 -2.426199
-13.811473 11.239063 7.131741 15.541389 0.958642 1.201837 1.593792 -13.192349 17.643740 7.228580
-13.518008 11.597669 7.797318 15.267215 3.661674 1.103653 3.473228 -13.579728 16.112871 4.484545
-12.312243 10.543292 7.898668 12.911326 6.538670 2.825754 6.819614 -12.398921 13.043902 -0.789865
-5.314320 6.728187 5.307820 7.333678 -1.940918 -1.508162 -2.244092 -8.215627 7.147200 7.580936
-11.107476 9.285434 6.850880 11.697256 5.905699 1.920687 5.841789 -11.848096 11.695468 -0.297114
-10.227420 8.725429 7.044813 10.431239 6.673609 2.892818 7.301280 -10.908462 10.130746 -2.511842
-13.491148 11.320464 7.394357 14.978844 4.001647 1.122482 4.029323 -13.591599 15.733649 3.682707
-6.708905 6.962152 5.776742 7.380749 3.732969 0.720568 3.663518 -9.175978 5.811592 0.441824
-5.711353 6.698087 5.838846 6.453712 1.924364 0.254093 1.973387 -8.236956 4.819754 2.299890
-13.163046 9.906194 6.750943 13.457415 4.895043 2.422408 5.617204 -11.879953 14.227181 1.057928
-9.917378 8.410148 6.747462 10.481579 6.813357 1.985233 6.879158 -11.367211 9.877777 -2.229561
-6.687613 6.506120 5.957148 7.595137 6.069579 2.069037 6.770957 -9.277987 6.301496 -4.095549
-12.136138 9.253863 6.914664 12.590426 5.858057 3.174503 6.935678 -11.465039 13.039868 -0.858852
-15.290306 12.506129 8.362999 16.582361 3.948547 2.293224 4.277655 -14.198546 18.159582 4.247664
-7.705294 7.888337 6.713253 8.331905 4.439311 1.339522 4.387636 -9.663280 7.387479 -0.314932
-12.035555 9.741688 7.294755 12.766865 6.611257 2.851832 7.104189 -12.227830 13.061696 -1.090183
-14.835671 11.118944 7.730798 16.224430 3.367893 1.933413 4.318522 -13.393489 17.693195 4.049462
-14.180989 11.510832 7.981575 15.220205 4.862989 1.991376 5.015004 -13.423859 16.183802 2.706234
-12.573159 10.559686 7.664685 13.273012 4.454835 2.532498 4.928215 -11.857593 13.939281 1.666648
-10.572616 9.265541 6.979392 10.756294 6.114691 2.293093 6.293429 -11.249715 10.567882 -1.287852
-6.088282 7.499405 5.240087 8.145515 -2.613046 -0.800654 -3.101410 -7.577409 8.764779 8.270776
-5.817898 6.854340 5.362610 7.706743 -1.035414 -0.742620 -1.198201 -8.841968 7.429559 6.878894
-5.578134 5.597740 5.276741 5.934676 4.736881 0.777813 4.712839 -8.189569 4.037539 -2.515409
-14.656316 11.268139 7.912027 15.498632 5.405939 2.650172 6.070276 -13.480371 16.596785 1.658571
-10.680341 9.329719 6.834695 11.463917 3.430437 1.343719 3.545667 -11.090541 11.414303 2.234509
-5.961878 5.815050 5.568931 6.546872 4.941635 0.999557 5.428936 -8.362913 4.927709 -3.013449
-8.916664 7.513924 6.397632 9.550063 6.786020 2.529401 7.493533 -10.457234 8.650527 -3.458587
-9.579169 8.269228 6.428535 9.741838 7.617176 3.253085 8.379132 -10.777237 9.235381 -4.005688
-11.007579 8.756499 6.603899 11.195935 6.866264 2.858981 7.193090 -11.370551 11.149894 -2.282197
-13.428864 10.298163 7.306131 14.430829 4.492172 2.131074 5.091204 -12.747434 15.284259 2.373366
-15.081702 12.302299 7.622578 16.335945 3.634989 1.370153 3.832872 -14.512664 17.985554 4.932913
-5.507062 5.139513 4.786798 5.826706 3.344705 0.926144 4.280280 -7.612959 4.234084 -1.320313
-10.717465 9.654301 6.537978 13.054222 -1.145103 -0.086364 -0.352052 -11.291871 14.552711 8.399851
-9.604295 8.525827 6.556046 9.989174 7.270964 2.329764 7.365179 -11.240670 9.399984 -2.704175
-15.122721 11.832116 7.894457 16.114504 5.603158 2.563251 6.141592 -14.138120 17.356516 1.987822
-6.197442 6.288980 5.653162 6.365818 4.057446 0.988530 4.419278 -8.561454 4.731694 -0.836228
-13.767212 10.995906 7.873707 14.563921 5.123343 2.214146 5.363015 -13.181025 15.459516 1.988373
-7.428268 6.876874 6.074196 7.900809 5.804302 1.715733 6.153981 -9.414133 6.512636 -3.075417
-6.902742 7.139204 6.108475 6.707413 6.107306 1.467983 5.860175 -9.300481 5.135226 -2.645214
-9.318038 8.003265 6.554580 9.552120 6.705059 2.682292 7.288381 -10.546888 9.016757 -2.957165
-7.919403 7.973307 6.413504 7.976916 4.312344 1.185865 4.225554 -9.588658 6.812570 -0.019957
-7.880520 7.610998 6.339365 7.700618 5.917290 2.009629 6.096405 -9.302747 6.695293 -2.504520
-7.375868 7.607024 6.653131 7.499688 7.067039 2.145044 7.080515 -9.797407 6.201564 -3.713035
-12.963777 10.779492 6.898221 14.146868 3.657966 1.417486 3.812503 -12.989607 14.896702 3.586038
-12.177448 10.437080 7.003241 13.663939 2.800332 0.952661 2.654149 -12.439035 14.238057 4.499167
-13.901404 10.537952 7.173744 14.752284 4.032713 1.706605 4.794136 -12.927342 15.660090 2.612561
-15.558257 11.663656 8.012111 16.717434 2.147611 2.705584 3.429209 -13.220405 18.876413 5.512046
-12.145673 9.904288 7.389571 12.847182 4.801932 2.268612 5.281205 -11.593753 13.168674 1.093389
-12.781199 10.185737 7.191926 13.132704 6.583809 2.983676 7.261353 -12.413446 13.675075 -0.984222
-14.728380 11.261182 7.857322 15.270655 5.484560 3.142855 6.358888 -13.106688 16.515375 1.353852
-7.208450 6.946323 5.719349 7.124137 5.850311 2.283504 6.329463 -9.174121 5.791431 -2.686490
-13.508760 10.360925 7.628702 14.023044 4.780210 3.234035 5.710367 -11.816428 14.907597 1.207435
