-12.602644 -0.727208 3.788159 0.398890 -3.728269 -11.541424 1.863912 -1.919939 1.333318 2.045472
-8.629955 -5.335764 -5.742361 -3.237131 -4.329005 3.622108 1.512172 -4.124604 -1.759875 -11.675191
-0.008438 2.928919 -13.848689 6.031844 -8.000999 1.985772 -5.784066 3.348628 -7.758432 -15.472104
-11.096701 -4.741931 -6.086255 -6.610163 -5.047097 -12.076451 1.671101 -9.915882 -2.078508 -8.092273
-3.526963 3.949360 -14.400975 -0.961799 -7.777889 -6.007610 -6.380479 1.820945 -6.770355 -15.718721
5.744613 2.569642 -17.460749 1.576624 -8.868809 -4.773304 -4.239969 -1.787228 -10.342736 -21.349590
-0.550776 1.065508 -9.395967 -8.434569 -5.519805 -2.414291 -0.833530 -0.199779 -4.903509 -15.547220
-10.750389 -0.610989 -6.230730 7.168670 -6.309156 1.358760 -3.537392 2.382608 -2.562582 -6.319918
3.649450 -1.370230 -12.242341 5.580974 -6.397839 -4.479323 -0.264785 -6.820110 -7.051449 -14.778650
-6.792603 2.538281 -11.336922 -7.423783 -6.248631 -5.128363 -2.883529 -1.385219 -4.705891 -12.840966
-14.516621 -4.284823 5.178880 -2.432722 -4.838642 -0.912510 1.463120 6.167590 5.834742 1.181061
-14.165502 -0.074153 2.812874 3.539288 -4.911304 -4.167075 2.904931 0.205592 1.773114 1.110075
-13.014091 1.037744 -6.089846 8.578485 -7.663070 2.690911 -3.206043 3.336108 -2.085174 -6.254436
0.868146 5.261741 -12.428599 -0.094363 -7.188923 -4.586020 -2.671882 -0.160960 -8.371410 -16.842279
-9.355630 4.008834 -5.620079 -0.597960 -7.308425 6.753559 1.173564 1.370859 -0.890103 -10.358725
-13.134271 28.849905 3.563180 3.060497 -11.614695 -6.730148 5.651710 17.121668 1.817751 -5.384265
-3.750597 2.498270 -12.459645 0.253349 -5.924509 -7.969930 -6.296368 2.854079 -7.950431 -10.961738
0.584412 -5.157335 -11.108850 1.894107 -5.666837 -0.711518 -1.354538 -4.888074 -5.606908 -14.965835
1.582983 1.897345 -12.637284 -0.487088 -7.343184 0.421638 -1.883808 -3.831597 -6.257315 -18.265673
-19.502237 -1.727899 1.220172 18.829514 -3.881003 -14.240624 -2.804005 3.663087 -4.944051 8.488469
-9.569173 0.420008 -9.296411 3.302037 -6.479992 -0.243257 -6.162608 4.738780 -3.990555 -7.899353
-4.895875 0.411554 -8.325223 -4.569859 -5.887677 -1.119757 -4.184371 3.123394 -1.983979 -10.987387
-1.277378 2.099446 -13.896368 3.412438 -7.873727 -1.991629 -3.230261 -1.839167 -8.462223 -16.566570
-10.609524 -2.732686 3.788473 6.657444 -3.388629 -8.146232 2.613631 -3.121434 0.648572 1.934530
-15.457019 -3.990252 -0.174371 9.162419 -5.378456 -5.242309 -2.395111 2.108816 -0.009064 2.311774
7.952277 0.322336 -7.373839 -0.001238 -4.606088 -1.116161 0.992805 -2.756654 -4.203036 -15.089955
-6.305039 0.280447 -9.300813 -4.143779 -6.472089 -2.395729 -3.065856 -0.722621 -3.140043 -10.879778
-9.549932 -3.271646 5.333601 -33.376720 -4.613371 -7.761598 8.425869 8.514764 9.725760 -3.752387
0.966410 -0.291485 -9.173692 -8.031523 -6.185434 -2.485381 -3.789093 3.269397 -0.969493 -13.508655
8.657900 1.654708 -17.503241 5.185306 -9.133776 -2.825102 -5.164630 -3.057807 -10.166507 -21.478310
-15.817403 -3.357778 -3.539501 8.465271 -6.604902 2.721246 -2.753932 2.866231 -0.000252 -3.117205
-6.655901 3.047603 -11.192154 0.363169 -7.901053 0.816733 -3.994988 2.114197 -4.142562 -12.044722
6.310792 7.124711 -16.907824 2.622461 -9.002369 -3.234641 -6.013175 1.742396 -10.589190 -21.344872
6.085199 0.772350 -9.944982 7.770242 -6.632076 0.933695 0.522945 -6.211041 -6.287739 -18.597769
6.578540 -4.750652 -4.342175 -0.068500 -1.265139 -3.487338 2.463531 -4.607672 -2.732627 -9.398963
-5.262733 1.269186 -5.633147 -2.168285 -5.322735 3.139972 4.126913 -6.747151 -2.830963 -11.978967
-13.462857 -6.455241 -8.116085 19.741434 -4.774317 -1.304020 -1.398474 -8.752948 -7.399480 -5.386905
-6.904463 15.583728 0.411806 15.002199 -5.609080 -30.700914 5.140697 -2.353325 -3.329118 2.970506
-13.883350 -1.484785 4.621661 5.074239 -5.813171 0.273648 4.259958 1.214895 2.840029 1.128758
9.513689 4.945281 -15.567600 0.220243 -8.308163 -3.806229 -6.338227 -0.181448 -8.935020 -20.088694
-0.796407 3.832405 -6.318745 -6.504246 -4.738389 -6.685847 2.923950 -4.057152 -3.331656 -10.920547
4.049539 -4.107468 0.352305 -2.013725 -2.772119 -12.452310 4.755340 -3.788473 1.784543 -5.349978
-7.930817 21.627504 -4.213989 -4.546131 -12.166580 4.969983 7.244090 0.589888 0.456325 -14.795199
-7.729442 -1.630253 -5.718247 -6.755001 -6.768590 5.576225 -0.781312 2.851207 0.259835 -10.962632
-3.840332 -2.043905 -10.698215 -11.250343 -6.127476 -4.595192 -4.910208 2.036898 -3.843894 -14.527490
-3.154277 3.742141 -11.520817 -0.943920 -6.652835 -3.192920 -5.439432 3.152496 -4.784338 -13.037033
1.754588 3.828828 -15.233789 -0.104763 -8.241484 -5.363796 -6.681850 -0.221013 -8.005706 -16.655804
-5.771283 9.819102 7.767800 4.760380 -4.324049 -11.435666 7.750081 0.325689 2.118690 -1.878304
-4.830433 4.011450 -12.357922 5.290247 -5.882821 -8.601383 -5.757351 1.697602 -7.408288 -9.567891
-8.575510 9.550623 -3.682360 -2.102000 -7.606086 0.977346 4.342596 -1.146884 -2.184126 -10.558166
9.859654 2.537306 -15.844258 0.930335 -8.570264 1.875687 -5.729769 -0.041526 -7.718148 -21.589371
-12.097760 -2.618181 3.060713 6.256888 -6.364008 7.486462 3.129519 2.660639 4.083999 -1.710765
-3.718654 -2.348533 -12.993552 -1.793569 -7.118006 -2.926121 -5.234312 1.131893 -6.114753 -13.127627
-2.594477 -1.289802 -4.234728 0.771878 -3.241026 -1.878759 0.826937 -3.780628 -2.986761 -9.394341
-4.253954 -0.807621 -3.183310 1.219943 -5.138965 -1.297867 2.687339 -4.001126 -1.161148 -6.475558
-13.331025 14.218634 -0.960222 0.285782 -11.176645 8.105269 9.682111 1.152647 2.404305 -9.460561
-9.248778 -3.788208 -4.845756 4.013941 -4.280419 -9.728032 -3.041397 -5.183630 -2.555436 -3.121471
-11.265263 2.858716 -3.877420 0.494968 -4.348488 -3.837521 -1.391625 3.341659 -1.660139 -5.266955
-4.885028 1.327347 -3.971247 -2.393275 -5.991111 -0.116490 3.232586 -4.004894 0.083525 -9.351246
-5.642887 1.923097 -9.661077 5.061483 -6.606554 2.583388 -2.604110 0.390316 -5.022291 -11.379375
0.667982 -1.346968 -6.235666 2.707724 -3.496543 -7.101185 0.112045 -3.947881 -4.458278 -8.445636
5.059371 4.403235 -8.372075 -2.142154 -4.001386 -6.582376 -2.124556 2.150588 -5.370502 -11.745391
8.533567 0.894414 -18.418407 0.673045 -8.463122 -3.006857 -6.305816 -2.721769 -10.333671 -22.716782
-1.054765 1.843496 -9.958467 3.710399 -6.011674 -1.428829 -0.187267 -4.984719 -6.266885 -14.900245
6.073329 6.981346 -12.500000 -4.810293 -9.107155 -0.107304 -2.068031 1.826580 -5.827882 -20.396000
19.629997 -2.367057 -16.231180 -0.124079 -8.316349 4.031312 -5.089405 -2.378747 -5.079610 -23.757748
-14.202629 4.230395 3.747247 6.109796 -5.088862 -2.481501 6.119495 -1.373727 2.463020 0.934482
0.655605 3.724750 -10.462808 -3.179827 -5.868925 -1.557354 -0.409398 -0.768441 -5.837378 -15.589589
