2.781071 0.535507 8.712942 7.407969 -2.259272 3.711650 5.607478 7.018580 7.453899 -6.437336
3.289517 0.208730 7.960348 6.634370 -2.064301 3.469941 5.229322 5.781167 6.524303 -6.416326
13.108637 -3.902700 15.377254 13.394844 -4.374660 8.265721 10.534375 8.654753 13.294247 -23.353447
10.380039 -2.622861 13.431321 11.645948 -4.008759 6.945189 9.317798 7.911582 11.484608 -18.648190
15.090540 -5.117579 16.486582 14.158593 -4.765663 9.064766 11.303317 8.354018 14.145947 -26.056828
3.201705 0.581675 7.858118 6.818796 -2.119812 3.422463 5.225303 6.082542 6.813186 -6.253740
11.809896 -3.280507 14.880557 12.944546 -4.423700 7.761821 10.210417 8.485923 12.708359 -21.233072
14.091422 -4.503866 15.971681 13.614012 -4.335191 8.631219 10.792068 8.495517 13.500767 -24.479914
6.776814 -1.218929 11.336365 9.834637 -3.039252 5.460553 7.710815 7.484909 9.632623 -12.615583
7.149468 -1.358553 11.420459 9.761603 -3.116391 5.452746 7.751252 7.563932 9.741499 -13.579897
7.038065 -1.199051 11.373597 9.774906 -3.258733 5.458313 7.940583 7.688414 9.962432 -12.926180
11.802222 -3.274568 14.673965 12.484570 -4.223244 7.531180 10.094107 8.331165 12.429703 -21.139368
9.740002 -2.286809 13.765018 11.734902 -3.701371 6.806209 9.419345 8.402378 11.898422 -17.881536
12.510330 -3.828266 15.103148 13.234392 -4.344168 8.129233 10.435105 8.399720 13.097363 -21.907917
2.913605 0.555620 8.263418 6.957716 -2.223471 3.415327 5.442070 6.410694 7.071432 -6.231759
11.776836 -3.267206 14.543750 12.425619 -3.898212 7.599864 9.998249 8.261550 12.481194 -20.405537
18.401419 -6.983633 18.242151 15.487236 -5.643229 10.214194 12.284043 7.934550 15.305813 -31.013012
18.295866 -6.956034 18.206495 15.464916 -5.667471 10.154137 12.243917 7.975429 15.281637 -30.894558
3.025817 0.546813 8.493088 7.196030 -2.211189 3.598839 5.571848 6.618509 7.142330 -6.479563
12.886555 -3.782278 15.059525 12.959584 -4.403362 8.126204 10.338767 8.345138 12.848716 -22.676683
3.390964 0.333278 9.033847 7.610082 -2.462480 3.882692 5.999502 6.985240 7.730916 -7.194384
18.046400 -6.843640 18.086712 15.413387 -5.638792 10.202166 12.205402 8.005494 15.212094 -30.452105
17.912815 -6.663935 17.945709 15.320031 -5.566715 10.049007 12.036073 8.030513 15.144874 -30.459745
3.652189 0.252826 8.831851 7.438921 -2.205507 3.714613 5.863847 6.879721 7.596909 -7.830400
2.081494 0.849144 6.839882 5.677128 -1.680005 2.667743 4.311862 5.415493 5.595041 -4.633730
10.561622 -2.867681 13.825075 11.832361 -4.105097 7.242455 9.571973 8.027877 11.826917 -18.703417
18.572483 -7.225904 18.307070 15.598710 -5.814062 10.221548 12.305552 7.753469 15.307629 -30.975634
3.371490 0.047608 8.209933 7.042885 -2.205843 3.534598 5.468867 6.223284 7.040226 -6.845517
6.649343 -1.127753 11.148499 9.499909 -2.993486 5.415000 7.504819 7.425875 9.426498 -12.260817
2.950888 0.463405 8.404333 7.007053 -2.115016 3.546813 5.426493 6.548362 7.024941 -6.383378
10.703457 -2.831104 14.180282 12.193663 -3.970628 7.237083 9.809211 8.418648 12.119457 -19.401102
5.375547 -0.726351 10.256420 8.947785 -2.908018 4.810035 6.979780 7.392990 8.913571 -10.503438
21.032547 -8.551929 19.375092 16.348545 -6.535096 11.126408 12.816512 7.313747 16.037115 -34.548538
4.281757 0.114549 9.897748 8.399967 -2.606946 4.280597 6.624478 7.557178 8.584662 -9.031948
13.471973 -4.082473 15.822724 13.723791 -4.627718 8.469355 10.894065 8.677315 13.612430 -24.033325
3.793114 0.036738 8.457486 7.150857 -2.111665 3.718294 5.574850 6.378288 7.174938 -7.966431
4.061153 0.215471 9.491158 8.030277 -2.496416 4.112587 6.324687 7.144638 8.032269 -8.216908
7.546556 -1.493561 11.876981 10.150979 -3.131303 5.830902 8.280833 7.768995 10.422853 -13.918666
3.389614 0.603326 8.520684 7.302541 -2.299300 3.515850 5.721714 6.605735 7.378620 -6.834219
7.720959 -1.637807 11.923628 10.320025 -3.266141 5.737766 8.208228 7.714390 10.316406 -14.403885
21.379917 -8.931055 19.316975 16.448910 -6.663806 11.249170 13.028110 7.130251 16.161854 -34.508327
7.539347 -1.819861 11.213117 9.706751 -3.191967 5.534108 7.486236 7.007380 9.726452 -14.098741
3.186587 0.413287 7.707022 6.804224 -2.057624 3.459426 5.145690 6.039658 6.696440 -6.332554
2.936505 0.534375 8.744243 7.305876 -2.066521 3.730867 5.638750 6.874558 7.256041 -6.495992
13.107215 -3.976325 15.598301 13.343008 -4.276930 8.365260 10.558536 8.372487 13.130319 -22.745913
2.965879 0.408894 8.669931 7.271877 -2.302674 3.746958 5.678274 6.838544 7.370919 -6.511472
19.002993 -7.235827 18.616331 15.770769 -5.662521 10.467529 12.433072 7.874104 15.545488 -31.833464
11.247846 -3.174325 14.448815 12.460374 -4.106258 7.638567 10.088387 8.442983 12.583214 -20.130732
11.811534 -3.476323 14.408624 12.685078 -4.125685 7.674170 10.148296 8.451749 12.696856 -21.342932
7.581613 -1.649721 11.826291 10.346928 -3.372909 5.949959 8.274758 7.675362 10.185081 -14.198068
4.377956 -0.167832 9.701577 8.346880 -2.529936 4.433280 6.591100 7.221813 8.368458 -8.695005
7.897334 -1.793108 11.617607 10.067444 -3.473021 6.086330 8.146586 7.172800 10.139625 -13.532027
12.054022 -3.613710 14.711419 12.835485 -4.162358 7.848431 10.232015 8.415143 12.754869 -21.388575
15.725236 -5.321352 17.002592 14.536349 -5.016458 9.304351 11.521213 8.439867 14.350407 -26.922707
12.065657 -3.420838 14.840995 12.903895 -4.319713 7.803057 10.009020 8.160533 12.502157 -21.296040
2.989396 0.430266 7.981424 6.782314 -2.248404 3.251855 5.380615 6.364974 7.103742 -6.377759
7.684062 -1.603311 11.825051 10.280085 -3.263262 5.974559 8.096541 7.546636 9.967501 -13.640551
7.423131 -1.559919 11.339939 9.842684 -3.289949 5.887149 7.830770 7.267240 9.775168 -12.810179
3.823167 0.270067 9.213971 7.721001 -2.209781 3.941935 6.160223 7.275516 8.144484 -8.099380
12.708360 -3.807152 15.306950 13.096167 -4.430364 8.127871 10.510402 8.477557 13.058467 -22.480118
2.770078 0.518449 8.322413 6.914816 -2.146810 3.474426 5.387468 6.478961 6.963687 -6.074173
10.520367 -3.028734 13.805166 12.188416 -3.766419 7.250940 9.467052 7.979174 11.804815 -18.840860
7.076378 -1.260708 11.576094 10.088758 -3.162752 5.537279 8.147771 7.764993 10.077724 -13.639728
19.316116 -7.482300 18.725853 15.810797 -6.014274 10.720600 12.498780 7.855443 15.599095 -32.154377
19.398424 -7.697919 18.815287 15.905247 -6.275769 10.606174 12.478513 7.713589 15.666985 -32.355663
20.032452 -8.030383 18.929327 16.037594 -6.099225 10.762089 12.643283 7.606164 15.819057 -33.347313
7.903447 -1.544101 12.203506 10.368813 -3.539293 5.850782 8.380147 7.748687 10.560758 -14.911400
5.198552 -0.336018 10.591908 8.995854 -2.941231 4.865619 7.235652 7.468293 9.136089 -9.910036
2.123200 1.088296 8.678546 7.198550 -2.197796 3.452152 5.406903 7.317020 7.456269 -5.371838
