-23.729855 -11.692751 6.239120 -26.325426 -40.092663 7.256944 -11.506054 12.927935 -4.954332 -20.193977
-8.705295 -23.675768 4.903419 -19.841467 -11.861278 3.646428 4.589348 14.675517 -24.851946 -4.887700
-21.286694 -36.636681 11.131828 -35.754368 6.311225 13.072505 25.231888 -13.448098 -39.157005 -7.954546
-30.404394 -25.927931 12.632568 -23.578003 -24.162037 15.713437 0.612357 -5.586507 -21.276018 -20.763546
-20.485851 -39.684052 11.234186 -35.069878 2.655968 15.451774 25.730671 -8.403367 -41.057896 -10.080834
-9.835524 -48.821888 10.570583 -22.893064 22.658575 11.703044 33.603321 -5.932619 -57.455750 2.077666
-12.344254 -34.582947 7.131927 -21.593843 -1.511791 9.463975 15.562532 5.949514 -38.789635 -5.318488
-30.404961 -17.280064 10.767531 -37.466621 -25.950884 13.327247 2.267389 -5.650761 -10.854819 -20.303038
-16.514223 -41.160065 12.690007 -26.964523 19.139946 10.594121 27.994328 -17.879669 -47.404003 0.845027
-18.462280 -35.387905 7.128638 -26.723501 -9.156419 10.311957 13.350142 4.863670 -37.009811 -9.870364
-23.361595 -13.834699 6.698560 -24.517321 -45.236420 6.126678 -13.499129 18.715115 -7.009843 -21.593700
-32.395393 -11.921670 12.152867 -33.453224 -34.519127 11.108073 -8.128363 -3.903039 -4.784278 -21.079918
-19.478119 -24.334589 6.833658 -36.644474 -22.063560 11.055385 8.056108 10.086736 -21.625175 -16.193577
-7.161081 -45.983040 9.728450 -20.974329 20.071602 11.197442 31.351599 -0.518399 -53.871819 1.634262
-15.255230 -27.605791 2.564155 -34.206375 -30.250010 11.617003 4.330458 22.474695 -25.215607 -17.425028
-11.637552 -23.593987 -0.359461 -36.233982 -31.547361 12.073411 6.634331 26.686914 -18.650185 -19.850163
-21.910503 -33.022209 11.273215 -33.213554 4.092753 13.368020 23.107883 -12.882828 -34.050941 -9.652049
-16.394047 -41.376213 11.076107 -26.566990 14.901815 11.042942 26.509426 -12.720946 -46.770882 -1.480485
-6.274364 -47.381630 8.586082 -22.089209 19.438879 11.036214 29.647310 -1.449332 -54.936394 4.677478
-41.609547 -14.000723 13.754630 -49.323811 -36.161480 20.257433 -0.348213 -14.961022 -4.207073 -28.358992
-19.888662 -31.284410 7.671695 -30.138048 -15.244216 11.476393 12.016212 10.548615 -30.704931 -13.493160
-14.066132 -34.504684 6.697898 -25.505739 -11.998201 10.425591 12.896252 16.069670 -35.461746 -10.310335
-14.809921 -43.030754 10.056360 -27.570358 14.384451 12.403970 29.228344 -8.478533 -48.226883 -3.154440
-32.656040 -12.923450 12.162379 -32.960590 -27.948519 13.670135 -3.592489 -9.457559 -6.542547 -21.013992
-37.346970 -15.735149 13.531610 -39.210373 -36.950012 14.511092 -4.229897 -2.736086 -7.505451 -25.099667
-2.441697 -33.658218 6.504065 -21.876196 9.982171 8.984894 21.706528 5.803987 -39.819401 1.015572
-16.279549 -30.455633 8.438573 -23.246161 -9.392972 9.438974 9.949115 5.642687 -32.365334 -8.682096
-26.861776 -34.989204 14.342070 16.017475 -66.116974 10.926053 -24.887499 59.965775 -30.120565 -34.694256
-12.151279 -33.905651 6.264669 -21.707684 -5.683102 10.272300 15.365963 14.161180 -36.238831 -8.116000
-8.656094 -49.996071 10.253967 -22.297087 24.641701 11.892629 34.474392 -4.646513 -59.253433 3.739011
-29.485023 -23.582323 10.248887 -34.376091 -28.339417 10.543616 0.056384 0.355234 -19.768415 -18.024843
-16.152208 -36.353909 5.921552 -30.706079 -8.036706 12.303943 16.863716 8.523005 -38.087120 -10.528037
-7.428387 -48.101124 10.136292 -21.415915 20.914154 11.311061 32.945057 -1.884145 -56.086182 1.424600
-9.588943 -39.399673 10.545738 -19.093313 17.626909 8.669406 22.204872 -8.843416 -46.089195 6.242786
-4.225530 -19.757887 7.939459 -0.795309 7.694728 -3.444718 -0.503178 -7.657695 -24.193836 11.561380
-9.030900 -24.478525 4.247927 -23.710970 -10.773315 5.355206 6.994621 11.141066 -26.415794 -5.172333
-35.761250 -19.669567 16.413113 -45.323627 -9.104776 16.428465 11.634236 -29.728971 -15.234591 -16.808804
-34.589947 -12.561132 12.124953 -39.197296 -28.041296 16.411711 -1.141695 -13.821647 -4.276164 -23.736084
-24.479977 -12.219711 6.347407 -29.570583 -42.068001 9.230813 -11.178433 10.658615 -3.349030 -21.592098
-5.658342 -47.954338 9.072972 -19.925901 21.175730 11.408567 32.020752 0.821364 -56.452091 3.238374
-13.084591 -21.030176 8.319637 -12.979751 -7.012777 2.597773 2.465514 -0.451703 -22.550669 -1.907778
-14.251746 -14.496612 8.617840 -11.062986 -12.606137 5.079826 -2.306850 -0.966844 -13.665174 -4.167850
-12.560991 -28.515392 1.842422 -25.590086 -31.143229 10.338986 1.635932 27.564400 -27.338078 -16.353785
-13.218326 -31.686666 3.930030 -24.075912 -29.271112 9.609033 4.046314 31.799305 -30.465853 -17.371979
-14.862864 -34.646801 7.401637 -20.773886 -7.562430 10.080545 12.608790 9.777018 -37.154030 -8.546544
-13.892157 -33.226315 7.609068 -28.902483 0.612136 11.198615 21.232960 3.166262 -35.675346 -7.094006
-10.708514 -42.743118 8.622904 -24.192074 14.885739 12.475478 28.426868 -2.192531 -49.332588 -0.676137
-15.628722 -10.382971 6.160336 -21.232508 -21.847101 7.869770 -5.060327 2.199822 -5.230109 -10.268120
-24.650990 -29.322584 13.129406 -33.717567 -1.594856 13.405685 19.533415 -17.971640 -27.343927 -11.543653
-13.026684 -24.269030 1.432229 -29.119030 -28.027584 9.789281 3.237336 24.092144 -22.638800 -16.116245
-6.984928 -48.029961 9.549284 -22.536346 21.768309 12.350423 32.277477 -2.273515 -56.689690 3.831374
-22.653641 -11.124485 3.605134 -29.530313 -46.690922 7.010414 -13.169221 18.588491 -3.853913 -23.082468
-17.399254 -34.903889 8.820889 -27.012682 1.127550 11.210689 19.799276 -1.796860 -37.400574 -7.563604
-13.640533 -18.777304 9.010889 -10.279472 -7.181812 1.964029 -1.027706 -2.942034 -18.781385 -0.882139
-13.885105 -13.005908 8.046342 -11.304956 -14.903405 -0.233748 -7.261351 1.115831 -11.256639 -2.354010
-17.036148 -24.188271 1.670167 -35.760029 -34.179379 11.762959 1.834487 19.395952 -19.754093 -19.224615
-23.814842 -15.031872 13.500329 -17.544294 -17.963549 3.350615 -7.515384 -9.534401 -10.841150 -6.374163
-16.477421 -21.458763 4.113081 -30.361406 -31.431154 7.746514 0.106021 18.482733 -16.700689 -16.492037
-14.446291 -17.824049 5.532331 -16.707335 -23.572624 3.117416 -5.551343 9.589232 -16.642235 -8.378436
-16.108307 -27.679998 6.374871 -26.035229 -5.632921 7.461399 11.875041 0.568967 -29.616745 -6.043326
-15.183240 -20.203390 9.147175 -16.572363 6.845755 3.814047 8.779672 -16.582476 -20.745504 0.944315
-8.857130 -27.829016 7.218907 -15.904004 2.954678 5.423803 12.953788 -1.549957 -31.335651 -0.130566
-7.664102 -48.914719 10.861238 -22.547907 23.689489 11.903827 34.920261 -2.598532 -58.177631 2.124101
-17.709387 -36.236366 9.766133 -33.381130 3.553828 13.048509 23.517506 -6.858411 -38.419891 -8.328853
-4.118796 -45.657326 7.388047 -19.757010 15.968339 11.200972 27.787720 6.328350 -52.883064 2.530363
-2.889368 -47.968220 8.358011 -18.082838 21.974939 11.165957 31.445660 4.504691 -57.354149 5.212213
-25.307732 -10.199902 5.588697 -27.835276 -44.695553 7.976022 -13.842738 12.488444 -2.691846 -23.693235
-4.830999 -33.479477 6.282782 -21.397100 4.459763 7.270485 17.620367 6.850575 -37.489021 -2.045228
