-8.040826 -22.443384 17.266283 -23.367514 3.232462 14.086889 -3.959221 13.011202 19.956356 -21.138659
-6.437380 -12.861594 8.657518 -22.288561 12.493071 15.203358 -11.066994 14.568325 15.308202 -18.798742
-11.604702 -18.653776 12.312813 -29.505850 -0.777762 18.466843 -9.289666 22.900248 19.901577 -22.952448
-4.144379 -18.960417 16.999502 -18.641741 6.083023 10.700767 -6.527280 6.577529 17.853172 -17.234198
-3.137898 -17.535807 17.131727 -19.929163 -0.923279 12.385491 -10.540566 9.393262 16.756577 -14.801227
-1.440453 -9.936543 8.722184 -15.425156 14.792562 8.073936 -9.809331 3.682905 14.643456 -14.962307
5.967811 -3.609904 12.386206 -5.919647 -2.487367 5.304999 -12.267265 -0.745940 4.851708 1.812993
-0.339643 -10.818951 11.029028 -14.181154 3.533700 11.102926 -10.682921 5.766876 11.714335 -10.602866
0.612660 -13.434530 14.745363 -10.967940 8.195291 7.233824 -7.994123 0.084417 13.823554 -10.833931
1.628635 -9.130109 10.341896 -10.799864 10.829932 3.330322 -9.199949 -2.927411 12.310739 -10.005459
4.851090 -1.431428 6.146739 -3.052672 11.251494 3.984764 -9.945434 -3.910125 1.833695 0.616437
0.928345 -12.691584 12.485288 -11.047028 5.854279 5.153055 -5.880924 -1.118698 14.108873 -11.672041
-2.838713 -14.815410 11.057711 -15.597148 7.811898 4.123154 -2.926978 2.263785 18.118971 -17.738367
2.968983 -8.391003 10.403975 -6.676123 11.649295 4.229010 -7.506145 -4.148135 7.998796 -4.748664
-4.130021 -18.879259 17.543840 -19.193911 4.289023 10.484149 -7.388166 6.922651 18.206348 -17.316645
6.597417 -3.025485 12.064386 -2.666084 2.914217 6.395264 -11.661492 -2.738574 1.441498 5.073375
-2.699522 -9.057855 5.149327 -14.185987 14.792257 8.619611 -6.818557 5.263101 12.767369 -14.618009
1.062561 -11.482147 12.354792 -8.328579 11.503805 3.660738 -5.121088 -4.538051 11.620913 -8.524900
-9.846906 -16.333773 8.323887 -27.364075 -2.681623 14.043530 -7.836007 19.765720 19.326118 -22.961504
3.145574 -6.591564 11.026885 -10.857421 4.043766 7.085477 -11.140337 2.399158 9.000415 -5.065541
-7.433332 -23.061049 18.068382 -23.029837 1.704838 11.098825 -4.169594 9.588214 21.810755 -22.585115
5.246206 -7.193405 14.700630 -9.564530 1.210872 5.881218 -13.754872 -1.945939 8.634374 -2.585193
-2.548556 -4.193989 -0.077202 -17.992849 15.368142 9.783609 -12.055302 10.426128 11.834825 -16.238539
4.143653 -5.286085 7.777636 -4.998556 14.035459 1.786314 -9.155070 -6.761446 5.362627 -3.473925
5.716723 -2.609500 8.261381 -4.912868 6.724444 3.996950 -10.924713 -3.117993 2.954767 0.522504
-5.218974 -17.929953 14.482480 -19.867235 8.804029 9.852801 -6.131864 7.126116 18.662712 -18.747793
-5.695303 -17.418350 12.859469 -14.836823 16.274906 10.830780 -1.544501 5.968790 14.411440 -15.607293
-5.212239 -20.058517 17.081453 -15.774584 11.639729 10.973226 -2.283673 5.271885 15.919449 -14.986198
-8.597184 -16.610880 9.417439 -24.326963 6.944789 17.112144 -6.871632 18.265656 16.127348 -19.788321
-2.081853 -11.189793 8.390581 -12.199543 13.464117 4.861598 -3.812331 0.952143 13.694878 -13.663152
-4.422319 -17.022882 14.386806 -21.448061 -5.228363 7.520583 -7.718774 8.526482 19.573616 -19.952730
0.597959 -11.129625 11.548923 -11.262140 9.574159 4.938564 -7.315865 -1.748603 12.576549 -10.575837
6.571858 -3.079092 10.817398 -2.014721 6.006764 4.645747 -10.744821 -5.010633 1.878700 4.371537
-11.094188 -25.821302 18.329979 -28.464460 -0.825936 15.594681 -5.112973 16.339569 23.535229 -25.866961
-6.196318 -22.997103 19.496485 -22.836580 -5.603603 13.908673 -6.075144 12.042979 19.448385 -17.815229
-0.168360 -14.488775 14.464444 -9.231710 10.502301 5.887334 -4.076389 -2.647114 13.388735 -10.359840
-10.934890 -15.074932 5.926848 -27.225962 5.761751 18.257696 -8.693304 22.560873 16.735275 -21.732401
2.231537 -6.203005 6.525818 -7.017808 12.441739 -0.687608 -5.747029 -5.878131 7.937851 -6.817621
6.805941 -3.500270 13.524233 -3.080040 1.807970 6.060526 -12.247405 -3.668988 3.053937 4.138882
5.109174 -7.324530 13.126051 -5.387627 9.342164 5.794348 -10.759114 -4.975810 5.584260 -0.355733
-4.280966 -18.899427 15.164568 -14.727368 11.760434 9.923052 -1.948334 4.092187 15.594301 -15.408534
6.666801 -5.278432 15.973394 -4.798151 1.475633 7.666990 -13.501525 -2.534474 4.848366 3.347272
-3.935423 -13.365136 9.226469 -17.881302 8.544515 9.447601 -7.456537 6.772365 15.673611 -17.281000
4.163531 -3.164364 6.859115 -7.823546 13.187598 4.829913 -12.459193 -2.258110 5.762389 -3.637213
5.832874 -5.229593 12.324749 -6.604568 1.268480 4.715695 -11.757376 -2.751301 5.837365 0.276991
0.850461 -6.077811 5.045709 -7.315602 16.197330 4.581774 -5.577329 -1.096628 8.072737 -7.572247
1.166696 -8.735265 10.135375 -10.898504 1.696550 9.121253 -7.983336 5.156076 10.089920 -7.639818
6.509869 -3.135282 9.796597 -2.414135 9.958323 3.436875 -10.379395 -6.853193 2.050384 2.671779
1.395511 -11.630973 14.605339 -11.313349 7.768643 6.347994 -9.479890 -1.239735 12.141759 -7.897611
3.951741 -10.990026 21.409697 -13.185158 -11.503135 9.055141 -14.947670 3.018381 11.826618 -2.711950
-4.664499 -20.692625 18.305727 -18.028612 8.591284 10.621709 -4.721674 5.749803 18.237492 -17.059374
2.941058 -11.272606 14.713403 -8.635983 8.810620 4.659348 -8.725987 -5.524746 11.218926 -6.147429
-1.612017 -15.403568 15.315434 -16.441965 5.223811 11.700793 -10.364909 5.068616 15.132074 -13.013400
-4.769251 -17.342382 15.802732 -20.868425 3.421589 11.176873 -9.370604 9.727743 17.969856 -17.354170
-2.324671 -17.234945 17.632788 -21.402895 -3.897677 13.056206 -12.365392 10.033834 16.766531 -14.914840
4.580472 -0.613720 5.115064 -3.352366 14.560563 3.826319 -10.245101 -3.931447 2.160813 -0.724749
-0.686074 -14.609303 15.997731 -9.360761 9.037617 7.558757 -3.885441 -1.807229 12.580374 -8.536721
-1.894342 -18.049623 16.773567 -15.978403 -1.876811 10.264586 -6.475120 5.451219 15.654837 -12.547927
3.407922 -9.899549 15.936213 -10.644400 4.046048 8.211400 -11.986515 -0.421391 10.578594 -4.589378
1.547215 -6.124041 7.218960 -8.417440 4.484749 7.137622 -8.399668 3.406649 7.411703 -4.383599
4.427167 -4.426225 5.629651 -4.667699 13.346458 -0.009179 -8.586471 -7.620728 4.417566 -3.330718
-6.209091 -15.137930 10.225653 -19.477819 18.060570 13.326241 -6.277026 9.653341 15.353184 -18.130491
5.200785 -4.053208 9.788665 -6.134010 7.083263 5.567233 -11.917391 -1.937943 4.799019 -1.296754
0.326384 -7.523262 7.154118 -14.094098 8.274113 6.064602 -10.733851 3.238794 12.602427 -12.628709
-1.294345 -18.891798 19.754681 -19.027985 -5.726956 8.942266 -11.148362 4.314664 19.163225 -15.436027
4.004673 -7.406147 10.905986 -5.864514 13.326387 3.680713 -9.690122 -5.938238 7.069275 -3.348794
6.503131 -4.530076 10.503401 -4.662617 7.566343 3.447261 -11.530388 -5.930077 3.901389 1.066936
2.304764 -7.158135 8.562883 -8.579891 13.017981 6.293957 -9.650184 -1.333791 7.860289 -6.219865
0.685840 -3.745420 2.891729 -11.593597 17.649771 7.570880 -10.908065 3.152138 8.850084 -10.185060
-0.355604 -10.652273 8.968060 -9.450066 15.955375 2.721580 -3.794233 -3.757327 12.275866 -11.409538
-5.092828 -22.123133 18.052145 -19.988979 4.130045 11.243871 -4.466728 7.198093 19.797729 -19.124674
