16.769539 5.023899 0.651471 0.304204 2.582592 2.330766 0.017438 6.669622 2.324983 1.291013
21.110165 3.849547 6.385569 -1.550931 -1.253993 2.920489 -7.282009 8.438999 11.899414 3.299482
19.107401 5.116542 1.169508 -1.453261 2.696786 -0.241104 0.680375 6.731778 1.214018 0.561880
8.547514 7.090404 -5.449047 2.470261 6.785966 2.804762 12.420310 1.902362 -15.300608 1.314789
16.627289 6.252248 -2.491626 -1.314228 5.759460 -2.385323 7.288336 4.466574 -7.763430 -0.903386
22.271255 3.762907 6.329626 -1.927705 -1.267120 2.173578 -7.732457 8.767194 12.633119 3.238633
18.877106 5.321551 0.692067 -1.528810 2.996413 -0.786702 1.248173 6.549356 0.298040 0.539338
15.463330 6.123707 -2.572031 -1.023388 5.807952 -2.111610 7.875165 4.125066 -8.725203 -0.980046
13.677120 10.613665 -13.311681 14.447178 5.663218 16.627518 11.329198 5.781527 -2.171515 6.469906
20.820824 3.726799 6.096876 -2.004975 -0.997223 2.032515 -6.881464 8.109564 11.108335 2.997325
19.447695 3.581157 5.953336 -0.746276 -1.495516 3.827187 -7.465009 8.307669 11.980421 3.720431
16.131207 5.922210 -2.603823 -1.200835 5.668133 -2.465104 7.428322 4.183905 -8.169068 -1.096365
12.249060 9.845881 -12.188520 12.826649 5.036025 14.491704 11.061486 4.865623 -2.661204 5.086462
19.897741 3.299533 6.272615 -1.321436 -1.487744 2.640566 -7.127359 7.861748 11.722986 3.083719
19.967871 5.364669 0.559021 -3.021480 3.616762 -2.763941 2.879559 5.658157 -2.007480 -0.204182
21.637615 3.382860 6.526313 -1.972274 -1.342557 2.093935 -7.453996 8.132145 12.173722 3.231085
15.188390 5.414303 -2.632909 -1.054031 5.454670 -2.120831 7.214229 4.084156 -8.013865 -0.961147
14.518947 5.747226 -1.952948 -1.439933 5.769084 -1.974731 7.970239 3.633049 -9.154423 -1.082897
16.691174 4.286263 1.673280 -0.229784 1.841026 0.897715 -2.154157 6.821413 4.182004 1.570722
20.320286 5.047619 0.728409 -3.550527 3.573466 -3.361991 2.598819 5.368940 -1.893683 -0.482098
20.937607 5.343762 0.699420 -3.583286 3.834921 -3.220241 2.733380 5.817779 -2.069371 -0.280555
15.097404 5.862130 -2.384583 -1.534930 5.988611 -2.374226 8.153455 3.841113 -9.801292 -1.052885
21.875175 3.240985 7.820400 -1.917180 -1.889311 2.820417 -9.597412 8.751521 13.763975 3.377165
20.851936 3.172797 7.482893 -2.388243 -1.966668 2.368316 -8.614371 7.830781 13.070979 3.350573
20.667606 3.308243 7.267087 -2.630836 -2.309000 1.892094 -8.327531 8.312637 12.583872 3.565294
12.567204 9.761859 -10.706442 11.571997 4.584092 14.170778 11.591813 4.933978 -3.484460 4.398664
8.930258 7.172037 -4.844177 1.171705 8.051518 -0.366202 12.659756 1.856264 -18.034691 0.717848
21.960106 -3.066966 5.733736 -10.578341 -1.048084 -18.327150 -12.077043 5.025538 4.927300 -8.452171
15.509208 4.461273 1.723634 -0.251142 1.968423 1.231554 -1.101441 6.670618 3.147511 1.153348
15.868902 4.084240 2.072823 -0.844242 1.516412 1.101851 -1.312459 6.105703 3.374991 1.104800
21.642841 1.812522 10.491756 -1.903286 -5.565647 5.071400 -14.291435 9.277587 20.716936 5.444325
16.061691 5.953505 -2.239052 -1.063790 5.383242 -2.171860 6.916946 4.723308 -7.516985 -0.930408
15.295719 6.166902 -2.089056 -1.702406 6.079289 -2.487617 8.257720 3.924208 -10.039294 -0.863465
15.659826 6.247827 -2.281672 -1.360485 5.762905 -2.441040 7.827386 4.243713 -9.251173 -0.784476
19.677788 3.415502 6.567272 -1.625551 -2.257438 2.759132 -8.384475 8.121552 13.273325 3.475978
16.343063 4.429372 1.321757 -1.320676 2.482287 -0.038389 0.389888 6.016475 1.024597 0.458536
15.455384 6.037397 -2.378997 -0.976412 5.917990 -2.268419 7.949679 4.287601 -9.547537 -1.048135
20.101377 3.487902 6.380036 -1.852220 -1.202986 2.071010 -6.746382 7.801213 10.946680 2.874819
19.824640 5.386253 0.646976 -3.339350 3.462722 -3.154492 2.977520 5.694694 -2.226724 -0.484095
18.686840 3.796964 4.722818 -0.959332 -0.312679 2.664135 -5.118280 7.600144 8.923779 2.570332
20.110126 4.800615 2.608997 -1.835996 1.913474 0.327225 -1.198330 7.028144 3.682070 1.084578
12.643539 10.329261 -11.124136 11.641361 5.100868 13.825777 11.644864 4.924121 -3.762271 4.594496
18.122597 4.650846 1.824839 -1.876169 2.205678 -0.328896 -0.041364 6.240974 2.065280 0.636441
16.054693 6.431898 -2.255176 -1.142424 6.009682 -2.060960 7.678034 4.507450 -8.739491 -0.924875
14.823959 5.875873 -2.207460 -1.384607 6.024067 -2.157811 7.881756 3.648988 -9.666989 -0.888981
10.721931 6.903383 -4.758690 1.758461 6.712858 1.607200 11.102576 2.436118 -13.746117 0.160754
20.566055 4.453644 3.289297 -1.813750 1.315519 0.345535 -3.131673 7.741046 6.191507 2.127038
7.539697 6.596949 -3.995330 1.946298 6.459961 1.146474 11.333249 1.774210 -15.174875 0.401835
18.482054 2.859911 6.460829 -1.196160 -1.949920 3.279518 -8.128311 7.355687 12.247620 3.204441
16.573967 4.091262 1.653617 -1.285153 2.001114 0.073651 -0.564285 6.038276 2.398676 0.834737
20.844110 4.835468 2.743900 -3.085733 2.393061 -1.369094 -0.119450 6.781611 1.960882 0.247229
6.010923 6.397655 -3.869550 1.859602 6.709315 0.963212 11.372746 1.644174 -16.277534 0.637514
11.695941 10.050039 -12.702088 13.164062 4.506474 15.689548 11.692522 4.812174 -2.672339 5.607814
17.132811 4.138935 2.463726 -0.977902 1.350757 0.883925 -1.842980 6.517787 4.363411 1.535227
9.221020 7.111097 -5.671377 2.004535 7.813221 1.567667 12.849347 1.780508 -16.392372 0.851056
19.447706 3.144504 6.277505 -1.386406 -1.413558 2.798664 -7.547862 7.775211 11.951994 3.243806
21.881489 2.281387 9.847239 -2.461238 -4.651955 4.316782 -12.801627 9.297147 19.029116 5.243011
15.314343 5.922584 -2.007592 -1.202879 5.196619 -1.696543 7.132633 4.227337 -7.883123 -0.788679
19.747780 2.155452 8.064458 -1.282545 -3.509139 4.445277 -11.051218 7.899067 16.323597 4.604125
19.267673 3.742426 3.714137 -1.129321 0.638233 1.429670 -4.830711 7.199436 8.103151 2.498336
14.696415 5.710889 -1.726893 -1.353865 5.186014 -1.775695 6.662889 4.115434 -7.558270 -0.737007
18.027391 4.222912 2.822229 -1.079952 1.148148 1.028193 -2.983126 7.253770 5.835626 1.993852
16.505669 5.490451 -1.095727 -2.072982 4.612951 -2.830520 5.567235 4.837059 -6.065064 -1.069753
23.088854 0.133228 4.095036 -6.550031 -0.327513 -11.438679 -9.648659 5.730080 6.849960 -2.025739
21.165783 4.358187 3.857207 -1.072397 0.505040 1.754283 -4.483605 8.142658 8.377711 2.610774
9.614003 7.904974 -5.764957 2.949644 7.240548 2.749213 12.801946 2.136944 -14.961094 1.381411
21.633362 3.401977 7.689160 -1.757790 -2.145527 3.235242 -9.274674 8.772939 14.411631 3.507757
15.906751 5.926952 -2.159137 -1.147488 5.313864 -2.011909 6.631216 4.758670 -7.110040 -0.810236
15.232209 6.481013 -2.581692 -1.224211 6.433445 -2.177004 9.226281 3.919688 -11.304927 -0.997083
7.360978 8.436805 -6.226983 3.830482 8.075994 3.203879 14.186734 1.417771 -18.043030 1.826571
20.635075 4.297849 4.418679 -1.643235 0.349637 1.300055 -4.182929 7.684521 7.702091 2.347359
12.853210 11.151283 -14.265430 15.561903 5.120675 18.148722 11.903704 5.700233 -1.247453 6.881201
