14.192801 -5.837637 3.426629 -8.919993 -2.029536 -6.023073 15.963674 -5.117109 -4.182280 -8.882245
13.781184 -6.990924 -11.147869 -7.001941 12.292484 -5.374511 16.567425 -1.012689 -6.966774 -4.199446
6.683113 10.170419 -18.552778 7.597011 7.570810 -5.130681 9.481454 3.060912 7.556454 -5.829513
8.899551 8.706356 -13.461587 3.556829 6.389721 -4.344684 10.919164 4.959701 5.443731 -10.890866
8.893458 13.671422 -11.579820 9.185369 4.384221 -3.876007 9.022627 3.638916 6.753903 -5.109246
4.517231 -4.651213 -12.013087 -1.804948 12.900698 -10.116882 13.305004 -9.881161 5.398670 -4.592021
11.658849 13.354735 -3.264946 6.766149 2.753720 -2.815727 9.231861 5.865794 0.834023 -4.783457
6.784896 8.543563 -20.586885 7.322495 8.594355 -6.993141 10.394188 2.609613 5.461172 -4.143759
13.160916 5.308765 -5.818219 2.965185 1.097870 -5.759660 14.759732 -2.041761 -0.374374 -1.812189
9.760112 4.316772 -16.347931 0.034311 0.647722 -3.559589 12.222012 3.073411 3.867890 -10.528412
15.938258 6.103051 8.039122 1.177880 18.100868 -8.829076 16.878574 0.627607 -2.789782 -8.761865
11.373288 11.066200 -9.920080 5.797205 3.411486 -3.110201 9.949415 5.285651 0.893564 -5.087910
11.297884 6.321064 -6.547690 4.362494 6.171122 -7.384314 13.705713 -2.697661 0.984491 -2.961436
8.750674 15.694458 3.868694 11.697377 -2.996040 -5.371881 8.435421 -3.341342 5.110964 1.270727
13.389050 -8.888312 3.997573 -7.508379 2.000094 -7.144661 11.428915 -7.335547 -12.315216 1.118410
7.537019 11.012088 -5.875969 9.721866 -3.444475 -7.496768 10.350546 -5.697494 5.470714 2.963166
8.308526 16.734739 -6.099291 12.814716 4.861491 -4.071493 6.988843 3.011535 5.562484 -0.179248
9.351327 17.807922 -8.630494 10.932219 0.732980 0.213556 4.916138 11.054483 2.139463 -2.718538
9.380681 -4.864087 -5.215085 -4.492403 1.867940 -7.569177 13.540777 -7.798603 -0.937482 -4.119278
6.396135 11.175380 -21.885019 8.513309 12.670016 -4.178104 8.573686 7.873248 6.344377 -7.294404
13.632481 -2.219094 3.401784 -6.747377 2.951890 -6.305765 17.577194 -3.986196 1.265569 -11.738103
7.523622 16.080429 -16.318087 10.345140 6.853659 -2.703721 7.588951 8.842508 7.758270 -7.113353
5.562992 13.182569 -15.890634 11.657855 14.420215 -5.130702 6.934149 4.381018 5.705059 -1.563829
10.672168 0.441754 -6.382071 -3.428412 0.735521 -5.057515 13.887201 -0.944256 1.617284 -10.314971
5.243026 -17.569872 -9.133627 -13.576371 4.067424 -3.386803 9.106035 -7.019532 -2.384653 -2.825703
9.659428 8.458871 -8.185873 2.530190 3.905474 -3.821489 12.327729 2.995832 6.489325 -12.368670
8.583264 15.489193 -1.899276 13.021497 -1.195089 -5.882438 8.285654 -2.166621 4.305115 4.539762
12.338361 -15.145649 16.894403 -18.095394 -29.686270 4.647933 3.710407 -3.744443 -15.253968 -1.087107
10.238919 0.653408 -11.401202 -2.845959 0.136547 -5.450296 14.938537 -1.001784 3.999058 -11.716704
10.299783 -5.934411 -6.662414 -5.031007 3.591806 -7.680639 14.795598 -8.575451 -1.393649 -3.320894
11.497184 8.049045 -12.392629 3.205921 -3.968146 -4.475334 12.279568 2.361774 2.433760 -6.534749
12.465938 1.793047 8.802892 -6.935744 -10.545824 -1.858042 13.518432 -2.700409 2.895856 -16.032965
4.802870 24.316238 -17.891733 19.811756 9.955559 0.308679 2.743572 12.784261 11.054279 -1.089629
9.258236 -1.164152 -5.038895 -6.444149 0.706910 -2.639036 13.985241 -0.220966 5.280129 -16.452538
8.670618 10.236970 -8.466236 3.656608 5.420106 2.040861 5.018853 10.926764 0.570461 -7.470420
7.709407 -0.815200 -16.625521 -1.292564 8.408683 -4.685319 11.635952 -1.816523 1.993500 -6.547552
13.861800 -0.113719 2.077429 -1.412869 0.747870 -6.955857 14.720820 -6.478193 -4.769229 -0.347342
4.930244 6.228695 1.285570 8.670585 10.988696 -10.723667 10.194719 -11.543798 5.712174 2.596004
2.051068 -9.897851 -5.078793 -2.669651 6.281560 -10.489158 8.481890 -16.365005 1.033598 4.866983
13.447961 5.189606 -0.980589 -0.902695 -8.171399 -0.796332 10.018305 3.953877 -4.183766 -4.942095
4.391868 -2.015881 -19.283566 1.760656 20.050007 -6.127199 9.959756 -3.011726 1.795397 -0.302558
1.917287 -10.106641 -20.036579 -8.361291 8.955583 0.146405 6.339970 0.351640 2.068002 -4.779203
14.164104 -8.070420 -3.070113 -9.149619 -3.249038 -6.324205 16.760784 -6.421899 -5.070388 -6.016201
8.590566 12.013537 -7.392552 9.580295 -2.607607 -7.325905 11.141273 -3.434333 6.081107 0.631489
7.017816 -5.238396 4.431639 -3.241423 -4.371502 -7.215765 10.291905 -13.954063 0.901025 -0.407399
7.870851 19.692110 -12.583141 12.509051 1.674564 -2.157673 6.228524 9.491583 7.936570 -5.799823
2.700611 7.352879 -13.951181 6.093708 21.682819 -3.495945 5.087141 4.069176 6.131196 -6.866262
2.475616 8.605416 -15.062745 3.868106 2.251357 0.528011 5.318906 3.650207 12.424075 -11.509547
4.929380 7.934597 -5.299694 6.202158 4.425418 -6.043361 8.037716 -3.764150 7.930542 -3.733863
6.055875 1.538239 -3.278795 0.925279 1.383690 -7.792663 11.901369 -9.471170 7.019412 -6.054651
9.000018 12.988738 16.234545 5.910520 -7.892330 -3.743446 6.991395 -3.954762 2.179826 -3.839058
7.308347 7.460945 -17.822401 4.601012 0.456374 -5.555903 10.806307 1.176156 7.991045 -7.638981
10.309217 15.838047 -6.231261 10.852724 3.474536 -3.888344 7.609959 5.342931 1.384996 -0.164909
12.812384 11.836112 -5.879436 7.026631 4.435457 -6.365114 12.750098 1.901502 -0.078706 -2.806559
7.694972 -5.736391 20.128736 -4.030789 4.571038 -5.842009 5.681760 -12.126236 -9.963432 3.602741
12.739201 6.753529 -1.643148 2.615614 -5.736773 -4.919552 15.479716 -4.111094 3.951389 -5.293407
10.594438 10.336048 9.359653 4.587918 -14.482568 -4.956933 10.383493 -6.496590 3.352851 -2.832745
9.260854 2.838215 -8.947873 -0.443200 -6.656888 -4.894342 11.294340 -1.371775 1.299554 -5.911934
10.394226 14.487848 -4.811363 7.382045 -0.605947 -1.768908 7.584438 7.267882 1.715023 -5.042740
13.943736 -7.906070 2.718792 -6.582286 2.828555 -7.050040 14.093441 -8.223333 -9.401568 1.296447
6.940630 7.449538 -6.293198 8.495801 7.615811 -5.914045 7.954882 -4.266062 0.036606 5.118552
5.796038 6.930324 -8.521513 5.024295 16.350779 -3.394690 6.329113 3.240323 3.325556 -4.647093
5.875750 23.764946 -14.574367 14.654994 6.125093 2.251133 3.119256 15.981467 10.669300 -8.393435
6.617723 20.281036 -9.586102 12.938544 5.310970 0.774767 3.740951 11.335629 7.212786 -5.233676
5.312317 23.751980 -2.074212 17.271311 -1.574041 -0.428323 2.584519 5.288194 9.024249 0.997300
15.373591 12.517430 7.189483 0.997667 -5.522211 0.555786 8.844931 11.196869 -4.073536 -10.340088
10.237330 5.505215 -2.179731 -1.250534 0.076149 -5.740350 13.046173 2.053556 3.320628 -14.070294
7.417742 -10.165778 4.722681 -11.281976 2.049415 -8.895959 14.353144 -10.681827 3.718709 -12.757321
