-0.432243 1.956311 5.326684 20.088774 -7.644316 -5.791083 20.467667 31.421701 -1.687493 0.816051
-2.826593 2.345807 -3.007461 19.183519 -6.783267 -3.528177 19.447737 25.689869 -4.815888 -2.489241
0.353931 4.017219 10.214975 20.938574 -7.899861 -5.972363 21.793188 34.250282 0.025059 0.267682
-1.991178 -1.862762 -4.761961 18.619467 -7.081883 -3.833836 17.295584 23.232098 -5.295604 -0.365685
1.710978 -5.255433 -0.163491 17.860693 -9.617348 -4.816457 17.223284 26.085754 -0.750781 5.929032
-6.397125 -3.008438 -11.632132 15.901988 -2.477059 -2.636271 13.786198 13.524100 -12.080719 -7.964685
8.028927 -22.439827 -11.171716 2.558593 -11.801120 0.360198 1.089595 2.469468 2.108640 17.242435
2.086640 -7.718556 -1.703576 11.712498 -8.078582 -3.716515 11.587089 17.627451 -0.936864 7.509315
-3.237828 -4.831731 -9.471099 14.846251 -4.824064 -3.835264 12.983082 14.424228 -8.908163 -1.779154
-5.692812 -9.291898 -16.082457 11.211358 -2.080647 -2.696855 9.335107 5.118728 -14.234311 -5.734301
0.714923 -20.733093 -21.839291 3.241818 -8.177585 0.625415 2.420724 -4.188128 -8.600716 7.617961
-5.433622 -4.958752 -10.302939 15.033139 -2.608577 -3.796658 12.842234 13.460183 -11.601614 -5.620254
-6.571121 -1.115575 -8.112476 15.878698 -1.036176 -3.863331 13.555202 15.020935 -11.835347 -8.841141
-6.658533 -10.116432 -22.698763 8.524936 -2.022365 -0.203535 6.444311 -2.831351 -15.148443 -6.439387
-0.390224 0.745655 -0.149594 19.654938 -8.983500 -4.404681 20.163208 28.846466 -1.938555 1.880048
8.949123 -20.993380 -12.158945 2.139430 -11.435281 0.166396 1.697082 1.590025 0.817192 16.650881
-6.364599 -2.608908 -10.615619 14.841702 -1.805268 -3.566921 12.843952 12.912491 -12.076933 -7.679454
-7.472288 -5.556950 -16.075060 12.544066 -0.976362 -2.546074 10.661578 6.351791 -14.613172 -8.503673
0.309612 3.486379 10.990963 20.051533 -6.998211 -6.612704 21.019218 33.594944 -0.252922 0.443342
2.466962 -16.820391 -9.273191 8.261256 -7.987998 -0.770534 5.638588 8.496623 -2.642098 8.309285
-2.642554 4.129158 1.840223 19.969536 -5.460688 -4.528534 20.214985 28.471678 -4.754305 -3.885974
7.487828 -23.158955 -12.230937 4.619099 -12.249362 0.171991 2.081827 4.922851 0.544438 15.336863
-7.286005 -3.664023 -10.960092 13.809989 0.667307 -2.262428 10.775395 8.919543 -14.631040 -11.676691
-5.916603 -10.483110 -22.529100 8.863145 -2.069031 0.447370 7.223549 -2.854834 -16.214661 -7.125417
7.187773 -25.951237 -13.450855 2.369110 -11.770902 0.766979 0.193363 2.485407 1.272004 16.851330
-1.722569 2.196004 0.110927 19.697676 -7.049838 -4.110209 19.795084 27.781063 -3.928183 -1.606515
-4.762871 1.587548 -7.227032 17.611855 -4.746155 -3.114015 17.391052 20.335178 -7.837739 -4.995647
-2.992483 2.956892 -5.260577 18.275499 -6.943751 -3.347889 19.341328 23.292397 -4.760490 -2.114184
-2.032583 4.477296 1.007348 20.168089 -7.731935 -4.532745 21.667984 30.311214 -2.920624 -1.142147
-5.603556 -3.765495 -9.869037 15.589861 -2.407781 -2.942405 13.018577 13.774391 -11.354391 -6.815205
1.257712 -5.048491 5.622874 18.500334 -7.089686 -4.920309 16.529770 27.278028 -1.526560 2.288117
-4.169769 -4.577986 -8.078415 15.427827 -4.063571 -3.865303 13.499896 15.871102 -9.203672 -3.780788
7.007112 -24.805199 -16.981749 1.791116 -12.832818 0.692759 0.159534 -0.520962 -0.972522 17.550009
0.871541 4.108354 11.258013 21.428705 -8.315402 -6.450216 22.651833 36.010525 0.649325 1.299186
2.041258 -0.134952 10.108805 20.134508 -9.176340 -5.975729 20.882835 33.980083 1.525634 4.249931
-4.963836 -2.840836 -11.527546 14.942651 -4.202197 -3.818031 14.009995 13.696527 -10.146202 -3.764363
0.495228 4.876861 10.177888 19.998648 -7.879180 -4.732726 21.705341 32.911472 0.870625 0.174431
-7.134413 -7.363603 -19.854107 9.106183 -0.367882 0.450201 7.022539 -1.923780 -15.710673 -9.650667
6.315887 -25.032394 -16.571325 1.333378 -11.740338 0.604254 -0.421811 -0.473656 -0.456069 17.339991
-0.067393 -19.562635 -24.235952 4.457181 -7.972200 0.936066 3.140748 -4.125934 -9.713117 6.450130
-3.705841 1.707618 -3.800390 18.000919 -5.416133 -4.596604 18.142883 23.593206 -6.260660 -2.871159
7.879490 -22.877556 -13.645373 1.929797 -12.127801 0.266489 0.776085 0.945838 0.986263 17.627417
-4.708512 -0.202192 -4.950753 16.854561 -3.157825 -4.135130 16.146963 19.667809 -8.354965 -4.635468
-5.954079 -12.454708 -23.129404 8.562217 -2.956212 0.487179 6.529728 -2.970117 -15.697729 -5.769883
7.734367 -25.590324 -15.218409 2.189822 -12.740975 1.005343 -0.197069 0.689652 0.175794 17.226631
5.055169 -18.120255 -15.129836 4.176242 -10.132112 0.564202 3.006576 0.681187 -2.903602 11.873222
-5.972151 -9.448900 -21.966375 7.492011 -2.354372 0.378793 6.594276 -3.719473 -13.932148 -5.106008
-0.760195 -10.581004 -3.257831 12.762256 -4.981290 -4.309925 10.337928 16.266584 -5.294399 3.292510
1.396522 -24.014549 -27.264132 3.223386 -9.599011 2.064992 1.750111 -6.410642 -9.985561 9.017090
1.034703 -10.856094 -11.272895 12.123319 -8.334205 -1.212055 10.683825 11.581841 -4.748466 4.814855
8.070955 -15.278414 -1.271901 9.839935 -13.609694 0.108154 9.319015 14.555409 6.676589 15.164335
-2.851487 2.155678 -4.022565 19.538544 -7.292227 -3.548470 20.058884 25.764215 -4.838418 -2.140331
4.979747 -20.613348 -13.250087 5.857085 -10.619857 -0.653845 3.509844 4.851880 -2.540215 12.037252
-1.675316 -0.063294 -2.773213 15.900792 -6.770955 -5.183253 16.460243 22.202522 -4.201220 1.166129
0.003184 -0.388205 0.301529 18.767538 -8.668865 -3.066365 18.661871 27.008953 -1.759386 1.337585
3.443609 -7.448142 1.057507 16.689619 -11.311696 -4.133382 16.833700 26.705423 1.565293 9.296325
-7.475822 -11.121962 -24.313047 8.424186 -1.580154 0.659024 6.587070 -5.111187 -17.875641 -8.665170
-5.923078 -1.873762 -12.378377 12.695319 -2.538604 -2.200377 12.240937 10.244947 -10.273836 -5.431989
-0.120315 -2.005819 0.254004 17.646273 -8.235137 -4.382020 18.101044 26.397221 -1.801712 2.919894
7.818765 -23.216827 -12.352092 3.931005 -12.491185 0.166441 1.895398 4.261216 1.702565 17.214048
-3.013877 -11.594784 -16.632616 9.545047 -3.322348 -0.558544 7.393133 2.357436 -12.638642 -3.300363
-7.108106 -10.866492 -22.307362 8.521288 -1.352511 -0.154224 7.120743 -3.896740 -17.276302 -7.889151
-3.262951 1.176639 -4.588446 18.862118 -6.493956 -2.531627 18.476303 22.550610 -5.328054 -3.292921
1.537184 -22.947533 -23.246119 3.129797 -8.273089 1.593272 1.771008 -4.312938 -7.754031 8.754422
-7.163678 -9.192739 -22.286650 9.655412 -1.596414 0.309757 7.693218 -2.610679 -15.841458 -8.377699
5.602622 -12.671694 1.775243 14.165549 -12.446680 -3.433977 13.529964 24.274124 4.150445 13.503265
0.029092 -20.245155 -24.145655 5.452395 -7.486823 0.921132 2.962142 -3.366465 -10.168386 5.532932
-0.715340 -22.232048 -24.214348 5.172893 -7.843723 1.712850 2.900997 -3.868965 -9.418161 6.077062
-0.934171 -17.926138 -22.364862 6.591228 -6.660344 0.125899 3.848408 -2.654183 -11.073875 3.078318
-8.027113 -7.017340 -19.990887 10.578612 0.274404 -1.345295 8.673467 0.204730 -17.574749 -10.856075
-8.648697 -6.048363 -18.075659 12.341561 0.396153 -1.964344 9.975123 3.459905 -17.206209 -11.779391
-2.211255 0.085209 -0.772297 18.972544 -6.398285 -5.539645 18.475670 26.427406 -4.823547 -0.515768
