-0.623466 0.790762 -0.280625 -0.808882 0.875131 -1.087076 0.657657 -0.437661 -0.783768 -0.907113
0.660449 -0.310480 -0.685813 0.517696 -0.437188 0.115549 -0.187256 0.358488 0.559184 0.233170
-0.562020 0.487302 -0.048493 -0.761811 0.584395 -1.013897 0.410771 -0.322327 -0.607287 -0.831919
0.569663 -0.376900 -0.620804 0.402366 -0.291147 0.191729 -0.356235 0.522367 0.440844 0.302748
-0.801778 -0.335821 0.839970 -0.971903 0.068758 -1.387130 -0.568819 -0.613642 -0.015905 -1.190102
-0.476101 0.916684 -0.402696 -0.622364 0.843008 -0.868448 0.902921 -0.395434 -0.822863 -0.739016
-0.685315 0.382957 0.221474 -0.770744 0.503925 -1.110176 0.253415 -0.590457 -0.436954 -0.957264
0.528777 -0.438663 -0.460913 0.402832 -0.533338 0.165172 -0.368601 0.495691 0.538202 0.280692
-0.796062 -0.280924 0.673425 -0.958188 0.164660 -1.255832 -0.543004 -0.499823 -0.089581 -1.067129
-0.783182 -0.311606 0.910991 -0.850417 -0.009380 -1.258760 -0.444426 -0.870755 0.141169 -1.154172
-0.504568 0.730729 -0.246298 -0.635919 0.785896 -0.922276 0.698565 -0.440158 -0.681567 -0.802691
0.523897 -0.342647 -0.553486 0.394753 -0.302920 0.124390 -0.240169 0.431448 0.392047 0.250215
-0.773529 -0.106426 0.462107 -1.017352 0.345370 -1.214603 -0.391362 -0.295956 -0.287803 -1.037517
0.536736 -0.376361 -0.500535 0.398454 -0.483962 0.121674 -0.303235 0.389009 0.525568 0.220075
-0.331365 0.662507 -0.362749 -0.452569 0.675604 -0.646731 0.694903 -0.314141 -0.581965 -0.581640
-0.665170 -0.030228 0.584103 -0.699828 0.164807 -1.046632 -0.131490 -0.680712 -0.081012 -0.939247
-0.795975 -0.224213 0.685087 -0.951756 0.213195 -1.369368 -0.493115 -0.523727 -0.129988 -1.117144
0.506028 -0.409741 -0.500401 0.366397 -0.422060 0.220630 -0.390879 0.481447 0.492795 0.303206
-0.690279 -0.124576 0.565316 -0.907468 0.210369 -1.208537 -0.345705 -0.445236 -0.160542 -1.031984
-0.463746 0.846679 -0.339413 -0.598277 0.779539 -0.801821 0.835714 -0.392991 -0.749639 -0.682078
-0.672733 -0.191424 0.664434 -0.789912 0.091184 -1.135058 -0.381234 -0.602786 -0.026052 -0.981396
0.496627 -0.386103 -0.479811 0.377497 -0.464302 0.087572 -0.289448 0.413449 0.472011 0.200619
-0.685331 -0.154524 0.628229 -0.831919 0.179206 -1.187173 -0.380149 -0.601427 -0.047927 -1.027896
0.547754 -0.447617 -0.417788 0.466822 -0.591650 0.050977 -0.351820 0.215494 0.682985 0.151785
0.561172 -0.402005 -0.496240 0.500117 -0.486655 0.177384 -0.292847 0.344060 0.599176 0.272106
-0.750942 -0.242143 0.644590 -0.985744 0.194703 -1.320278 -0.615776 -0.446427 -0.071055 -1.111926
0.478920 -0.399741 -0.451795 0.363160 -0.475194 0.084291 -0.327076 0.406346 0.517261 0.198229
-0.473245 0.843206 -0.412186 -0.645256 0.855950 -0.878669 0.825521 -0.375680 -0.762796 -0.751056
0.520698 -0.419824 -0.473887 0.398063 -0.456140 0.180958 -0.364677 0.456829 0.499957 0.286665
0.578689 -0.434431 -0.482522 0.472312 -0.570296 0.160666 -0.365628 0.371592 0.641643 0.225173
0.444960 -0.359399 -0.438909 0.308037 -0.355914 0.088813 -0.302739 0.325423 0.448218 0.181482
-0.527902 0.413989 0.026927 -0.634522 0.473566 -0.893698 0.337816 -0.381005 -0.472192 -0.755619
0.621053 -0.430487 -0.575980 0.501824 -0.475563 0.275205 -0.341584 0.519698 0.556686 0.389603
-0.769841 -0.216167 0.775108 -0.876851 0.093649 -1.258021 -0.411608 -0.678569 -0.018566 -1.107239
-0.486230 0.746896 -0.235896 -0.613852 0.688757 -0.850871 0.700425 -0.393136 -0.671032 -0.730745
-0.551299 0.738521 -0.163424 -0.636408 0.695194 -0.910476 0.726402 -0.510200 -0.693964 -0.800660
-0.767132 -0.359214 0.843550 -0.925599 0.017305 -1.273762 -0.576552 -0.544783 -0.011154 -1.141568
-0.679128 -0.331985 0.815030 -0.725644 -0.111379 -1.154446 -0.394870 -0.746891 0.166605 -1.050027
-0.683937 -0.121339 0.628095 -0.771471 0.103434 -1.108227 -0.257863 -0.589307 -0.080166 -0.954981
-0.730497 -0.184780 0.705462 -0.846678 0.138190 -1.303369 -0.323998 -0.722438 -0.007910 -1.144205
-0.737518 -0.226596 0.779056 -0.863160 0.102636 -1.312397 -0.436957 -0.760833 0.034625 -1.138542
-0.733386 -0.163833 0.631265 -0.912360 0.199068 -1.257665 -0.392659 -0.538517 -0.142818 -1.081495
0.595630 -0.368382 -0.589867 0.484358 -0.478830 0.203636 -0.246809 0.470351 0.529891 0.304884
-0.353456 0.288476 -0.010132 -0.450637 0.349417 -0.678208 0.221532 -0.329391 -0.252632 -0.586459
0.552544 -0.426320 -0.495960 0.416223 -0.453902 0.181480 -0.345340 0.452707 0.515438 0.274791
0.539455 -0.363415 -0.527890 0.398151 -0.364275 0.140643 -0.293885 0.453832 0.407306 0.273431
-0.087356 0.554743 -0.451603 -0.149083 0.450100 -0.385647 0.646238 -0.225662 -0.353717 -0.319372
0.446654 -0.461837 -0.442339 0.308558 -0.489657 0.110551 -0.435264 0.461839 0.515790 0.222946
-0.771673 -0.301087 0.807787 -0.827719 0.010063 -1.200116 -0.431047 -0.653817 0.051591 -1.057532
0.642292 -0.394187 -0.674344 0.474037 -0.349329 0.229970 -0.351064 0.550281 0.498818 0.356699
-0.513258 0.824077 -0.279584 -0.652962 0.783491 -0.970985 0.857086 -0.481944 -0.764903 -0.808825
0.468171 -0.455233 -0.544591 0.291705 -0.391454 0.216296 -0.491264 0.631898 0.403514 0.324836
0.557791 -0.498052 -0.430648 0.327309 -0.633800 -0.009268 -0.480717 0.538276 0.561020 0.118944
0.551324 -0.392157 -0.531111 0.420779 -0.354542 0.174370 -0.301808 0.458329 0.430796 0.288336
0.484512 -0.474683 -0.445122 0.276577 -0.510040 0.085038 -0.451053 0.586689 0.428759 0.212878
0.592798 -0.504190 -0.387195 0.487416 -0.652118 0.088540 -0.427400 0.265518 0.724205 0.170188
-0.496411 0.768174 -0.338560 -0.608989 0.809483 -0.863175 0.743302 -0.451312 -0.712828 -0.732814
-0.520808 0.759768 -0.293929 -0.701526 0.688632 -0.939629 0.745745 -0.312519 -0.761115 -0.784648
-0.632157 -0.097952 0.588319 -0.709761 0.166023 -1.043469 -0.245385 -0.642755 -0.053057 -0.911286
-0.463422 0.812579 -0.287914 -0.594095 0.737282 -0.804492 0.816419 -0.371334 -0.763633 -0.683389
0.548352 -0.421856 -0.456828 0.467828 -0.550804 0.179959 -0.315383 0.342473 0.602169 0.277290
0.591881 -0.447298 -0.493847 0.492255 -0.488888 0.202715 -0.336807 0.407427 0.580642 0.309780
-0.771415 -0.266296 0.617934 -0.962205 0.233744 -1.328936 -0.590844 -0.457691 -0.111289 -1.084435
-0.818618 -0.282567 0.787111 -1.042180 0.130941 -1.513515 -0.593736 -0.609851 -0.029659 -1.256900
-0.602615 0.725445 -0.223375 -0.889026 0.809516 -1.192935 0.652669 -0.315527 -0.868883 -0.999139
0.564983 -0.481243 -0.497243 0.443771 -0.501809 0.203729 -0.386977 0.477904 0.557754 0.312440
0.601057 -0.393667 -0.490434 0.561927 -0.522131 0.253287 -0.260154 0.283867 0.649030 0.312616
0.592172 -0.382579 -0.580020 0.507242 -0.359769 0.317041 -0.245704 0.474275 0.478682 0.414376
0.547135 -0.418819 -0.567194 0.385256 -0.445697 0.209079 -0.338774 0.559959 0.444443 0.321048
0.503170 -0.481335 -0.465046 0.367971 -0.544341 0.160667 -0.434685 0.465074 0.546299 0.250376
-0.570302 0.624494 0.004190 -0.607630 0.588527 -0.886497 0.558677 -0.571161 -0.529926 -0.792493
-0.604441 0.680149 -0.130626 -0.847105 0.721190 -1.092708 0.547134 -0.320625 -0.774128 -0.896222
