-6.480423 -50.471958 16.543268 0.645429 -6.964126 -9.632277 -11.166541 9.405870 -19.105904 -4.702669
-1.721281 -37.014736 16.408167 2.076663 -8.917714 7.158089 -3.352192 13.700170 -25.806534 -15.040549
16.749786 -21.280027 -0.639159 -15.759824 23.744839 -18.266281 8.969629 -9.435937 -17.527090 1.869316
12.020777 -20.979099 0.635709 -17.078327 22.602152 -18.497473 5.804892 -10.781076 -12.589904 -0.728003
27.557566 -17.453465 -18.635054 -9.691651 25.456835 -26.150862 17.799873 -9.586052 -27.383017 20.971088
-0.167427 -33.261883 17.028769 -11.020302 3.889243 -4.048560 -0.036626 4.400621 -14.792786 -16.600210
18.611773 -11.461361 -20.324675 1.526724 12.325379 -11.796705 17.229200 0.552704 -31.427444 17.500816
12.973000 -19.442295 1.702640 -8.557544 11.883199 -7.952828 10.383358 -1.572492 -21.509514 -2.274074
7.054850 -34.065586 9.547993 4.661437 -8.954453 2.354443 -2.242240 11.135669 -28.293648 -7.316048
7.115708 -28.128912 10.007003 -10.988999 9.461741 -5.905680 4.290105 -1.205947 -18.042267 -11.403470
-15.955872 -53.515606 16.005665 4.803606 -10.037588 -14.741162 -14.859715 15.005605 -13.242508 2.979217
18.332123 -12.871730 -15.976053 -3.427918 15.580860 -10.313903 16.653959 -3.254673 -28.699593 11.928746
11.979074 -34.313423 -4.200876 0.542383 4.477149 -16.668383 5.187724 3.562344 -27.459028 11.582111
17.606926 -37.879642 -9.105692 2.237022 3.032431 -30.969187 1.091013 3.564151 -25.929903 26.668291
-2.693415 -39.756363 17.872929 8.096065 -16.542387 11.746856 -3.438837 18.265627 -31.326515 -14.577373
19.554758 -28.721209 -6.826344 -0.990153 4.497778 -18.688253 3.045554 -1.962815 -26.947533 16.727201
27.082214 -15.789166 -21.671318 -7.603858 24.304569 -27.332180 17.631426 -7.655776 -26.693245 24.577627
26.265345 -9.652749 -29.575441 -5.587081 26.854259 -20.065653 22.555576 -14.523635 -34.246883 26.702681
-3.226739 -41.617496 18.538496 1.234297 -10.496679 3.168980 -5.083941 15.399465 -24.826443 -14.137507
18.509169 -23.058151 0.645954 -23.775076 33.064407 -22.506336 12.370981 -15.424981 -16.831163 -1.206447
-3.827835 -52.517620 12.131470 4.681590 -8.459435 -16.809149 -11.492808 11.800169 -19.930672 4.176583
26.100496 -19.375721 -17.154013 -14.092795 31.453465 -27.881720 19.156067 -12.245376 -24.429409 17.353128
19.831732 -18.295958 -11.349395 -14.342987 27.662342 -20.261429 19.324572 -8.978359 -23.009602 8.802814
0.158371 -35.652626 19.683432 -2.664423 -7.010677 5.949152 -3.281308 9.927591 -22.466482 -18.845907
-3.047197 -36.025280 20.395987 -0.099179 -9.520279 9.199650 -2.423891 16.048592 -25.194302 -19.769434
21.238207 -22.144131 -19.097635 -10.156892 25.739151 -31.011202 17.898880 -7.449810 -23.683247 22.372723
25.273943 -17.755131 -20.073259 -3.239998 16.465080 -22.399853 11.518007 -9.257901 -27.902517 23.580477
-1.617835 -41.870758 18.775759 6.643828 -16.398687 7.977166 -5.620527 17.976040 -29.492369 -14.308625
3.400254 -35.880070 14.110936 -8.952882 4.890204 -7.879468 -2.062949 1.429755 -16.060541 -11.665337
-2.104341 -39.608742 15.995094 5.154009 -12.454337 6.092070 -4.371677 15.677163 -26.826874 -12.396664
7.685141 -34.866444 3.535373 4.569747 -3.882317 -5.145904 -1.248425 5.982692 -27.855431 1.577376
-6.046552 -52.455734 13.815647 -3.412617 1.635466 -26.293610 -15.225943 4.551902 -9.291116 4.093487
43.190552 -5.981651 -39.728634 -22.302048 51.915398 -37.909214 38.155674 -22.794891 -33.186310 32.680195
-5.265435 -47.283710 14.959028 -4.193961 0.009625 -20.421688 -11.936953 7.280722 -9.723614 -1.171467
7.842238 -4.004142 -14.192156 0.258858 9.261292 -5.862761 12.503986 2.163334 -22.031342 10.250955
2.113548 -28.987286 17.759596 -12.416255 4.810735 2.117462 2.319139 3.420772 -19.219048 -21.637251
-2.169454 -42.176395 16.375854 5.593472 -13.697644 5.928977 -5.908248 14.720589 -27.692606 -11.544559
-3.702218 -43.811970 11.320936 -1.325688 -4.999935 -20.771496 -5.149709 15.034062 -13.457504 3.493150
-1.925838 -34.203403 16.941689 2.126611 -10.797443 7.653308 -1.825498 17.031906 -24.279320 -16.335052
4.399800 -22.510286 -3.952784 3.032134 1.855320 -3.219393 0.167189 -4.792711 -23.921146 5.876384
0.125035 -16.616470 7.699977 -14.643140 11.364917 -10.710608 -3.186482 -1.532940 -8.371646 -4.855349
-1.764490 -25.494606 12.421263 -6.257643 3.261207 0.800451 0.744206 7.314627 -16.784912 -14.647246
-1.552646 -20.644386 15.568134 -13.887135 7.093299 0.254049 0.314902 0.371414 -12.008233 -19.180410
-0.354500 -40.919765 18.229435 4.322114 -13.428885 8.894958 -4.543344 13.890723 -29.450762 -15.716082
15.986595 -26.793114 0.368165 -1.869084 3.370843 -11.782917 3.178407 2.896929 -23.016504 5.065332
-1.335690 -36.019917 15.631632 6.331729 -14.453702 6.672658 -4.768077 17.564535 -24.697910 -12.617770
26.170866 -15.621953 -20.721889 -9.711335 27.171883 -27.570873 19.727360 -11.446527 -24.885548 22.375746
5.427711 -19.585247 -0.605606 -15.550308 20.742413 -16.067856 11.768825 -4.691399 -13.270761 -0.620199
4.519892 -28.381294 8.132296 -15.846150 18.190580 -23.150923 -5.765677 -8.317042 -6.741571 0.169768
1.005947 -28.332115 11.064646 0.066902 -7.278646 -1.685047 -0.617133 12.746117 -17.718052 -8.555924
-2.085434 -41.181591 14.964664 -0.426775 -7.296636 -12.749565 -8.468104 13.988624 -12.228072 -4.150276
-14.456455 -50.408588 18.235415 -2.547667 -3.079596 -23.548719 -16.124523 11.879433 -2.543572 0.757819
8.829877 -25.884525 10.544251 -13.387286 11.396005 -9.820524 0.810817 -4.782070 -14.075611 -9.271209
20.475206 -11.818504 -20.905752 1.679202 11.999727 -12.096949 18.221134 1.113926 -32.581291 18.496984
-1.932786 -41.668846 15.344281 4.847956 -12.382721 0.883463 -8.896051 11.898421 -21.884403 -8.660190
-10.540856 -37.164532 12.751239 11.548998 -18.990046 4.311966 -6.260801 19.657932 -24.717545 -2.518026
8.843374 -44.098106 10.191824 0.490939 -3.247392 -11.451904 -5.722106 6.300176 -25.357803 -0.930573
6.614957 -38.633121 4.056422 0.129484 -0.493247 -22.317579 -6.605375 5.112578 -16.305683 10.682391
14.066942 -7.763777 -14.631429 -1.168289 12.566608 -6.983377 15.700780 -0.204490 -25.102777 10.187510
-2.169854 -41.492893 16.867786 9.060483 -17.236490 9.901793 -5.380062 18.340672 -30.843130 -12.653358
6.451994 -12.431325 -4.491975 -1.736221 7.338094 -6.561180 7.038712 1.560930 -16.599892 2.281862
12.482592 -4.630925 -12.456846 -2.582318 10.464048 -5.440288 13.524441 -1.262306 -22.351700 7.423777
40.691620 -7.449205 -36.035023 -21.291058 49.504578 -34.763084 36.883442 -19.927252 -33.761784 28.855103
27.781874 -9.974844 -22.949350 -11.768895 31.061142 -25.425398 20.041313 -13.229056 -25.902128 21.413090
41.447296 -6.409224 -35.917629 -15.464295 36.201012 -40.815262 26.037983 -18.043627 -28.363152 40.244465
6.091673 -36.192554 -12.403762 4.353543 6.594116 -20.931662 0.536777 -6.297029 -28.202908 21.851030
-4.073259 -35.222847 12.345537 -5.601826 1.184266 -11.736769 -4.032490 4.680676 -11.334838 -5.453924
-6.158090 -41.578575 17.439423 -5.395720 -3.492540 -6.638216 -5.811011 9.932532 -16.330154 -9.235188
