0.745004 -2.549274 4.140099 1.731680 -0.952706 -2.502483 2.848508 0.796961 3.944413 0.472362
0.783217 -2.591406 4.045644 1.684132 -1.001108 -2.558573 2.821769 0.817046 3.801135 0.443035
0.777120 -2.619078 4.119310 1.682181 -0.973284 -2.568390 2.885471 0.803322 3.908854 0.458405
0.768286 -2.616092 4.069985 1.713216 -0.970890 -2.553117 2.844913 0.809266 3.888346 0.498584
0.793800 -2.573415 4.065262 1.711364 -1.005078 -2.556967 2.829906 0.817207 3.838014 0.462485
0.797622 -2.590310 4.087904 1.735028 -0.998935 -2.579730 2.850412 0.813870 3.897190 0.505570
0.783759 -2.534700 4.076515 1.711607 -1.008152 -2.531962 2.825452 0.833926 3.828323 0.453129
0.804821 -2.600485 4.082400 1.709479 -1.002160 -2.575911 2.855361 0.818255 3.874466 0.484088
0.782147 -2.552677 4.034842 1.715724 -1.017155 -2.533226 2.793994 0.802917 3.805776 0.462989
0.760257 -2.620736 4.072791 1.713104 -0.962375 -2.553758 2.841356 0.810737 3.909672 0.490738
0.820700 -2.513677 4.035755 1.744304 -1.052325 -2.529942 2.785067 0.854776 3.813764 0.508171
0.791033 -2.534766 4.061654 1.696673 -1.014442 -2.525113 2.812203 0.821948 3.799807 0.450699
0.776328 -2.574135 4.131931 1.706680 -0.971448 -2.548232 2.842267 0.805406 3.896317 0.457899
0.761086 -2.555564 4.111248 1.709866 -0.979272 -2.511445 2.878382 0.811631 3.891516 0.485559
0.776959 -2.571002 4.111863 1.689820 -0.978251 -2.514998 2.859478 0.767444 3.873322 0.460584
0.806279 -2.549925 4.074772 1.727250 -1.004616 -2.554053 2.826764 0.814925 3.826417 0.499906
0.765797 -2.600585 4.101538 1.710651 -0.981293 -2.553768 2.872643 0.808083 3.888117 0.472386
0.778788 -2.525618 4.092211 1.708703 -0.986967 -2.503982 2.802312 0.819755 3.861822 0.459805
0.794767 -2.566333 4.095549 1.730972 -1.005755 -2.550810 2.821709 0.813137 3.885727 0.472137
0.777058 -2.598837 4.047655 1.710490 -1.008317 -2.550380 2.844377 0.823724 3.815483 0.501804
0.741774 -2.567823 4.143840 1.726908 -0.963140 -2.501038 2.846512 0.795561 3.946721 0.477323
0.724637 -2.657957 4.191174 1.729405 -0.894530 -2.539046 2.892922 0.755971 4.104280 0.502387
0.799454 -2.605703 4.092490 1.695994 -1.002052 -2.557571 2.880338 0.806815 3.851899 0.478862
0.799170 -2.570752 4.069881 1.751021 -1.024948 -2.539260 2.817169 0.808546 3.868427 0.506258
0.821712 -2.552872 4.042282 1.686607 -1.029422 -2.576261 2.814560 0.810055 3.807900 0.448664
0.767801 -2.650854 4.104940 1.719271 -0.961179 -2.578684 2.895342 0.820550 3.959363 0.520924
0.790236 -2.515352 4.063836 1.688106 -1.005477 -2.486186 2.796865 0.800592 3.791949 0.458105
0.822658 -2.421786 3.944718 1.673739 -1.089890 -2.509541 2.742699 0.870075 3.607912 0.446825
0.735012 -2.646241 4.135845 1.724072 -0.943465 -2.556171 2.874834 0.790816 3.986054 0.485171
0.804058 -2.553833 4.070072 1.709181 -1.028602 -2.557824 2.834546 0.826209 3.788988 0.460631
0.753342 -2.548379 4.088673 1.694533 -0.971440 -2.485657 2.819491 0.798310 3.857830 0.453025
0.742541 -2.574158 4.158745 1.739255 -0.936138 -2.507626 2.884987 0.798657 4.027181 0.524906
0.753957 -2.633029 4.144185 1.728741 -0.940953 -2.561306 2.861737 0.811316 4.046750 0.513604
0.751052 -2.609849 4.141598 1.707301 -0.971672 -2.552105 2.914786 0.809866 3.932660 0.487351
0.782731 -2.588605 4.100037 1.691556 -1.012504 -2.555928 2.859977 0.827836 3.845661 0.455510
0.765251 -2.622467 4.062789 1.686347 -0.976500 -2.565726 2.859055 0.810857 3.874887 0.476012
0.776799 -2.512852 4.061230 1.721539 -1.000688 -2.517712 2.768269 0.816411 3.835444 0.443536
0.790547 -2.557626 4.081057 1.732609 -0.993960 -2.567601 2.832232 0.824322 3.859866 0.491230
0.814343 -2.566202 4.078149 1.704782 -1.023835 -2.583923 2.848778 0.831930 3.829300 0.476677
0.801225 -2.481115 4.060752 1.720901 -1.019620 -2.487421 2.745517 0.797684 3.808919 0.447017
0.779307 -2.578043 4.007243 1.660513 -1.010559 -2.564163 2.813352 0.816399 3.756742 0.456913
0.842013 -2.545727 4.033386 1.704082 -1.037992 -2.582911 2.804418 0.815842 3.769085 0.468886
0.754069 -2.558277 4.104045 1.722843 -0.972239 -2.507020 2.831588 0.800683 3.889431 0.471142
0.765249 -2.575159 4.110406 1.711785 -0.974538 -2.534362 2.856829 0.791641 3.896715 0.476562
0.791303 -2.551428 4.075293 1.708737 -1.004939 -2.529152 2.821999 0.804636 3.821438 0.459056
0.787215 -2.562948 4.078378 1.717234 -0.997167 -2.552582 2.884597 0.846849 3.855723 0.499072
0.790793 -2.597866 4.075493 1.717887 -1.000979 -2.577314 2.840904 0.818424 3.859342 0.503833
0.778875 -2.614015 4.144860 1.730358 -0.983790 -2.562083 2.874663 0.804239 3.986181 0.508597
0.811586 -2.555770 4.054845 1.684391 -1.035334 -2.578316 2.863220 0.865385 3.759912 0.456852
0.764114 -2.574789 4.137947 1.732985 -0.959330 -2.531374 2.848139 0.788156 3.968714 0.482383
0.769638 -2.448723 4.040772 1.706715 -0.989094 -2.459170 2.792463 0.833373 3.786806 0.476889
0.766773 -2.544412 4.105488 1.741148 -0.976601 -2.516128 2.848808 0.819679 3.909663 0.509858
0.814724 -2.508993 4.034484 1.631024 -1.007622 -2.522820 2.798680 0.829483 3.724631 0.412554
0.810342 -2.623847 4.082969 1.692227 -0.997001 -2.577270 2.879760 0.828571 3.844499 0.486327
0.851820 -2.458104 4.006426 1.655084 -1.068746 -2.513553 2.778413 0.841212 3.631574 0.420278
0.749099 -2.615410 4.120536 1.713888 -0.964583 -2.542777 2.867291 0.805123 3.929213 0.466131
0.755645 -2.515189 4.049564 1.746873 -0.974502 -2.481101 2.808600 0.805927 3.862113 0.506072
0.801335 -2.549077 4.110948 1.732744 -0.979973 -2.535519 2.816842 0.768004 3.918261 0.481284
0.790617 -2.509384 4.052690 1.689867 -1.003714 -2.508242 2.793915 0.824583 3.771422 0.441639
0.782800 -2.550230 4.092358 1.707027 -0.997659 -2.546181 2.821052 0.805297 3.837645 0.443727
0.832578 -2.507789 4.030965 1.700255 -1.059899 -2.556841 2.812955 0.846274 3.732561 0.453093
0.775267 -2.575651 4.092675 1.740865 -0.976951 -2.526488 2.811154 0.793407 3.933987 0.505783
0.768952 -2.598315 4.024542 1.754417 -0.979526 -2.535868 2.787444 0.812448 3.889608 0.519246
0.766057 -2.520716 4.116976 1.743587 -0.953626 -2.489169 2.781899 0.771533 3.961821 0.482474
0.802544 -2.441955 4.000985 1.697035 -0.993461 -2.474988 2.760800 0.818984 3.783492 0.494137
0.773531 -2.540473 4.109735 1.712391 -0.973345 -2.514256 2.858141 0.828488 3.891913 0.499278
0.791642 -2.575543 4.133718 1.706492 -0.984898 -2.557353 2.876184 0.814551 3.896847 0.486736
0.789423 -2.566925 4.104716 1.704653 -1.000101 -2.558776 2.873796 0.819656 3.866756 0.474521
