-13.421863 -14.148150 2.540845 5.407684 12.545027 -30.096455 19.335732 5.347144 0.975968 8.389797
-3.636683 -8.067443 -6.134861 -1.975604 4.507517 -20.111605 12.011057 4.355394 5.649251 3.050135
-16.075386 -14.364682 4.929661 6.889437 13.248323 -30.327150 18.700680 5.248285 5.323600 7.413311
-1.764054 -8.065149 -5.871710 -2.863429 4.861427 -17.165060 10.451713 3.234884 1.819218 4.489002
-3.335878 -10.666174 -4.015955 -2.256046 6.961606 -17.056303 10.892989 2.004660 -0.312490 7.041174
1.518444 -5.732963 -9.105043 -5.204978 1.978172 -15.142951 9.045928 4.079124 3.730545 3.327212
12.963943 -5.821431 -10.562101 -14.547209 -0.688906 8.185714 -3.250538 -3.153485 -0.492594 0.918884
1.626595 -10.372697 -4.562144 -4.698678 7.025804 -8.975212 6.022277 -0.192117 -3.780979 8.183162
2.244529 -9.378188 -5.695128 -4.926846 5.797616 -8.683075 6.178481 0.413770 -4.773263 8.119565
5.489700 -5.569776 -9.269158 -7.143577 1.699094 -7.204869 4.369023 1.627996 -0.852724 4.652150
13.681530 -4.863712 -11.306355 -14.647024 -2.184897 7.534932 -3.091215 -3.062659 0.221078 0.200399
1.970237 -9.671623 -4.597741 -3.933436 6.696061 -8.958292 6.802154 0.397261 -6.299858 8.937732
-3.350749 -6.300431 -2.429881 0.950237 6.216709 -21.920208 13.928743 3.876741 -7.742182 6.810718
11.352040 -3.643868 -12.656358 -12.446376 -1.780203 -0.159314 -0.301417 -0.269858 -1.216159 2.149850
-4.942159 -10.539795 -1.416221 0.093213 9.051606 -21.772501 15.314334 3.195743 -8.080936 8.992194
13.906480 -5.444871 -11.535184 -15.246040 -1.492563 8.096024 -3.403751 -3.142988 -0.139653 0.628696
-1.872903 -8.384486 -5.911502 -2.229158 5.033353 -16.859602 10.337692 3.165378 3.324134 4.492495
6.644836 -4.796819 -9.770985 -8.327758 1.254819 -5.171183 2.669927 0.516852 -3.194428 4.805711
-17.094978 -15.569287 6.333346 8.468808 14.968748 -31.138912 19.698483 5.465330 3.822112 8.656505
5.612137 -6.309118 -7.697975 -7.607798 2.511768 -4.734697 2.640872 -0.209253 -3.115140 4.673816
-5.895288 -7.161805 -0.312703 2.286204 7.521083 -25.995461 16.891945 4.285654 -9.991949 7.691070
9.963714 -5.679099 -9.700286 -11.111202 0.050670 1.614150 -0.781036 -1.045523 -1.474206 3.194440
-2.105206 -5.992519 -7.110556 -1.886525 2.831288 -17.508858 10.842682 4.916712 7.466597 1.336696
14.198896 -3.739968 -12.023430 -14.497043 -3.183559 6.088802 -2.944642 -1.831453 0.239962 0.837472
13.771828 -5.051483 -11.549654 -14.971974 -1.734638 7.805724 -3.373595 -2.923486 0.159466 0.656603
-1.569986 -5.160279 -5.316495 -2.118078 3.449003 -18.128679 10.896418 3.758560 -0.614837 3.439946
-2.131693 -5.940578 -6.224036 -2.245897 3.173858 -18.592958 10.992246 4.190152 3.528717 2.767266
-4.359252 -7.920344 -1.761279 -0.306848 7.283851 -20.142166 13.050176 2.904516 -7.527634 7.662895
-13.676702 -13.946021 2.250023 5.305449 12.153977 -29.739309 17.981781 4.706110 4.733895 7.217149
-1.245928 -6.270835 -6.381641 -2.384087 3.718433 -16.810400 10.272180 3.963086 1.998527 3.398612
-4.422288 -9.050648 -1.489865 1.201168 8.125340 -21.879187 14.758990 3.500892 -8.481539 8.345537
2.334102 -8.532954 -6.034275 -4.707380 5.786187 -9.994543 6.375968 1.045202 -4.615538 7.388310
13.985790 -5.315296 -11.570433 -15.212651 -1.750800 7.899365 -3.290603 -3.275784 -0.082346 0.404950
-13.396745 -12.586429 5.801762 8.224295 12.986607 -31.841385 20.928881 5.822577 -8.280025 10.186250
-7.637634 -12.079276 2.607428 2.789411 11.626273 -20.002359 13.573099 1.850847 -8.920347 10.101561
3.945052 -8.301604 -6.395987 -6.286093 5.149420 -6.114424 4.540841 -0.538971 -6.590303 7.839980
-16.275463 -14.508203 5.936988 6.872739 14.082212 -28.240267 16.488827 3.765352 4.232529 7.556498
11.219160 -1.690742 -10.915660 -11.162717 -3.194183 1.013534 -1.247013 -0.011657 -0.506395 1.197506
14.179558 -5.487593 -11.763955 -15.587361 -1.516764 8.149918 -3.265158 -3.282950 -0.192292 0.574497
13.518668 -5.397534 -12.607182 -14.876487 -1.557875 5.765061 -2.423880 -2.793733 -1.035684 1.359426
0.969704 -7.563012 -4.166967 -4.112884 5.599662 -10.016964 6.492347 -0.179075 -6.227592 7.318992
14.049091 -5.661222 -12.025251 -15.328831 -1.549833 7.426288 -3.194602 -3.002001 -0.419432 1.214959
-2.056065 -7.333480 -5.329305 -2.246820 4.312102 -15.532279 9.312837 2.585565 3.513405 3.682469
12.731343 -3.854190 -12.356920 -13.470833 -2.150202 3.233369 -1.736448 -1.463890 -0.335205 1.593147
13.292454 -5.458852 -11.070876 -14.434263 -1.367299 7.556623 -3.200084 -2.874355 -0.229713 1.206572
9.006482 -3.166840 -11.180361 -10.191738 -1.322083 -1.521799 0.450830 0.001340 -0.642222 2.028968
3.727035 -8.797273 -5.245924 -5.956053 5.439075 -4.401911 3.078751 -1.272543 -4.267750 6.928209
14.223533 -4.658330 -11.570626 -15.151564 -2.203117 7.724478 -3.339535 -2.888090 0.269646 0.457049
7.801381 -3.369934 -10.966721 -9.767504 -0.608911 -3.607844 1.117720 0.194888 -1.397057 2.614015
9.178803 -8.025653 -8.230956 -11.370680 2.637857 3.893069 -1.440786 -2.324721 -7.886553 4.682127
-2.634644 -8.178378 -3.303965 -1.023895 6.939021 -19.973923 13.382075 3.364151 -8.025327 7.574868
9.413806 -4.203519 -10.639976 -10.437169 -0.688072 -1.662423 0.044973 -0.420607 -1.957795 3.160216
1.779391 -10.523523 -4.841166 -4.513994 7.209247 -8.838762 6.228890 -0.161375 -5.845254 8.944329
-1.788031 -6.463564 -6.801804 -3.500056 3.279406 -16.134794 9.550979 3.390786 4.562833 2.336003
1.805493 -8.000232 -5.714553 -5.281926 5.523560 -9.048390 5.834574 -0.172866 -6.115974 7.160775
13.880029 -4.436607 -11.309460 -14.573044 -2.577602 7.453670 -3.309166 -2.707465 0.406636 0.257588
6.894428 -4.082393 -9.423566 -9.128519 1.047690 -2.827295 1.289614 -0.996628 -5.050754 4.203654
2.647270 -8.064151 -4.902601 -4.685012 5.451434 -7.073331 4.819996 -0.734747 -7.046863 7.071412
7.976339 -4.669543 -10.192550 -9.661059 0.558967 -2.627104 0.896380 -0.508466 -2.520120 3.618223
11.114367 -5.223896 -10.176363 -12.292159 -0.708963 4.975950 -1.768162 -2.554903 -0.652849 0.649985
13.541207 -3.453041 -10.838430 -13.840615 -2.989000 7.075813 -3.360104 -2.029039 0.860081 0.374120
-2.756258 -6.460757 -6.316591 -2.180632 3.522379 -18.240284 10.200393 3.732756 5.873661 1.719819
13.108914 -4.779264 -11.173994 -14.089241 -1.721313 6.845763 -2.886886 -2.600186 -0.048664 0.827771
5.208569 -4.302459 -9.165823 -7.185973 0.330754 -5.698905 2.768352 1.146490 1.662565 2.752141
2.707855 -9.631146 -4.750679 -5.054588 6.345398 -8.212545 6.274553 -0.371646 -8.720932 8.853806
13.788166 -4.364085 -12.551240 -14.753023 -2.583178 5.022504 -2.379833 -1.800971 -0.314176 1.209400
13.398971 -5.032199 -10.981958 -14.466468 -1.810228 7.662121 -3.384068 -2.868598 0.069744 0.550747
11.805799 -4.506372 -11.667439 -12.713212 -1.725136 2.654801 -1.350690 -1.589989 -0.467614 1.419916
7.522421 -3.890514 -10.226813 -8.805850 -0.664395 -3.839600 1.650301 0.804857 0.209327 2.508251
7.372363 -2.945599 -9.915251 -7.855412 -0.619282 -6.040298 2.369711 1.323326 -2.525379 3.387383
-3.721809 -10.411714 -1.611156 0.409905 8.888258 -20.170120 13.854680 2.375998 -9.694006 9.739091
