6.141793 -4.417657 5.513549 21.670879 -27.715942 -5.938215 20.924028 27.415318 -7.600338 -5.178573
-2.988907 0.184570 9.022294 21.018858 -31.230993 -0.371566 23.249960 27.913744 -7.668601 -10.457221
5.608955 7.489487 24.322392 25.896011 -27.054106 -2.329663 31.546978 51.370781 -21.822880 -17.877903
-15.872334 0.303844 18.468679 18.181356 -34.658585 4.729003 21.396852 30.008461 -13.577065 -19.454056
7.095646 -7.957754 1.081746 21.268692 -28.492315 -7.490810 19.266386 27.270065 -4.792645 -3.716406
4.204942 -16.217854 -6.698768 20.825172 -34.552948 -8.128887 14.572392 18.040142 2.182540 1.969030
-7.407050 -19.509007 -7.970535 16.179075 -36.687210 -4.399532 8.810940 8.363046 5.380200 -1.772662
2.102047 -5.473398 5.311801 20.621290 -29.146713 -5.204322 19.919603 27.317024 -6.547186 -7.166797
-4.874501 -14.952325 -5.080678 16.769222 -34.455658 -4.357043 11.620642 12.521482 2.953375 -2.172190
3.976642 -1.513942 13.976217 23.305262 -29.989702 -4.348550 24.611788 38.501984 -14.109470 -10.983312
0.481339 -12.331425 0.256103 20.461119 -33.940712 -6.273571 17.070253 22.906124 -2.343686 -3.982052
-0.660877 -13.172040 -2.314336 20.697802 -35.968758 -6.044760 17.182491 21.364433 0.201244 -3.069001
10.571320 -4.429949 6.726419 22.892523 -27.187220 -7.805071 22.488770 35.008682 -9.733991 -5.823236
-0.531641 -17.964268 -10.060587 16.325151 -32.069580 -6.461920 8.572073 7.251553 5.596681 1.403908
5.395612 -14.936496 -6.531161 19.343782 -30.594679 -7.541998 13.292830 16.183624 1.359410 1.605798
-7.591733 -11.946824 -0.026104 18.538652 -36.593250 -2.316299 15.147804 16.924082 -0.675194 -6.180728
-0.469016 -3.076735 10.734869 22.332859 -32.626190 -3.279098 23.101870 33.485451 -10.199866 -10.674076
5.917429 -16.699665 -10.252811 19.378431 -31.954876 -9.016717 13.244221 14.397271 5.434648 4.058202
6.769456 6.957129 24.274689 26.183292 -26.938799 -2.898917 31.637018 52.821915 -22.388327 -17.805380
-0.628289 -9.586414 3.307623 21.663429 -34.834496 -5.212051 19.876743 27.702309 -4.678193 -6.973268
8.278418 -2.380448 7.595864 23.312286 -28.112280 -6.467501 24.061007 34.670280 -9.840357 -7.336604
-4.786937 -11.690809 -1.498899 20.578438 -37.883499 -4.030554 18.048716 21.200640 0.612650 -5.312767
20.120228 -9.162580 -3.637024 19.672373 -18.581831 -13.228755 16.083784 27.632540 -2.958469 2.896312
-3.100785 -21.356754 -11.446667 15.215143 -34.959869 -6.714989 7.148996 5.394833 7.167250 1.489857
-16.056007 -11.886648 1.721834 15.642002 -38.964813 0.857977 13.533941 13.476876 0.616305 -9.361373
-7.244561 -11.248831 2.407603 18.753721 -35.799995 -2.637771 15.649534 19.910070 -2.776192 -7.444367
-13.344419 -17.146801 -1.586057 16.849697 -40.854675 -1.929118 12.045762 13.700772 2.277903 -6.485272
13.681084 -9.041071 -4.536212 21.079359 -25.546528 -10.551410 18.205437 24.854805 -0.244443 2.299081
11.818584 -3.167849 7.738906 23.413937 -26.054766 -9.057504 23.580072 37.738659 -10.469060 -6.446382
-0.600692 -17.895847 -9.147407 19.469604 -36.357769 -6.849735 12.951036 12.570821 5.276132 0.493201
-1.382294 -16.848511 -8.546507 19.486395 -35.953079 -6.679125 13.562006 14.023500 5.206405 -0.705891
-0.804181 5.310464 23.031013 24.954712 -31.164427 0.019717 29.998192 46.585136 -19.954830 -18.509636
-1.782403 -23.624409 -13.881198 17.173035 -37.991394 -8.155550 8.545579 7.907041 8.942601 2.535085
-8.412940 -5.634669 8.430321 19.899632 -35.637745 -0.540158 19.945601 25.761566 -6.975175 -11.456599
11.576777 3.524890 17.388647 24.563932 -24.047178 -6.320194 28.032339 46.847847 -17.741802 -12.387062
8.691995 -14.216377 -4.720235 19.100138 -27.585938 -9.280340 13.706987 20.334137 -0.594143 1.642403
8.205500 4.121111 18.949532 24.380917 -25.462046 -4.755453 28.252504 47.224396 -18.527000 -14.265965
9.372215 -2.122063 10.726579 23.706625 -27.295511 -7.043216 24.286587 38.722416 -12.618657 -8.541474
-6.661117 -18.460257 -5.330400 18.882547 -40.017250 -5.039820 13.133432 15.794961 3.082232 -3.938396
-1.815920 -4.418412 12.145655 20.007759 -30.683466 -2.473494 20.018969 32.415207 -12.145952 -11.711551
-0.187232 -12.369802 -1.254088 18.711916 -31.675009 -6.348979 15.023415 20.879921 -0.755157 -3.421213
3.503287 -7.011982 5.228772 22.186325 -32.054981 -5.261598 21.092566 29.799459 -7.248684 -6.162992
-0.482402 -4.797732 10.012451 20.851372 -31.042204 -3.282678 20.601072 30.495806 -10.150527 -9.639499
0.442064 -17.886063 -9.941818 17.487934 -32.689838 -6.998701 10.323431 9.850436 5.298191 1.181502
2.943363 -0.938072 14.219294 24.042019 -31.404657 -3.678706 26.116045 39.314262 -13.809171 -12.055152
22.379948 -10.335917 -6.054729 19.645880 -17.794222 -13.644469 14.999262 24.898548 -1.488104 4.923121
3.550122 -4.479394 8.377264 21.760700 -29.501701 -5.544196 21.592459 32.489452 -9.642892 -8.566762
0.882684 -13.538424 -5.354384 21.234528 -35.754105 -6.230669 17.068846 18.543415 2.430300 -0.909778
2.223324 -6.855585 6.888790 20.218426 -29.700089 -5.489684 19.194487 29.167521 -8.527761 -7.391233
-0.318280 -2.781737 11.301564 20.896988 -29.980234 -2.796460 21.361958 29.759430 -10.989179 -10.118751
5.634516 -2.403246 7.745764 22.972910 -29.260813 -5.811859 23.872934 33.067310 -9.056889 -7.653504
14.577191 -15.619507 -9.665720 20.648827 -27.805784 -12.706422 14.826033 22.020374 2.672779 4.070912
11.729578 -1.287194 7.289810 23.296446 -25.368715 -8.489233 24.758211 37.485374 -9.192279 -6.169342
9.980276 3.631710 14.313452 23.461224 -24.303078 -6.210964 27.455179 42.934006 -14.551472 -10.932899
-11.077744 -19.130699 -5.265378 16.880095 -41.270287 -3.555259 11.680123 13.134812 4.986759 -4.300023
10.074057 -21.578407 -16.969286 16.352570 -28.438732 -11.547175 7.256203 6.261221 9.005622 7.668018
-0.176410 -6.359092 6.651104 20.943024 -31.455111 -3.723062 19.944994 27.686375 -7.514524 -7.847128
3.837672 4.569623 22.318172 24.412264 -27.502428 -2.612588 28.576056 47.084618 -20.497217 -16.740763
2.025696 -7.720321 3.905073 21.435087 -31.473959 -5.194029 19.336359 25.855242 -5.791935 -5.679595
2.149147 -17.934336 -11.270821 17.053295 -32.107731 -7.705522 10.515510 11.265550 5.911343 1.157987
4.188185 -17.438478 -12.233458 16.000172 -29.850843 -7.680705 8.975289 7.958174 6.768749 4.511098
11.619233 -11.012144 -3.567798 21.030922 -27.043640 -10.576907 17.110209 24.794888 -1.690295 0.513878
3.546615 -9.149259 -0.490552 19.047546 -28.278530 -5.601727 15.325222 18.937096 -2.541148 -1.640008
-10.244895 -8.769439 5.029670 18.165895 -35.861107 -0.438169 16.439137 19.132261 -3.530267 -10.007550
-0.469184 -7.677675 5.231557 20.883913 -32.796852 -4.567988 19.711628 26.489040 -6.215641 -7.053644
1.946935 -12.613668 -3.266542 20.646669 -33.241585 -5.918851 16.123306 19.506802 -0.367591 -1.929027
8.017084 -18.879837 -11.767962 18.559332 -30.044748 -9.843995 10.525536 12.481729 5.164674 5.696642
-0.760094 -21.431122 -13.271685 18.329645 -37.824417 -8.064117 10.653432 10.187677 8.352003 1.698936
2.827592 -9.424858 1.468360 20.593054 -31.037127 -6.609655 18.424664 25.886032 -4.084288 -4.881627
-3.405359 -9.887590 1.774346 20.929647 -36.073105 -3.781330 18.477158 21.461250 -2.506863 -5.993846
9.427725 -8.378237 0.495459 20.938549 -27.386082 -8.845252 18.608797 26.780342 -4.208398 -1.254041
