4.978510 19.944477 11.579233 -1.366071 -15.705933 -8.727818 7.410677 11.214496 -8.725636 -10.234321
6.027865 14.931381 10.075572 -1.159233 -10.036353 -8.518571 5.929844 9.590611 -9.382435 -8.979193
-54.548565 26.500074 -21.284037 44.441978 24.843781 43.522232 -45.528099 -23.468943 22.209087 23.908009
-56.440472 24.990335 -27.782965 46.367268 26.726238 47.973160 -48.943390 -23.239830 27.273932 28.426867
-59.921505 27.381231 -25.444059 49.489292 28.967487 51.890804 -50.271267 -29.204069 24.723309 27.127291
0.499970 18.876829 11.327954 2.051864 -10.299657 -10.290751 2.175094 9.037540 -7.149741 -10.959058
-45.619267 26.876173 -16.483700 34.278969 25.415749 40.146893 -37.757259 -25.220722 12.139028 25.690903
-31.464802 26.105581 -12.751766 24.254202 21.590239 27.183380 -26.846325 -15.844793 4.428483 22.091387
-20.719032 32.698391 -5.619037 20.729277 17.021675 21.375418 -18.189045 -9.687740 -1.040410 21.502443
-24.367500 27.922812 -5.648678 21.897028 16.458031 20.307091 -21.528992 -4.278516 4.194126 13.629410
8.076381 13.712754 9.640161 -5.628950 -23.141392 -8.142803 11.466544 12.698540 -9.665141 -11.005198
-51.919765 24.924545 -22.878904 44.360031 31.888817 50.963806 -46.966461 -21.673052 18.819529 28.495592
-35.920219 34.008656 -11.963204 27.277737 18.259449 37.010067 -28.919907 -11.136697 4.273121 20.339241
-41.488995 30.860687 -18.715292 29.382738 14.616944 32.726730 -29.270901 -34.702110 10.574436 28.972061
6.199059 18.209486 12.418248 -2.334456 -7.350658 -8.732201 6.095356 9.629394 -12.060918 -6.586900
-48.849442 32.655277 -24.013876 39.873688 26.655960 40.869831 -38.251297 -33.900784 19.302816 37.973030
-58.196743 27.932467 -23.669714 46.521282 24.861361 45.963795 -46.582340 -30.532125 23.765484 25.944201
-57.309368 21.385950 -24.448555 46.773197 25.784897 58.691074 -48.921162 -21.757187 24.364321 29.249176
5.241719 18.065069 12.202472 -1.619573 -12.554053 -10.764359 6.887861 10.954782 -9.256257 -10.121390
-63.835594 28.831381 -21.902063 53.193172 27.072456 46.465717 -53.885033 -22.107355 24.878489 25.125711
-0.031350 24.059664 7.691698 1.421287 -13.358431 -0.917171 3.395480 6.156022 -8.993347 -3.587348
-68.646461 27.241022 -28.159643 53.341938 32.843426 55.949997 -57.636108 -32.271103 30.022205 27.503988
-60.524746 26.358099 -23.924084 45.484898 30.497772 49.295521 -51.665165 -26.723009 21.770292 24.441769
2.947077 18.241426 10.651741 0.977819 -9.760821 -10.385031 4.624001 7.757524 -7.014081 -10.040825
7.661712 13.134439 10.867038 -2.400851 -9.428073 -10.838485 7.555447 9.873346 -10.149637 -10.123843
-57.357979 28.843391 -18.532141 38.485363 20.083096 45.881794 -45.430199 -28.499062 19.134394 17.808422
-54.898632 27.868361 -28.097658 45.260101 27.601849 46.171421 -44.737190 -33.254730 24.422096 34.947952
5.694996 17.767487 11.721122 -1.749947 -12.157217 -11.281219 8.046719 8.280378 -9.848207 -8.517219
-22.414726 29.676413 -4.909937 20.843199 9.379069 18.009550 -18.527952 -1.650290 3.891367 11.050027
5.135358 16.825762 10.604834 -1.612831 -9.967212 -7.841654 6.020299 9.866218 -9.800254 -8.080487
-26.695763 31.348488 -11.500913 25.293341 14.593201 28.822170 -23.109360 -8.608934 4.698127 21.194345
-10.775329 24.079260 2.963393 9.238548 -17.671982 2.145303 -3.978518 1.142095 2.052479 -2.515460
-73.604614 19.221846 -27.320063 58.039501 34.146969 54.921932 -61.994625 -37.259659 35.642624 23.719282
-3.617929 20.134497 8.198630 4.625612 -16.027876 -4.215315 1.089126 7.457264 -1.798534 -10.251418
-17.153223 13.891914 -0.764916 12.056859 11.533740 18.606922 -15.202645 -4.809375 -0.619864 6.052635
3.376873 16.865625 14.189437 0.914542 -7.211568 -13.151856 3.452481 11.321282 -10.471744 -13.775353
6.840997 20.447149 13.593643 -1.783468 -11.772529 -9.172531 7.151841 13.494572 -11.070224 -9.960598
3.011847 20.805542 10.996503 -4.331778 -16.069233 -11.018901 7.667445 3.711328 -10.742509 -10.326645
6.616656 14.149559 11.281461 -2.547555 -10.770458 -11.559495 7.600599 9.102009 -9.813968 -10.743604
-19.300854 20.481161 -8.781696 20.247223 13.462207 29.209597 -20.889050 -0.245821 4.725114 16.862085
7.511434 4.543013 20.086491 2.731734 -30.118876 -14.647539 9.967014 17.343697 1.154728 -30.870754
2.179308 15.130113 10.807130 1.383794 -7.481444 -7.512333 1.739468 9.568163 -8.147746 -11.469472
6.610539 9.706323 14.469404 -0.027897 -10.540705 -12.564667 5.997035 13.467086 -7.374280 -16.017576
4.389322 23.221313 11.727244 0.254672 -6.911930 -7.258461 4.952662 11.110866 -10.716797 -5.883523
-19.908722 23.278824 -4.521484 19.939379 12.462991 16.888166 -15.706386 -11.058614 1.694546 14.260997
8.658236 14.238396 12.480348 -4.930207 -14.424563 -14.762139 11.469378 8.451941 -10.137896 -11.764800
-61.240353 23.391653 -24.229288 46.397449 27.932873 47.176701 -50.642258 -32.472221 25.454222 25.267824
-27.948629 19.452805 -4.359435 17.385904 7.108464 21.654320 -23.222342 -3.217515 0.912050 5.111500
-22.540596 15.290142 -2.508638 20.468081 -5.270298 8.873022 -16.320696 -2.639018 18.323769 -1.828210
3.725602 17.730211 12.303579 -2.494651 -10.535329 -10.494706 6.292997 7.013221 -8.753857 -10.167984
4.465606 19.543156 12.464695 -1.768659 -16.014353 -13.663790 9.002320 6.997242 -8.063120 -13.179848
6.234256 14.361306 12.897085 -5.991739 -25.131001 -16.040897 11.805600 9.052147 -6.510199 -17.671400
-27.723785 27.342159 -6.924992 24.461216 11.090142 18.636972 -21.473024 -8.643802 8.389243 13.856111
-30.204491 23.614679 -7.306889 21.182096 20.190250 29.520391 -25.530176 -15.018230 -0.098225 19.957327
4.036900 17.874783 8.929914 0.165389 -9.999091 -6.098447 4.921528 7.651916 -7.069739 -6.195256
10.867999 13.939144 14.272068 -9.927129 -15.233286 -10.534628 12.160075 12.449181 -15.464384 -9.185179
-24.932308 36.601597 -8.033606 24.688126 11.376742 21.780085 -19.004562 -8.601973 4.545125 17.777311
-22.896540 26.569353 -6.290222 19.090628 -2.146625 13.311903 -13.253888 -15.016071 6.615677 13.948426
-25.472076 18.351435 -5.938144 18.625078 16.163540 23.037384 -23.433167 -9.793035 0.362644 13.005672
7.341555 17.866179 12.289102 -2.918931 -10.194654 -9.263567 7.823273 11.191257 -11.847449 -8.386483
-18.084778 17.092047 -5.175526 13.332767 9.611569 16.745752 -16.717800 -4.699316 1.862938 9.771083
-13.332751 15.074428 -0.531400 11.401860 11.318631 15.314252 -13.477918 -2.499194 -3.418968 8.801490
-63.531590 16.669622 -21.204493 50.558014 33.611088 48.240814 -54.603279 -30.449017 27.781727 21.915701
-55.211773 21.406727 -19.776873 45.629925 24.981337 44.631073 -46.652424 -23.847437 25.634695 21.374388
-60.355507 15.713970 -24.936588 48.281445 22.794804 44.109703 -47.606071 -40.153305 31.346247 26.764803
-29.762461 28.419315 -15.688640 20.095753 1.061086 43.825836 -24.901985 -3.349031 2.856433 24.373327
-1.340438 19.711275 8.505267 -0.953281 -8.287159 -4.458992 1.856211 7.074823 -6.929559 -8.464811
5.537807 14.783823 12.343228 -1.948438 -14.807960 -11.327054 7.435904 11.814140 -8.288362 -12.698689
