-6.099803 -8.687577 1.037248 -1.601981 -2.753645 -5.147190 -9.739477 -0.755735 0.341388 10.903056
0.345203 -16.753977 4.315644 -3.548873 -4.166816 6.886798 -18.032997 -4.025375 5.438154 20.733959
-0.005978 -19.724705 5.047874 -3.250681 -4.993731 6.647502 -21.089031 -3.306613 6.509105 24.135120
-3.751597 -13.579829 4.464735 -0.656045 -4.489445 -1.121804 -14.246933 2.368332 4.165040 16.361744
-4.056170 -14.279943 4.614808 -0.508038 -4.976653 -2.001296 -14.958795 3.004150 4.195405 17.051542
0.856542 -18.606018 4.609274 -3.636997 -4.510436 7.847356 -19.949581 -4.584863 6.126345 22.957577
-4.426306 -14.018014 4.692577 -0.483198 -5.108893 -2.324238 -14.645784 3.088458 4.108861 16.746006
-7.530649 -14.596686 5.935134 1.191357 -6.894710 -7.740274 -14.996492 10.944393 5.348971 17.814892
-1.912324 -25.469213 6.899350 -0.792175 -7.093911 1.856586 -26.766298 1.780679 7.793634 30.447336
-1.976964 -24.982895 6.606271 -0.985350 -6.779412 2.040633 -26.274899 1.643316 7.631883 29.953371
-6.190531 -8.863875 1.100105 -1.681681 -2.779880 -5.268805 -9.931849 -0.648830 0.419225 11.061715
-2.737911 -19.546062 5.557333 -1.214450 -5.713564 1.290999 -20.617058 1.292882 6.219190 23.564346
-1.622680 -25.060764 6.793741 -0.813144 -6.896031 1.919225 -26.217257 2.032496 7.669758 29.943539
-4.122571 -14.338191 4.675930 -0.669319 -4.962511 -1.780441 -15.058030 2.630957 4.230845 17.182770
-1.556025 -15.736933 4.382310 -1.954834 -4.309887 3.282919 -16.861080 -1.210756 5.155249 19.421476
-2.041128 -25.793846 6.895949 -0.848107 -7.168730 1.835889 -27.063957 1.990086 7.822053 30.885494
-2.325119 -19.969841 5.518302 -1.067555 -5.516202 1.697477 -21.162514 0.963004 6.226226 24.103699
-5.765515 -9.037158 1.321179 -1.482207 -2.902918 -5.083467 -10.058550 -0.208175 0.788792 11.219261
1.402660 -16.651884 4.022517 -3.648478 -3.888507 8.119106 -17.918255 -4.744565 5.538945 20.505167
-7.416153 -15.007272 6.073571 1.113077 -6.879475 -7.691756 -15.437718 10.567871 5.302672 18.213444
-2.558815 -20.295235 5.602386 -1.285593 -5.765591 1.612677 -21.432526 0.745215 6.348431 24.410439
-2.903059 -18.733927 5.215831 -1.302959 -5.465230 0.958500 -19.821064 0.765127 5.743020 22.539581
-1.807088 -14.864314 4.142028 -1.802815 -4.391497 2.220021 -15.920918 -0.558243 4.588353 18.112564
0.484250 -16.680359 4.117202 -3.332453 -4.021829 6.815285 -17.963467 -3.957590 5.472533 20.608681
0.792644 -19.472221 4.922749 -3.099752 -4.870167 7.149805 -20.595573 -2.948415 6.363170 23.223412
-5.964703 -9.047843 1.233448 -1.473465 -2.770664 -5.102727 -10.000877 -0.152746 0.680540 11.203044
-6.745167 -14.701588 5.803479 0.832411 -6.536541 -6.710090 -15.245399 9.947666 5.385929 17.901079
0.166376 -22.439362 5.574430 -3.140809 -5.571446 7.175914 -23.786087 -3.401497 7.328263 27.359715
-5.281704 -9.202319 1.561625 -1.761636 -3.001806 -3.923218 -10.227722 -0.458801 1.069108 11.402568
-1.620915 -15.231547 4.271562 -1.921932 -4.218323 2.935153 -16.281944 -0.878305 4.901559 18.604916
-4.026527 -13.952263 4.622717 -0.783021 -5.024692 -1.483921 -14.731121 2.423723 4.119689 16.734573
-3.809746 -14.104505 4.498319 -0.643346 -4.837736 -1.496727 -14.852846 2.608320 4.234624 16.881908
1.376888 -22.458303 5.498589 -2.969789 -5.401231 7.872869 -23.844467 -3.350471 7.427746 27.303581
-1.862219 -24.174006 6.421304 -1.020829 -6.716179 2.044023 -25.529917 1.349053 7.418637 29.036312
-4.050073 -13.937565 4.702075 -0.461752 -4.914132 -1.718968 -14.654980 3.078319 4.236240 16.683548
-1.711432 -15.110450 4.050271 -1.872271 -4.185133 2.823253 -16.267597 -1.144712 4.788953 18.596022
-4.002295 -14.171771 4.664082 -0.584734 -4.932069 -1.648396 -14.855363 3.038018 4.363472 16.965271
-2.043742 -15.432075 4.188052 -1.444933 -4.358472 2.174389 -16.536396 -0.674454 4.823598 18.865614
-2.055092 -24.383648 6.549426 -0.859753 -6.714280 1.778556 -25.653126 1.740650 7.502550 29.162785
-2.409224 -19.385368 5.371537 -1.431294 -5.536300 1.941386 -20.553711 0.164815 6.060892 23.377743
-2.138620 -24.196301 6.491232 -1.095982 -6.645750 2.065945 -25.444069 1.454909 7.547277 29.105503
-6.152292 -9.010036 1.232892 -1.617836 -3.039357 -5.231690 -10.036629 -0.615567 0.446316 11.244298
-7.275792 -14.275349 5.811496 1.005912 -6.668530 -7.169427 -14.830110 10.339796 5.349610 17.530285
1.197968 -21.465439 5.331282 -3.386693 -4.894527 8.090823 -22.947723 -4.001506 7.040118 26.170597
-7.102941 -14.481923 5.904786 1.059238 -6.707082 -7.374489 -14.879509 10.241895 5.035053 17.556057
-7.541495 -14.395181 6.174864 1.415454 -6.958850 -7.933385 -14.688055 11.183314 5.490380 17.421389
0.607530 -21.950994 5.409789 -3.399442 -5.261198 7.892431 -23.476936 -4.215254 7.212780 26.712376
-6.208494 -9.348762 1.373292 -1.485150 -3.011895 -5.378714 -10.301922 -0.350633 0.585332 11.576617
-4.254883 -14.943472 4.898324 -0.636197 -5.200265 -1.784527 -15.790278 2.826873 4.467757 17.927242
-2.059792 -14.574750 3.954478 -2.075383 -4.167071 2.453328 -15.679498 -1.361476 4.370102 17.827522
0.642139 -20.077576 4.890564 -3.293680 -4.859532 7.427375 -21.592571 -4.099790 6.548604 24.612747
-5.870457 -8.972327 1.550289 -1.194584 -2.958645 -5.533612 -9.799936 0.581523 0.821377 10.988410
-7.013852 -9.917943 1.520615 -1.395959 -3.222883 -6.331126 -11.144955 0.002689 0.558074 12.216080
-0.745301 -22.612103 5.821839 -2.268945 -5.886452 5.395642 -24.074734 -2.139606 7.281431 27.333620
-8.433391 -15.154277 6.479770 1.853227 -7.720312 -9.484239 -15.585032 13.322235 5.637505 18.521873
-2.169814 -23.409927 6.289339 -1.162596 -6.469237 2.214236 -24.745207 0.963301 7.239780 28.249275
0.794185 -14.984336 3.605154 -3.833635 -3.597219 7.097489 -16.133314 -4.562250 4.676236 18.495358
-6.077096 -9.134257 1.316462 -1.566069 -3.030397 -5.101061 -10.192398 -0.482100 0.536201 11.343703
0.601654 -24.361965 5.812799 -2.990164 -5.918547 7.171200 -25.978842 -3.310129 7.638916 29.536295
-1.744343 -15.188221 4.101894 -2.075002 -4.376539 2.838117 -16.236671 -1.309050 4.757881 18.670092
-4.033417 -14.352286 4.548654 -0.637539 -4.994833 -1.570282 -15.219035 2.654016 4.319912 17.281282
0.943760 -19.650726 5.022196 -3.531780 -4.754108 8.106447 -20.984491 -4.284443 6.610241 23.972340
-3.915126 -14.220704 4.642011 -0.594750 -4.876679 -1.440636 -15.061913 2.603386 4.214680 17.076530
-3.821530 -14.114310 4.557697 -0.545688 -4.833514 -1.424513 -14.849848 2.513470 4.184539 16.869131
1.184652 -21.134460 5.143997 -3.610607 -5.018173 8.493899 -22.586601 -4.801246 6.901465 25.645485
-5.895395 -9.266667 1.415955 -1.485114 -2.911732 -4.828197 -10.312860 -0.583234 0.752707 11.605146
0.388156 -17.526251 4.509135 -3.184959 -4.257659 6.778995 -18.811810 -3.496374 5.807585 21.550282
0.042722 -20.566023 5.086093 -2.729411 -4.952305 6.557148 -21.958130 -3.187335 6.696374 25.148838
-7.382470 -14.049797 5.628754 1.052248 -6.471711 -7.800013 -14.409166 10.264299 4.907034 16.993328
-5.847545 -9.293061 1.416461 -1.509799 -3.058950 -4.731360 -10.254400 -0.472547 0.752121 11.569741
-2.356643 -18.999275 5.372194 -1.496662 -5.465139 2.256456 -20.213678 -0.116522 6.041859 22.944983
-3.027883 -19.989906 5.610383 -1.146634 -5.963578 1.009684 -21.195087 0.987094 6.036446 24.085945
