-1.622778 -2.071488 1.788176 2.192708 -1.625559 -0.327155 2.260904 -2.600039 3.897110 -0.905621
-1.891441 -1.713598 2.643049 2.740715 -2.459434 -0.551995 2.949575 -3.271537 3.706009 -0.641151
0.607278 -5.911502 -0.504220 4.468675 2.273704 -3.202743 1.270242 -1.294899 7.470648 -2.545583
-1.460772 -5.686254 1.207461 4.569967 -0.111294 -1.314756 2.797546 -2.399151 7.317412 -1.910415
-2.989542 -7.313452 2.624144 7.492556 0.285556 -1.697362 4.934497 -4.681429 8.341537 1.015074
-1.845546 -1.621407 2.492313 2.549533 -2.369184 -0.354846 2.834230 -3.076033 3.665790 -0.580087
-0.405245 -6.053010 0.584919 4.934961 1.467586 -2.620768 2.255900 -2.289037 7.594704 -1.668442
-0.801090 -5.675421 0.959904 5.423345 0.153652 -1.677801 3.131052 -2.764898 7.445756 -1.247691
-1.624567 -2.028841 2.091186 2.324978 -1.772857 -0.458847 2.468182 -2.679071 4.022930 -0.753037
-1.934336 -3.479875 1.755874 2.889771 -1.350347 -0.560894 2.474889 -2.688541 4.905063 -1.155178
-1.911902 -1.597182 2.775043 2.827905 -2.619396 -0.652017 2.959805 -3.281022 3.798128 -0.489551
-1.894044 -6.220922 2.371837 5.992218 0.247314 -1.808513 4.102612 -4.103494 7.385136 0.822703
-1.498962 -6.570822 1.229532 6.095190 -0.160677 -1.539833 3.846854 -3.141848 8.565622 -1.549410
0.590575 -5.002661 -0.485500 4.174949 1.703276 -2.487747 1.140176 -1.390462 6.645365 -3.184153
-1.098594 -2.343624 1.258795 1.968475 -0.903933 -0.679216 1.855989 -2.209353 3.865934 -1.170594
-1.446497 -4.668872 0.900912 4.586115 -0.371074 -1.477572 3.009296 -2.755040 6.931358 -2.218857
-2.681242 -9.296986 1.675563 9.385865 1.310353 -2.324831 5.454747 -4.607574 10.791759 -0.226296
-3.600354 -9.405327 2.641319 9.637378 0.588776 -2.024627 5.984429 -5.513044 10.003170 0.947589
-1.954477 -1.936051 2.552446 2.754438 -2.191507 -0.516143 2.870397 -3.181821 3.886185 -0.674107
0.704818 -4.974258 -0.916936 3.603932 1.386495 -2.082364 1.312312 -1.025942 6.783564 -2.961599
-1.771771 -1.737825 2.232924 2.326898 -2.058428 -0.384242 2.574465 -2.938659 3.689508 -0.723575
-1.094120 -7.898757 -0.058569 7.396686 2.078399 -2.603456 3.124264 -2.980894 9.451634 -1.864998
-0.309254 -7.542591 -0.252376 6.712272 2.210571 -2.924822 2.805548 -2.091410 9.310697 -2.272319
-1.717056 -1.593853 2.214609 2.261427 -2.054415 -0.363201 2.518938 -2.817867 3.556367 -0.594082
-1.969807 -1.647072 2.661422 2.661681 -2.605208 -0.510109 3.039088 -3.328423 3.809379 -0.541075
-1.135759 -2.212670 1.414136 2.227538 -1.237438 -0.440843 1.827537 -2.253179 3.896422 -1.182252
-2.287295 -9.330046 0.914900 8.688092 1.904629 -2.799306 4.633812 -3.889507 10.525818 -1.060956
-1.914452 -1.594515 2.708577 2.732779 -2.615752 -0.575526 2.931069 -3.220047 3.734306 -0.498854
-2.180802 -2.550601 2.534708 2.965825 -2.015518 -0.364556 2.983386 -3.244484 4.212222 -0.522152
-1.881049 -1.573314 2.587498 2.509636 -2.434624 -0.389054 2.846525 -3.078084 3.585912 -0.456610
-0.621292 -5.191797 1.101999 4.713062 0.886118 -2.297409 2.450006 -2.724214 6.754519 -1.664100
-1.422006 -1.969457 1.600504 2.087231 -1.499839 -0.378371 1.979401 -2.345536 3.647192 -0.877793
-5.433736 -11.217809 3.535933 11.799814 0.178643 -1.811375 8.031157 -6.891430 11.799548 1.913672
-1.449570 -2.010094 1.503131 2.276298 -1.506512 -0.397205 1.992077 -2.494567 3.528453 -1.019038
1.050600 -5.815599 -1.110407 4.592577 2.976562 -3.357527 0.848585 -1.043606 7.603944 -3.590287
-1.553673 -2.431102 1.698697 2.271071 -1.461788 -0.458181 2.234507 -2.594142 4.064364 -0.945971
-1.991327 -1.581696 2.736869 2.656644 -2.324448 -0.423299 3.038650 -3.105206 3.479435 -0.283397
-1.442550 -2.129955 2.615180 3.203163 -2.135545 -0.839936 3.076428 -2.995608 4.328514 -0.578091
-1.758763 -1.757458 2.584646 2.866704 -2.325887 -0.571455 2.692978 -2.931460 3.733927 -0.664232
-1.009539 -4.151805 1.452501 3.619830 -0.260914 -1.423626 2.179661 -2.387726 5.313038 -1.385465
-1.356654 -3.749862 2.136882 3.868131 -1.240986 -1.261613 2.926349 -2.872105 5.433821 -1.121104
-1.967888 -1.850914 2.234689 2.656181 -2.625700 -0.575858 2.853700 -3.201492 3.707000 -0.803403
-1.935202 -1.742282 2.460725 2.419232 -2.217604 -0.346992 2.770646 -3.011536 3.773079 -0.585315
0.099169 -6.535766 0.007628 5.693772 1.726127 -2.732505 2.376636 -1.976129 8.552790 -2.734376
-1.778019 -1.633292 2.295547 2.363863 -2.061790 -0.299338 2.595551 -2.841881 3.557439 -0.613689
-6.203801 -9.411510 5.043602 10.614189 -1.218476 -1.261168 7.899662 -7.358191 9.177695 4.112235
-3.623415 -6.339475 3.747698 7.905333 -1.289826 -0.860840 5.711986 -4.963469 7.861155 1.213129
0.256472 -4.321804 -0.047926 3.175224 1.159252 -2.147959 0.990684 -1.428383 5.740098 -2.855048
-1.645201 -2.007047 2.661797 2.959197 -1.992564 -0.816594 2.830691 -3.115963 3.730263 -0.476263
-0.643248 -3.530087 0.406180 2.865528 -0.159497 -1.303404 1.361458 -1.525522 5.036426 -2.364750
-1.692004 -1.708754 2.285623 2.379294 -1.768213 -0.467141 2.342765 -2.597290 3.577387 -0.542885
0.045970 -4.669123 0.663932 3.404465 0.730612 -2.029642 1.716118 -1.668963 6.143493 -1.854936
-4.294201 -9.237663 3.268540 10.062849 0.238220 -1.642128 6.615949 -6.003673 10.034992 1.585208
-2.170372 -3.957021 2.444830 4.327551 -1.210610 -1.038066 3.338499 -3.362244 5.284523 -1.070022
-1.792670 -1.632469 2.617880 2.691282 -2.267321 -0.652682 2.710061 -3.013179 3.746229 -0.564721
-1.487405 -2.765807 2.072864 2.925139 -1.337870 -0.800658 2.527826 -2.683785 4.499234 -0.934016
-1.770483 -1.611799 2.298850 2.396968 -1.988561 -0.329820 2.509640 -2.786781 3.653404 -0.585294
-0.894591 -2.651412 1.099923 2.142502 -0.807323 -0.649421 1.760592 -2.014020 4.185646 -1.343874
-3.453248 -7.532739 3.251960 7.499616 -0.347634 -1.354261 5.353501 -4.760448 8.549002 0.986259
-1.763047 -1.734342 2.422676 2.567164 -2.075577 -0.528889 2.757295 -3.086020 3.629045 -0.683947
-0.752339 -2.989743 1.397839 3.095175 -0.699383 -1.332921 2.057617 -2.293014 4.954941 -1.344915
-0.556554 -3.207075 0.655160 2.337527 -0.138084 -1.136917 1.394580 -1.674693 4.642603 -1.930204
-7.729284 -11.608136 5.459659 13.446563 -1.087396 -1.337990 9.785899 -8.717658 11.868484 4.105644
-5.028385 -10.259175 3.685246 10.949407 0.058660 -1.704425 7.662078 -6.640718 10.649137 2.160720
-6.122324 -10.950120 4.314310 12.198789 -0.424961 -1.531119 8.456942 -7.309351 11.482477 2.867521
-1.625218 -2.083795 1.956458 2.240131 -1.414074 -0.496557 2.355001 -2.653252 3.638256 -0.754535
-2.509632 -2.711683 2.975160 3.100148 -2.373894 -0.345664 3.709118 -3.605781 4.413042 -0.018035
-1.844150 -1.657166 2.083807 2.147836 -2.127974 -0.370580 2.603622 -2.919055 3.519291 -0.568019
