1.467929 1.158315 -3.674559 -11.764375 15.344307 1.202480 1.573267 2.775446 7.995380 -11.223019
-0.453400 12.189205 1.170317 -9.431986 4.426451 4.377138 -0.182346 5.825586 18.300768 -11.825529
9.413051 10.075967 -5.641300 1.161033 -9.684449 16.411230 13.620980 3.421328 19.336628 0.981659
9.229531 5.268738 -6.949327 -1.542549 -7.589114 13.657785 12.813745 0.552789 14.996203 -5.637022
2.627889 2.449724 -3.584457 5.254275 -4.598204 18.494932 16.994972 5.353433 11.700233 2.662972
12.693310 16.008245 7.804145 -7.723767 2.015826 4.434191 0.089612 10.202769 11.850388 -0.960004
-10.660051 -0.281819 3.279565 0.962416 -4.611296 15.639837 17.136736 3.507172 5.583802 -8.361754
5.925959 14.221386 -1.462044 1.204641 -11.421260 15.927949 11.997495 4.930405 21.377987 0.090720
-6.568736 8.448011 6.880779 -1.065746 9.150578 11.317917 8.531121 10.978152 12.417081 -1.746486
7.973523 7.067755 -10.081836 -3.683838 -4.323765 10.367103 7.923680 0.820071 21.379660 -5.338681
-6.191561 7.158290 15.806514 -9.320991 6.620875 13.507621 13.969226 10.946206 -1.560928 -21.665735
-7.665051 4.030367 -1.612488 1.645092 -5.082674 16.088381 14.451108 2.880560 15.116066 -6.363502
-1.448072 10.541387 7.811899 -3.193231 2.974616 13.071432 10.352059 8.697565 11.342957 -5.947634
-8.004291 -3.615777 11.451084 10.197644 9.618169 18.830690 20.330784 14.056683 -6.221128 8.073890
-13.264099 4.156609 5.635151 -11.482090 12.115300 -1.057711 -2.108331 4.735388 6.827787 -11.864022
-4.371955 4.156478 8.524409 7.279509 9.217889 13.770671 13.210101 13.629922 4.022869 14.217327
-5.419321 1.869433 7.146700 9.852081 -7.645884 20.996096 20.887184 9.080035 3.222829 4.534340
-12.811879 -3.664803 -3.765294 9.871052 -13.851197 22.261101 23.191349 2.002016 9.602167 -1.594065
3.548315 8.315207 1.673421 -8.744041 9.561209 2.326268 0.121064 5.763080 10.917157 -4.385190
9.242795 11.062078 -7.379607 2.369316 -17.243176 17.972181 15.590817 0.721984 21.729214 -2.575725
6.564227 3.102472 -2.449678 -10.682812 14.510984 6.609051 5.983585 5.773810 8.925889 -12.818974
6.547481 4.847486 -6.658010 6.122728 -15.566980 21.967945 20.385771 3.186233 17.594103 0.191521
1.232340 13.181194 9.477725 4.575530 -18.997231 19.574377 16.697947 8.039353 11.759727 1.048943
4.288415 5.542458 -3.632129 -6.688751 3.320160 7.020946 5.389046 3.331701 13.559668 -7.488462
4.653747 6.809331 0.344712 -10.518700 7.688928 -5.088718 -8.004883 8.131524 12.146852 -0.125561
11.332179 2.392056 -8.719827 -2.455727 -4.152688 15.340195 14.910727 1.228770 14.076568 -7.204625
-12.324723 3.565503 13.960834 12.647176 4.689291 20.271921 19.371683 17.166418 0.790059 13.453548
-15.694052 -19.471420 -6.367189 -7.330098 28.020613 -8.628864 -4.196002 1.332576 -2.588648 -5.230131
11.575557 6.620031 -7.773168 -7.334991 2.841842 8.135585 6.394355 2.198987 16.735847 -6.719415
2.633799 9.399345 2.582794 -8.524389 11.270066 2.906406 0.114819 7.242836 12.661973 -5.049537
-1.356293 2.178808 -7.673731 -0.093453 4.426179 13.736149 12.515159 3.642549 16.852316 -2.179194
13.604956 -9.949438 -13.506033 -8.915108 17.035246 5.535189 9.662685 -0.532661 2.052063 -7.029780
-0.041102 4.711270 2.577201 26.006422 -35.601292 33.837330 32.426128 10.926574 12.960661 16.359081
17.753962 0.863512 -12.662017 -9.373100 3.573447 6.706981 6.508044 -0.797882 13.233350 -7.824662
-4.788447 -0.528576 -5.070724 0.268763 -17.973190 13.448744 15.007667 -3.570092 10.946601 -9.641408
9.393719 12.124424 -5.409135 -6.344640 -3.367261 7.022688 2.307737 2.144909 21.245161 -5.863316
-6.535608 7.171750 9.255349 -7.416412 16.545937 6.566015 4.840756 10.875486 7.663074 -6.834854
3.752119 14.498914 28.168442 0.987160 5.457889 13.315785 10.421146 21.530041 -5.114622 7.235782
3.636776 12.559682 13.225401 -7.053895 10.499596 -0.927364 -4.287364 12.512180 4.972574 6.279555
-9.590163 -3.722472 -5.698720 -3.556651 6.723072 8.928850 10.920671 1.079097 8.487537 -8.036967
6.434827 21.490162 10.292480 -6.185897 -8.560498 8.341736 1.549500 9.445522 17.745329 -2.414382
10.057882 11.318430 -7.090061 -6.979461 -5.653302 -1.152618 -5.451151 0.683473 18.640472 0.970868
-0.207110 3.099005 -4.083417 -9.732599 15.694583 1.672860 0.192243 4.304643 13.473079 -8.266481
-0.662969 5.499830 3.769217 7.487254 6.534729 17.248951 15.235271 12.972640 10.397916 11.460756
2.373538 1.283093 4.728770 -6.309521 18.168720 -0.786901 -0.441874 8.102354 1.713148 2.605507
-0.194917 -2.682503 -7.357863 10.861075 -12.657857 23.937452 24.669720 3.145218 10.951913 3.106364
10.648512 12.419161 3.988163 -2.935157 -22.362259 13.618869 11.685389 2.070674 11.660934 -8.749071
23.346727 0.747435 -14.610043 1.335811 -12.868588 12.343905 12.624105 -1.401071 12.665235 7.891975
7.453802 5.598963 5.071272 0.741778 0.513207 10.255857 8.939581 8.130741 4.397808 4.630364
15.318549 5.591399 2.040943 -5.185380 9.084451 6.564118 6.224456 8.287562 5.516223 1.834857
-7.000739 -14.583538 7.119927 2.967477 14.818028 12.612850 19.506535 5.141671 -17.292290 -4.375452
11.006434 4.780387 -10.262799 1.213752 -2.239604 12.379776 11.545959 2.497565 16.938419 4.762069
-12.674258 3.988552 5.386698 6.613488 -5.261770 19.581991 18.804577 8.170136 9.526722 -0.287464
-6.822034 8.150624 6.669099 0.247868 -0.533241 17.113817 15.253407 8.216597 11.258412 -6.771947
-15.768270 1.011679 21.914547 -9.573386 13.472000 0.108964 1.791157 8.731507 -12.471603 -10.847763
3.898257 -0.817280 -3.418553 -1.069131 17.210766 11.659904 11.206923 9.788327 10.392749 0.860709
-5.074490 -12.297494 -1.819759 2.928415 24.588646 11.001615 14.752364 7.773070 -3.349598 3.884132
-0.646847 2.391638 -7.507251 -5.152402 4.992023 4.657333 4.863617 0.776871 12.648164 -2.830363
-10.002505 -3.268118 -3.472606 2.065868 -5.779419 15.206198 17.221796 -0.299351 8.207818 -6.907358
-8.019664 6.710789 7.864680 -10.261300 15.114720 0.645077 -1.099297 8.511453 7.789872 -8.608166
-7.984079 11.715527 15.105446 0.655699 0.520795 10.028440 7.929042 11.075308 5.367433 4.386738
0.824036 10.530228 8.344579 -1.577152 -14.952413 11.686695 9.038091 4.886064 8.576393 -6.972796
2.461957 -3.909130 -9.450950 17.848494 -31.173227 28.887577 29.846354 0.397451 13.240218 3.256401
-2.964871 -2.176916 -2.888648 10.327333 -19.628614 22.349237 23.255917 1.724137 7.995166 0.625257
-5.689576 -7.773066 4.074964 20.677359 -10.413939 25.418165 27.541958 9.511245 -5.834193 15.603661
-12.227240 -13.472483 -8.042119 -3.946743 5.828676 12.948025 18.636036 -4.759799 -0.751515 -19.462482
7.359811 -1.327808 -7.372961 -7.545939 0.712586 7.989054 10.851256 -1.952916 6.039485 -13.865150
8.425118 1.349422 -5.046691 -13.749239 10.553304 -1.871128 -0.729197 1.050244 6.175210 -9.813670
