25.780596 -4.805115 -0.244547 -0.998085 8.880856 12.931078 3.300236 -2.522144 11.695626 -28.564993
18.896097 -4.350158 0.593065 3.125035 -4.927145 -13.179732 0.135866 -17.885593 6.952007 -7.731185
26.006062 -11.628586 -0.858231 -1.188834 -18.491825 -32.981827 10.569018 -18.838223 -8.771133 -0.635352
20.696192 -4.871429 3.847891 -7.566966 5.852999 -4.703192 -16.332129 -11.278789 0.148686 -21.240084
25.937120 -11.979294 -0.138530 -1.337734 -18.058668 -33.651352 8.718394 -19.882523 -10.174210 -1.162111
24.947723 -12.233639 -0.639079 -1.822956 -19.227751 -35.080978 7.960803 -19.719469 -10.286227 0.522564
24.005274 -11.130955 -0.956077 -1.057170 -17.113802 -32.537643 4.901671 -19.762083 -8.222187 -0.394171
26.183790 -5.654660 -2.267844 1.125149 1.036793 -5.559627 2.454008 -13.207467 7.907664 -17.849697
24.579079 -11.420402 0.235485 -1.623453 -17.538321 -31.985035 8.532187 -17.914776 -8.740490 -0.968299
24.019651 -9.947326 -0.140791 -1.292597 -13.967338 -28.463541 2.040387 -20.109983 -5.430042 -3.341773
22.669268 -3.300007 -4.064934 -4.537168 14.224000 13.033558 -7.306334 -4.120314 17.669769 -30.623108
28.899956 -5.689773 -0.255198 -0.877728 9.597139 12.609586 5.975122 -1.946349 14.798442 -28.800854
26.897163 -5.168657 -3.486041 2.202965 3.318141 -2.265592 2.253996 -12.108391 12.789091 -19.660477
24.305868 -11.469169 -0.982669 -0.952716 -18.375933 -33.833305 7.779798 -19.453766 -9.912253 0.406745
24.126383 -5.180505 -2.539158 1.813611 3.223397 -6.436735 -6.038120 -15.599068 10.189720 -16.824240
26.985832 -5.791496 -14.446020 -2.242018 15.138250 9.501613 -6.321674 -5.732364 7.542544 -30.945662
25.163315 -11.613393 -0.747923 -2.340973 -17.491457 -31.204985 7.788987 -17.186556 -9.399370 -1.551034
24.541502 -11.490314 -0.044102 -1.891985 -18.080973 -32.882423 7.552404 -19.208658 -9.239058 -0.254830
24.260422 -11.358530 -0.197496 -0.623869 -18.081739 -33.737160 7.425473 -20.615173 -9.030959 0.382532
33.176025 -9.285822 0.591037 -5.168384 6.076365 13.610146 13.268256 1.826927 9.389071 -31.657587
27.055038 -9.645040 -1.167042 -1.447774 -11.198906 -22.205910 3.862256 -19.980299 -3.715934 -7.543512
23.891842 -9.667209 -0.819077 0.424514 -14.515096 -28.267475 4.952237 -21.135967 -4.941251 -2.292841
25.837301 -12.286561 -0.359749 -1.719606 -18.778387 -34.383846 8.554120 -19.759924 -10.136048 -0.551414
26.496296 -6.355120 3.423212 -1.440285 8.352074 12.597047 5.093898 -2.100482 10.218014 -28.054262
31.035110 -6.521177 -1.705557 -3.245002 8.597016 11.679890 5.118222 -2.737066 12.730475 -30.090099
24.129404 -11.115907 -2.679817 1.508929 -18.116032 -33.686760 9.832616 -20.308586 -7.649122 1.590427
24.415119 -10.515429 -0.352442 -0.303457 -15.799615 -30.155272 6.252090 -20.220425 -6.438322 -1.675084
5.773021 -5.326948 -20.921209 -52.322727 44.971298 16.340965 -95.431534 -7.949738 -10.467508 -50.872986
22.122522 -9.801293 -1.259692 -0.246205 -16.479929 -30.410686 4.313938 -20.367786 -6.608515 0.178938
24.868311 -12.316360 -0.781160 -1.616226 -20.005075 -35.978535 8.383402 -20.519600 -10.536308 1.451915
30.404091 -6.910352 -0.141085 -0.035255 2.567833 -3.811386 -0.413181 -15.762525 10.528791 -21.758986
25.406404 -11.171212 -0.408241 -0.790504 -16.475174 -30.876553 6.629902 -21.032951 -7.980770 -1.903832
25.053009 -12.341725 -1.701147 -1.284269 -19.480505 -36.053314 8.186724 -20.148106 -10.603784 1.027617
24.276810 -11.560176 0.723987 -0.300547 -19.108271 -34.246460 9.938448 -21.044060 -9.595153 1.450904
19.100140 -8.818639 1.271212 1.182943 -15.164238 -27.141108 6.522753 -18.384335 -5.217173 1.191988
22.671158 -8.633157 -0.948601 2.372501 -12.099448 -24.088108 7.698280 -18.834682 -2.085735 -2.910762
25.338215 -8.525674 4.234331 -0.475281 -4.914616 -7.117510 18.502043 -5.946467 4.672070 -14.278128
27.619843 -6.479163 5.253413 -4.209980 7.015103 12.807744 4.812306 1.519518 7.666576 -30.203266
27.399284 -5.576019 -1.852251 -0.022549 10.133392 10.292680 4.241513 -4.586784 13.208656 -27.437342
24.392689 -12.231729 -1.498561 -1.019501 -19.744839 -36.068371 8.014301 -20.890886 -10.343639 1.882865
21.950031 -9.109130 -0.791746 -0.187647 -13.374007 -26.195177 3.452526 -18.437288 -4.134213 -1.996350
13.923184 -1.750080 -0.272750 0.581709 4.180188 -3.008156 -11.871087 -11.120494 10.759514 -14.083011
24.883333 -6.561557 -5.176435 0.374344 3.580711 -8.824636 -8.729040 -19.324211 6.033870 -16.559458
21.047108 -4.114099 -3.974441 0.726153 1.225068 -8.165812 -9.162358 -17.767693 9.527780 -13.741153
23.363670 -10.323384 -1.361090 -0.964363 -15.774987 -30.911354 2.418350 -20.702744 -6.441152 -0.457408
23.959024 -10.972469 -1.072581 -0.767005 -17.577868 -31.263071 8.327014 -18.733528 -8.332207 -0.249433
24.754177 -12.011088 -0.458259 -2.061062 -19.371046 -34.741875 7.262645 -20.098190 -10.462084 0.693992
22.678234 -5.018312 -5.176761 1.976665 12.730322 12.780068 3.577948 -1.855099 6.012765 -27.007723
24.737255 -10.533034 0.391147 -1.813489 -15.086028 -27.663639 8.468900 -15.401690 -8.596254 -4.147064
23.531807 -4.919898 -3.776492 2.552170 2.213934 -6.333569 -3.508357 -15.739754 8.537548 -15.577592
24.497982 -12.238740 -0.987143 -1.281759 -19.861330 -35.799019 8.559699 -20.637424 -10.863698 1.748988
27.750153 -5.606880 -3.684592 0.378874 10.545184 10.808217 2.677233 -5.200162 13.675268 -28.298040
25.136692 -11.477027 -0.816194 -1.761962 -18.280136 -33.670422 6.290786 -20.254402 -8.852095 -0.072960
19.858171 -7.296799 3.471112 0.667648 -10.379594 -20.765453 4.532420 -17.103760 -4.351425 -4.557189
18.833055 -4.004884 1.117106 2.696915 1.458800 -3.378620 -3.111528 -11.958237 8.414895 -12.748393
29.231068 -6.616867 -7.441855 0.228943 10.239726 2.943878 -4.708151 -11.910149 13.442547 -25.972349
21.480549 -4.077731 4.441995 1.593514 1.492497 -0.695381 1.841336 -10.090987 7.469535 -17.775467
21.368958 -2.724264 -0.826782 3.734477 4.510444 1.022807 0.485297 -10.228647 15.088250 -18.977200
20.846867 -4.235634 0.695061 1.767524 0.615199 -6.949846 -5.044658 -15.511093 10.079514 -13.439540
23.818792 -10.040110 -1.180641 -0.713446 -15.156066 -27.729300 6.695796 -18.276033 -5.745417 -1.718885
22.422878 -9.657076 0.286566 -0.986618 -15.612564 -28.321598 6.459614 -16.362518 -7.982431 -0.932222
22.624704 -10.527528 -0.741165 -0.691283 -17.328959 -31.258947 7.420990 -18.390865 -8.650160 0.514764
24.788414 -12.125625 -2.135473 -1.248368 -19.986803 -36.076466 8.920842 -19.664646 -10.431217 1.596938
25.329872 -11.378282 -0.688551 -0.259277 -17.406830 -32.060242 9.755475 -19.105038 -8.628992 -0.896533
23.469458 -11.161420 -1.571901 -0.288990 -17.918613 -33.576748 6.540736 -20.765665 -8.327505 1.254263
23.361233 -11.706130 -2.545103 -0.165588 -20.161993 -36.479858 8.388705 -21.574057 -9.514677 3.499926
27.483509 -5.801549 -1.266957 0.268192 10.723692 13.404458 4.872251 -2.549966 12.315048 -29.100531
23.168102 -10.329581 -0.304747 0.016239 -16.092916 -30.011169 7.263130 -18.695972 -6.151659 -0.864626
