8.372278 -24.126001 -5.696069 15.903099 -24.737314 -22.457729 -17.837860 -30.562857 2.682692 5.408660
10.611871 -19.491631 -3.889239 11.069410 -23.743782 -11.778958 -6.083877 -18.320509 -8.460443 0.102410
11.244064 -25.006706 0.313570 30.235607 -24.125849 -25.107864 -16.028667 -34.721786 3.203379 -3.122815
4.403868 -19.395725 -5.778440 3.192527 -24.283453 -14.441449 -10.317060 -18.765680 -3.504813 6.855425
-1.669297 -17.846853 3.870399 5.222250 -25.117733 -18.077932 -9.689775 -23.571188 0.263511 4.753712
6.438972 -17.649973 -6.043609 0.556505 -24.440763 -7.802624 -2.147682 -8.903275 -11.757383 3.154029
-22.953173 0.813233 29.038874 -16.672247 -16.338673 -3.983278 4.002946 -1.124495 -5.429417 1.311811
-0.600514 -12.073625 1.476784 -1.127140 -17.884766 -9.705508 -5.566283 -18.676134 -4.944306 -3.643394
1.402216 -15.505429 -6.898581 -6.029493 -22.151651 -8.875390 -6.801375 -11.893459 -6.290610 6.557015
1.445208 -13.474689 -2.980064 -5.269433 -22.078201 -5.814450 0.000501 -7.897324 -10.916740 2.729189
-8.808227 -1.134000 14.940600 -24.045008 -17.220173 3.198050 7.653146 7.061789 -20.000090 1.124847
1.461554 -14.272242 -7.595324 -5.100047 -20.325182 -8.337749 -6.661435 -12.555458 -5.617507 4.790342
6.780287 -19.494143 -18.966635 1.867768 -19.606075 -9.568718 -10.732025 -12.852410 -2.107591 7.265039
0.564102 -11.063377 2.130296 -14.283984 -21.526371 -4.431006 -2.164482 -2.863039 -14.287556 6.190875
0.796543 -21.304678 -4.500963 6.024651 -26.198456 -18.116499 -11.246614 -21.524948 1.315549 7.883510
-20.626677 0.758873 29.326717 -22.802820 -18.091019 -0.339514 6.523623 3.703353 -12.665844 1.874633
12.604732 -16.279707 -8.848044 2.412593 -20.282587 -5.540762 -4.375129 -13.404123 -12.815004 -2.590716
2.601480 -14.735764 -8.714902 -9.949493 -22.506283 -6.850317 -5.098172 -7.365956 -8.953678 8.897595
7.718081 -23.298624 -1.258782 28.008764 -22.103790 -23.535532 -14.370716 -34.538944 4.601942 -4.628643
-4.024355 -9.125719 9.091349 -2.408685 -20.204903 -8.437300 0.718027 -11.304746 -5.778331 1.301245
8.690430 -27.641012 -19.049383 10.643104 -24.496803 -22.306948 -21.742224 -25.288103 5.200378 11.874020
-12.891212 -8.994506 17.212280 -8.601796 -23.471718 -10.992181 0.013223 -9.377404 -3.011615 5.697209
13.325211 -16.681829 -6.048668 8.678359 -20.130249 -3.103162 0.715722 -9.343197 -14.197766 -7.465846
1.417815 -7.719511 -5.649108 -22.260862 -19.257624 0.950981 3.413669 6.149572 -18.800058 6.624966
-11.234348 -2.592094 16.447510 -21.495291 -18.333191 0.595742 6.201809 4.208154 -15.565578 2.527371
7.684476 -22.185423 -12.473039 5.613788 -23.934248 -14.111430 -12.261326 -17.565744 -2.881391 8.833337
15.514669 -20.893175 -12.209756 3.607725 -21.926319 -11.281484 -12.609348 -15.922966 -9.372082 8.205070
12.474325 -21.384951 -12.297430 0.735814 -22.520792 -15.353380 -17.523735 -18.708738 -5.339901 12.825749
17.379793 -22.498484 -3.202121 21.098547 -22.193027 -17.901888 -14.641333 -29.134966 -6.114440 -2.092171
8.530703 -17.377310 -11.866007 0.111086 -21.683983 -6.911230 -5.592827 -10.672884 -9.115305 4.677632
-6.280244 -21.935722 -7.017315 14.953855 -23.193407 -22.663525 -12.467835 -27.308256 13.772126 4.694518
-0.173611 -14.326576 -3.798038 -5.329249 -23.200169 -9.691922 -4.638652 -12.630981 -5.536165 6.018649
-16.189413 -0.891146 22.665705 -25.165672 -18.605896 0.450608 5.265263 5.055017 -15.249954 3.213827
7.192281 -30.254950 -13.967885 21.377520 -25.981003 -30.701307 -25.542950 -35.978374 11.285963 8.035053
-2.088119 -21.893763 -3.088082 14.196980 -23.725796 -28.275743 -21.066586 -34.878300 12.755405 7.306716
2.543161 -14.642063 -9.189033 -9.538161 -21.030273 -9.284226 -9.717758 -11.541554 -5.554517 9.535247
14.575233 -20.259594 2.898840 27.542643 -19.956001 -20.170771 -13.976462 -32.796467 -2.678573 -6.176239
3.804249 -8.101404 -12.808790 -16.008398 -16.368174 0.805621 2.236149 3.344740 -14.560691 5.343847
-18.705608 0.049184 25.564180 -24.234552 -18.546373 0.085051 6.274837 4.497041 -13.755627 2.437219
-7.704230 -8.088152 10.435140 -20.637194 -21.984627 -5.188589 -2.576322 -1.892368 -11.991903 8.035748
8.929831 -17.691135 -11.198778 -3.451956 -20.492165 -12.831004 -14.721920 -17.576780 -4.595263 10.897661
-16.249249 -3.818197 23.932371 -20.564415 -21.681486 -4.417207 2.831407 -0.569602 -10.754297 5.400694
6.246658 -15.969883 -8.140491 5.192734 -18.831612 -9.362973 -6.450688 -17.051722 -5.335462 0.596503
-1.141028 -8.899616 4.107273 -13.804227 -20.166424 -1.971426 2.947933 -0.599816 -15.035933 3.500618
-15.378781 -2.982385 16.930685 -18.152880 -18.794235 -3.932743 2.967695 -0.597595 -7.900604 4.418564
6.548371 -8.485087 -2.523077 -9.800789 -16.086834 -0.582049 0.861563 -2.174174 -15.700553 1.357877
-3.152882 -7.587689 5.643021 -3.578596 -15.448308 -8.183034 -4.885602 -16.302824 -3.658544 -0.581640
-9.665155 -2.135730 12.939477 -26.884304 -18.544495 2.180171 6.302080 8.089148 -19.888052 3.789075
-1.448485 -12.453808 2.401657 -5.964457 -21.524406 -7.844146 -1.949930 -8.878567 -7.318978 5.987056
-23.328375 -6.971589 21.211189 -3.518317 -21.595621 -16.764357 -4.606114 -13.196742 10.186111 8.914585
4.444698 -22.482376 -11.528901 -0.184616 -26.411839 -16.981941 -15.217369 -18.867874 -0.553278 13.314301
-5.316654 -10.917989 5.906045 -12.598350 -22.516396 -7.967431 -2.548834 -7.882738 -7.528474 7.129180
2.282806 -15.271596 -3.087097 -3.954154 -22.094007 -11.624492 -9.172303 -18.801268 -5.685060 2.034797
2.592714 -19.081861 -1.909258 10.551221 -23.997690 -14.621424 -6.426809 -18.697378 -1.360494 3.725329
-7.573618 -15.155018 6.528449 3.861798 -24.137644 -18.799206 -8.764254 -22.776838 4.929081 5.572991
-3.339353 -1.777740 5.449316 -25.367586 -16.036570 5.309383 8.414805 10.352169 -22.487377 1.888358
2.662614 -13.096428 -7.965451 -11.379212 -19.227697 -8.854806 -10.897430 -9.160957 -5.186059 12.207146
-5.070324 -12.365825 -1.050774 -1.866851 -18.620029 -13.968385 -10.023897 -20.827765 3.781812 5.555539
-6.734756 -9.352502 12.094167 -8.512648 -21.793385 -9.378718 -1.244503 -9.615517 -5.793918 5.290701
-3.327207 -6.792115 6.534746 -7.887723 -14.484341 -3.357044 -2.267272 -7.626198 -8.382101 -3.036245
-0.041699 -4.382763 -3.497348 -22.928001 -16.328459 3.755473 6.791543 9.099878 -20.395123 3.349688
14.623662 -18.900045 -7.267306 7.155465 -21.960247 -9.299797 -7.778301 -15.598429 -11.511177 2.065947
-8.625156 -4.597950 12.884226 -16.823812 -17.628540 -1.908914 3.539153 0.211824 -12.799092 1.945242
2.019654 -10.986203 -1.788734 -1.414080 -18.633583 -4.402796 1.638146 -8.234299 -10.045738 -0.493816
-13.673273 -17.504364 2.766649 2.967098 -25.978725 -23.267199 -12.346566 -23.339205 11.388843 8.794079
-2.384385 -10.092056 5.723492 -19.305258 -22.364250 -4.042647 -1.083811 0.001786 -15.835619 7.303206
-11.955809 -3.346044 15.188426 -22.171377 -19.026836 -1.233292 3.705756 2.885704 -13.774560 4.084105
1.551185 -10.092983 3.959060 -11.788440 -19.688612 -3.412913 -0.265960 -3.965392 -14.767159 3.071821
8.737765 -12.387818 -5.247958 -5.374974 -19.763733 -1.173178 2.417059 -3.306487 -17.317966 -0.983418
8.316904 -16.051453 -19.012022 -11.406408 -21.231194 -3.714950 -4.581832 -3.460435 -11.737988 8.734919
4.599464 -21.850489 -11.836238 2.299329 -23.713394 -18.182570 -17.561993 -24.039015 2.171166 9.960299
