-19.048868 23.023659 16.460157 10.930642 41.849384 3.881197 -28.536312 33.023891 23.825729 -2.695132
-18.620520 22.606964 16.245905 10.739841 41.035717 3.753045 -28.029804 32.326252 23.417269 -2.615047
-18.929655 22.915644 16.356314 10.842838 41.692513 3.667348 -28.174301 32.820362 23.617706 -2.765354
-18.261753 22.389021 15.808956 10.557807 40.472939 4.216003 -27.708652 31.681267 23.144682 -2.520650
-18.094608 22.115206 15.450130 10.538188 40.245640 4.245708 -27.353863 31.559425 23.108416 -2.584108
-7.424125 15.190475 6.225451 4.213494 27.504000 9.135061 -13.977257 14.599199 15.883333 -3.057392
2.087363 7.575164 -0.800512 -0.148413 13.481291 11.663144 -3.288529 2.107118 8.223343 -4.313550
-13.276969 17.790667 10.927280 7.657480 32.635612 5.422037 -20.494961 23.555510 19.030560 -2.399608
-12.455892 18.089867 10.446274 7.226503 32.760326 6.990221 -20.311327 22.477148 19.159786 -2.470939
-3.841229 12.997108 3.392449 2.446207 23.543814 11.015002 -10.299479 9.724291 13.371050 -3.499135
2.233916 7.156177 -0.929336 -0.226325 12.700982 11.305777 -3.016895 1.775507 7.669808 -4.271443
-13.127715 18.821478 10.780378 7.262771 33.378849 6.624189 -20.563133 22.826311 19.168423 -2.400130
-18.483141 23.073057 16.162838 10.490672 41.015465 4.255833 -28.152025 31.859556 23.066515 -2.389127
0.338162 8.928557 -0.186180 0.355759 15.855491 11.482063 -4.705905 3.824032 9.325264 -4.506434
-18.496325 22.833372 16.110533 10.600039 41.139210 4.124389 -28.021530 32.084984 23.286367 -2.609563
2.344310 7.445947 -0.926652 -0.200637 13.093915 11.706453 -3.082354 1.805370 7.987278 -4.386253
-13.313883 18.339418 11.363823 7.314724 32.991116 5.482965 -20.881149 23.084463 19.260262 -2.200238
-5.317059 14.030176 4.818901 2.989900 24.905567 10.704472 -12.210435 11.638665 14.389738 -3.536426
-19.151627 23.291182 16.528788 10.934569 42.131603 3.679916 -28.467258 33.141888 23.737663 -2.726500
-3.517232 11.665397 2.877427 1.743950 22.519602 10.363163 -8.793752 9.024687 12.904738 -3.758222
-18.759756 22.986275 16.278383 10.772950 41.451283 4.095880 -28.365318 32.500210 23.514076 -2.556080
0.270744 8.859742 0.077086 0.426944 16.035639 11.267363 -5.038911 3.926841 9.248332 -3.925077
-13.243337 18.623598 11.603760 7.327585 33.280376 4.976069 -20.623055 23.215471 19.393333 -2.459578
1.733344 7.545364 -0.763331 -0.110226 13.305055 11.270657 -3.330114 2.258615 7.895423 -4.275660
2.259926 7.252148 -0.920858 -0.258811 13.014361 11.598402 -3.018656 1.797526 7.925451 -4.362366
-18.380922 22.712568 16.006334 10.583342 40.847530 4.196577 -27.981329 31.869854 23.206879 -2.489774
-18.323524 21.928560 15.986904 10.657989 39.976288 3.861234 -27.821850 31.751028 23.169163 -2.400295
-18.021322 21.646135 15.611807 10.578403 39.554028 4.210693 -27.528805 31.399111 23.032051 -2.345069
-19.226479 22.859104 16.599648 11.113741 41.799824 3.570468 -28.588099 33.281940 23.964104 -2.651632
-16.526678 21.308882 14.550707 9.500204 37.700012 4.744024 -25.703396 28.585264 21.495358 -2.138523
-18.701344 23.211884 16.176729 10.532995 41.657104 4.103528 -28.111839 32.357651 23.316843 -2.733318
-12.966451 18.536875 10.887648 7.087399 32.877613 6.372247 -20.369612 22.477388 18.969589 -2.427026
2.187027 7.493880 -0.901960 -0.210268 13.190488 11.631281 -3.176566 1.914608 7.887587 -4.398722
-18.930513 23.132643 16.357321 10.831746 41.877010 4.028179 -28.436337 32.847530 23.694157 -2.675097
-18.804567 22.788227 16.132082 10.794568 41.454388 3.995440 -28.136543 32.688766 23.561508 -2.691097
-10.655406 16.366280 8.894815 6.090546 29.913086 7.729623 -17.847527 19.474070 17.754692 -2.492673
-19.163710 22.725458 16.455145 11.047235 41.663914 3.371743 -28.308779 33.187347 23.788681 -2.752160
0.218709 9.492837 0.024449 0.565144 16.678305 12.014926 -5.460436 4.015987 9.822256 -4.269665
2.251691 7.648500 -0.919779 -0.175243 13.414850 11.883152 -3.203398 1.935133 8.105417 -4.463239
1.670705 7.711987 -0.768274 -0.135894 13.393452 11.215350 -3.421026 2.310716 7.722796 -4.408477
-18.047331 21.721472 15.571801 10.508957 39.582512 4.182404 -27.397505 31.302122 22.944614 -2.385032
1.935842 7.493268 -0.781095 -0.226927 13.304404 11.364677 -3.189793 2.129683 7.842979 -4.386650
-18.866629 23.073462 16.302454 10.856446 41.478573 3.924879 -28.349415 32.571991 23.569656 -2.472699
1.658938 7.478823 -0.663617 -0.122533 13.577907 11.362247 -3.335159 2.366129 8.145889 -4.238825
1.867058 7.603010 -0.802606 -0.296449 13.689701 11.601268 -3.374565 2.172773 8.130010 -4.323258
-1.028237 10.036513 0.810028 1.004304 17.872835 11.256674 -6.459258 5.558833 10.596839 -3.950520
-0.521515 9.224807 0.402186 0.772113 16.953241 11.217346 -5.672272 4.875383 10.238357 -4.070640
-13.697429 17.891235 11.094886 8.040672 33.288128 5.587612 -20.923573 24.464609 19.754501 -2.390545
2.165231 7.517966 -0.894076 -0.193294 13.220056 11.599798 -3.149297 1.916143 7.889682 -4.459159
-7.800412 15.202178 6.180668 4.324990 28.248907 9.530973 -14.171313 15.261964 16.680614 -3.309087
-1.633016 10.475816 1.361545 1.516973 19.379732 10.821484 -7.137311 6.910206 11.311161 -3.440651
-17.775591 21.989227 15.486562 10.319208 39.704662 4.413240 -27.296907 30.986805 22.729176 -2.418396
-2.630176 11.680787 2.117037 1.504944 21.117933 11.159330 -8.478017 7.594179 12.319462 -4.097944
-15.651754 19.654509 13.224211 9.265856 36.109970 5.040578 -24.031599 27.608114 21.177597 -2.301907
-18.558996 22.807755 16.154716 10.648415 41.238575 3.977071 -28.011808 32.258617 23.386808 -2.687500
-17.879114 22.068258 15.270161 10.339230 39.941948 4.148502 -26.868935 31.151533 22.766106 -2.597728
2.255642 7.240203 -0.895882 -0.218939 12.854059 11.381364 -2.998904 1.792092 7.743227 -4.306635
-8.657702 15.167034 7.383140 4.969475 27.660240 8.805037 -15.636161 16.607954 16.488308 -2.789737
-18.503439 22.503181 15.840435 10.632908 40.768181 4.127694 -27.792755 32.131886 23.242516 -2.575348
-2.418259 10.697720 1.749945 1.408922 20.038778 10.660690 -7.336995 7.026616 11.727932 -4.008753
1.250219 7.666518 -0.675882 0.092832 13.996785 11.199141 -3.802762 2.854246 8.465787 -4.116626
1.954315 7.422991 -0.848005 -0.192645 13.216323 11.473631 -3.285592 2.073945 7.950155 -4.323702
-18.375650 22.101364 16.067587 10.673955 40.193577 3.715793 -27.785427 31.802799 23.210623 -2.488331
2.171687 7.138538 -0.874181 -0.186314 12.609583 11.205718 -3.010069 1.827246 7.675771 -4.249724
-6.695269 14.886349 5.249753 4.059440 26.611555 9.340670 -12.993661 13.708436 15.233807 -2.734070
-16.915890 21.685179 14.426718 9.651773 38.595348 4.733766 -25.765051 29.513893 21.691277 -2.448947
1.827591 7.546226 -0.811672 -0.153086 13.222927 11.285076 -3.301136 2.176787 7.768954 -4.409307
2.184720 7.297659 -0.935668 -0.255068 13.031915 11.500563 -3.139018 1.837097 7.797035 -4.367355
1.439791 7.583374 -0.631846 -0.065341 13.510424 10.950514 -3.580617 2.538471 7.877028 -4.229139
0.106809 9.002543 0.285036 0.511310 16.713552 11.619156 -5.259324 4.291225 10.042147 -4.194104
-3.114756 12.399229 2.703538 1.741928 21.894732 11.276065 -9.555357 8.376205 12.890425 -3.670760
-18.737856 22.741594 16.146788 10.790107 41.194973 4.118590 -28.271349 32.483501 23.510868 -2.517514
