-4.481558 6.394803 -2.065147 11.186470 -12.095799 7.854117 4.693300 1.859139 -1.112987 -53.007786
-5.622227 5.381183 -2.963450 11.077668 -11.879514 7.223242 4.321096 0.802996 -2.387279 -50.557339
-4.164290 6.520565 -2.995366 10.740652 -11.584416 8.332438 5.347602 1.355699 -1.195109 -53.209221
-6.011260 4.809251 -1.959825 11.970148 -10.387020 5.091763 0.106468 1.945734 -2.470222 -47.305592
-5.930394 5.132352 -3.460713 11.754019 -8.764951 4.757948 -0.683392 1.355097 -2.553781 -46.835079
-10.456179 -0.785645 -5.297886 9.862844 -1.153430 -5.422149 -12.253036 -3.522201 -8.309047 -20.517109
-6.175527 2.216768 -12.229276 7.850636 6.349796 -6.346051 -13.577574 -5.543764 -7.019411 -13.988177
-7.804684 1.250595 -6.874998 8.712828 -1.832001 -1.325788 -7.693646 -2.706763 -6.208405 -27.333164
-8.792404 1.401857 -4.281631 10.789701 -2.589314 -3.979221 -10.809671 -1.252423 -6.318746 -27.795143
-9.847085 -0.550887 -5.428486 9.127770 1.530820 -6.806786 -14.426969 -3.969041 -8.288224 -16.239990
-9.843813 -1.058112 -7.719534 8.360591 2.047315 -7.761364 -13.997634 -6.076970 -9.419980 -12.061523
-7.890747 0.753323 -3.963505 9.412407 -1.615262 -3.630336 -10.557769 -1.151330 -5.776422 -23.939842
-5.555445 3.525012 -0.537194 10.518966 -11.617304 5.724487 1.080070 2.451726 -2.039261 -43.518646
-9.892906 -0.377346 -6.359153 8.813928 2.007124 -7.770414 -14.340528 -5.198696 -8.854451 -14.970038
-6.020419 5.515514 -2.079472 12.203852 -10.691808 5.809664 0.384669 2.272119 -2.674003 -49.926353
-7.925344 1.077312 -11.113897 8.352327 5.355025 -7.825038 -14.955343 -6.319144 -8.386631 -13.253678
-10.872276 -0.634774 -1.443300 9.824704 -9.707728 1.275640 -2.826214 -2.234615 -7.751739 -32.242298
-9.914798 -0.264197 -4.165357 9.766969 0.042505 -7.408541 -14.205548 -3.324310 -8.065302 -18.132845
-3.948702 6.560596 -3.237836 10.225421 -11.214394 8.573335 5.768040 1.182510 -0.997233 -52.216381
-9.533956 -0.336127 -6.262123 8.371315 0.264764 -5.046094 -11.090282 -4.910810 -9.330896 -18.286942
-4.653454 6.148190 -1.748148 11.409601 -12.284468 7.685710 4.008751 2.268742 -1.164364 -52.651516
-9.518970 0.840282 -8.365307 9.547771 3.786449 -7.407841 -16.321812 -4.888753 -9.053257 -17.343464
-10.802736 -2.247359 -6.585694 8.289016 -11.337982 4.133264 2.248647 -5.541789 -8.276244 -32.975918
-10.075652 -0.824669 -6.173942 9.028721 1.350774 -7.724712 -14.257841 -5.164196 -8.763520 -13.313443
-9.290340 -0.396090 -8.896874 8.481959 3.322253 -7.544247 -14.515540 -6.164679 -9.131543 -12.111691
-5.839755 5.528000 -1.396031 11.955887 -11.599535 6.004803 1.305929 2.248689 -2.374683 -49.652374
-6.442308 4.785563 0.202414 12.063827 -13.521865 5.089179 2.878018 1.592948 -2.514841 -47.657005
-6.410238 5.159027 -0.292309 12.602552 -12.028356 4.061172 0.474363 2.061623 -2.483418 -47.134712
-4.344621 6.430257 -2.360320 10.980238 -12.269510 8.093672 5.765494 1.480226 -1.065448 -52.736809
-8.025488 2.326287 -0.367926 11.334576 -10.135653 1.722036 -3.480422 0.949346 -4.739936 -38.407440
-4.335810 6.110991 -2.661220 10.579529 -10.788754 7.897593 3.683748 1.878509 -1.436231 -51.580956
-9.154555 0.357826 -3.876910 10.247507 -2.414069 -3.605999 -10.815346 -1.581647 -7.216927 -25.328194
-8.843129 0.153305 -9.249104 8.397366 4.320632 -8.148384 -14.886650 -6.299644 -9.098007 -12.633829
-4.404579 6.454353 -2.152925 11.254963 -12.109728 8.134920 4.645172 2.031791 -1.039879 -53.486549
-4.231186 6.519881 -2.305091 11.110374 -11.603148 7.987885 4.384853 1.952048 -0.951675 -53.007759
-9.087995 1.209218 -3.790082 10.732224 -2.174079 -5.094970 -12.102742 -1.190795 -6.589851 -25.928677
-5.556088 5.729256 -3.674760 10.415281 -13.128504 8.975188 7.687849 -0.243410 -2.319319 -53.350468
-9.137631 -0.971264 -5.054614 8.185890 -0.027320 -6.729286 -12.669053 -4.603692 -7.736988 -12.727478
-8.111517 0.752944 -10.992366 8.414537 5.163849 -8.075295 -14.848145 -6.517087 -8.455830 -12.496311
-8.769279 0.734145 -8.829347 8.632882 4.644383 -8.263185 -15.457108 -5.817828 -8.433305 -14.149090
-6.068775 5.028717 -0.663152 12.082037 -11.918311 4.884956 0.911656 2.271418 -2.164329 -47.335571
-9.310081 0.619670 -9.394064 9.098732 4.549269 -8.123089 -15.932251 -5.797081 -9.298570 -15.047579
-5.466628 4.455652 -2.937495 10.071766 -10.586809 6.448865 2.295969 1.103453 -2.273201 -45.777004
-10.474659 -1.112082 -7.630563 9.017275 2.035202 -7.559900 -14.479950 -5.828859 -9.641803 -14.076790
-8.326967 0.561623 -8.498647 8.457413 4.267540 -7.382712 -15.006873 -5.203875 -8.374397 -13.607201
-10.702108 -2.451047 -4.041587 7.774920 -2.003964 -6.309160 -10.631115 -5.546804 -9.244783 -13.450266
-6.162031 2.745470 -6.483422 8.194796 -1.112077 -0.809677 -6.423866 -2.533856 -4.854593 -27.046640
-9.112271 0.184414 -8.639594 8.867368 4.149229 -8.443822 -15.528533 -5.893046 -8.823842 -12.199605
-9.983966 0.714918 -6.468925 9.670200 1.399482 -6.670639 -14.223629 -4.272361 -8.430544 -20.742853
-4.305785 5.755393 -14.446415 9.038840 7.746019 -3.434558 -13.668746 -3.949946 -4.938889 -25.727341
-6.420921 5.183839 -1.048704 12.727525 -11.325092 4.961612 -0.379762 2.698937 -2.667701 -48.959045
-9.903415 -0.069825 -5.314964 9.088947 2.281808 -7.484216 -15.237807 -4.408051 -8.904205 -17.626493
-8.121178 3.919371 -4.175659 12.205288 -6.837361 1.578458 -5.095319 0.216511 -4.514314 -41.302948
-5.071465 6.044624 -2.120613 11.598343 -11.538933 7.229694 2.954511 1.955566 -1.887024 -52.170898
-5.398369 5.612676 -5.190626 11.183257 -8.342900 6.119688 0.569121 0.639904 -2.316822 -48.667961
-9.825307 -1.240433 -6.383919 8.435020 1.570517 -7.912798 -13.387887 -6.088460 -9.716675 -11.658666
-8.724740 1.265851 -4.060245 10.316685 -1.911239 -5.653341 -11.957850 -2.023909 -6.087062 -23.036564
-4.565102 6.035015 -2.238816 10.928703 -10.531772 6.665772 2.282187 1.895722 -1.317963 -49.820805
-9.640370 0.590113 -7.017483 9.243793 3.308495 -7.474934 -15.226672 -4.903887 -9.026166 -17.811682
-8.989323 -0.093528 -9.795803 7.902081 1.334569 -4.833554 -11.053701 -5.792411 -8.679925 -16.142023
-9.389792 -0.952670 -6.178197 8.214550 1.113507 -7.319690 -13.494588 -5.071876 -8.336443 -11.646193
-7.909453 3.874420 -0.666688 11.962559 -14.110725 5.470172 3.839356 0.360759 -4.198114 -47.663937
-8.939075 0.143769 -9.439750 8.417961 3.102252 -6.921278 -13.882903 -5.635640 -8.122149 -13.548633
-8.976016 -0.235162 -6.675164 8.754819 0.355966 -4.465555 -12.082347 -3.413489 -7.219965 -19.218914
-6.114761 4.821893 -3.980632 11.441296 -6.812002 4.406442 -3.388602 1.432141 -3.174048 -45.352505
-9.425340 0.113196 -7.894997 8.763763 3.268690 -8.112561 -15.131279 -5.531880 -8.664578 -13.503424
-8.981790 0.050441 -8.344287 8.393764 3.521958 -7.556432 -14.796701 -5.635351 -8.801785 -13.395490
-10.329634 -1.198684 -5.518314 8.504870 1.193970 -7.837649 -13.734141 -5.669580 -9.645630 -13.753602
-11.318622 -2.044060 -6.741691 8.736737 -0.704550 -6.730567 -12.059916 -5.988425 -10.038479 -15.224342
-10.567162 -1.634605 -1.991224 9.277731 -2.279905 -7.123567 -12.664319 -3.820507 -8.920738 -16.304815
-5.110057 5.747575 -1.755947 11.579955 -11.638853 6.757127 2.564898 2.282733 -1.500406 -50.671700
