4.284987 9.318446 -0.272515 1.458295 5.429535 -1.495637 -10.159800 -6.640615 6.327160 -2.516703
9.238190 -0.964125 -0.610756 -11.261812 10.457775 -0.695949 -8.803554 0.073731 10.502359 -13.793176
4.141901 -5.798649 9.540732 -16.491339 1.765658 7.602071 -17.101238 5.056279 14.319654 -24.058083
9.725569 17.664803 8.706535 -4.121236 3.473336 3.598024 -7.623547 7.823332 7.407921 -11.976394
10.290129 4.676455 14.060876 -14.936796 0.518595 10.127222 -17.092150 7.536856 12.875902 -25.005194
5.765045 -10.056145 16.003881 -22.432985 -2.594742 11.720748 -14.099945 13.074979 14.612309 -31.330761
15.476670 6.585773 4.921927 -13.800879 1.307833 6.506112 -5.767039 5.568164 4.334049 -19.866526
-0.090553 9.150054 2.764024 -6.430026 -0.687608 1.567318 -12.862822 -4.332778 10.084295 -10.489961
2.105054 5.241969 11.598349 -18.647371 -5.488227 8.174756 -6.835893 13.640409 14.250038 -22.038134
10.489096 7.671669 6.359023 -13.733397 2.591666 5.902834 -11.569394 3.128031 9.768337 -19.643641
8.693989 13.388208 -2.527438 -0.433329 7.620234 -1.844866 -7.170198 -6.191813 5.101482 -3.424380
0.083807 12.672698 1.813502 -2.017680 3.188403 -0.016865 -8.643152 -2.141527 8.810265 -5.432702
5.698677 1.264207 3.665385 -4.412095 4.718235 2.384905 -18.232882 -5.789908 9.245954 -13.183669
9.970342 1.778680 6.335982 -18.076096 -6.344609 9.971807 -6.557434 5.146127 5.018136 -24.741470
11.833834 4.343205 2.292209 -6.463295 6.301694 2.764594 -13.031698 -1.033740 6.953786 -12.645833
11.202400 0.984853 -0.332410 -4.114121 5.416186 1.405038 -13.627775 -7.557349 4.220348 -11.267271
-0.625858 -2.677924 9.894815 -12.321335 -6.715338 7.946692 -14.860788 2.195642 10.280523 -20.626955
2.772650 -3.954291 11.755089 -16.789886 0.036473 6.331725 -13.319815 9.225046 16.074049 -23.389530
13.222385 -4.460223 6.498654 -19.983934 3.690153 7.774879 -9.298949 10.206806 11.863437 -24.068745
-11.275339 12.790710 12.766481 12.244728 -2.157669 1.034919 -20.957693 -9.334936 11.641344 -1.460735
6.060512 -1.886862 8.228580 -6.043442 9.650612 2.138001 -20.799883 -1.478195 12.956671 -15.849425
12.627287 5.925977 1.858583 -9.874290 3.211697 3.884692 -8.486441 1.260962 5.323112 -15.390450
3.247285 -7.121347 11.682524 -12.900561 4.394446 5.237610 -19.281876 4.476177 14.569351 -21.654131
0.615732 11.724103 4.427699 2.405025 4.147639 0.075394 -10.329215 -3.457765 7.996930 -2.990029
0.613761 11.929953 1.729772 0.433310 4.658500 0.147137 -12.563503 -6.563845 8.083869 -4.471012
7.789959 -15.132525 3.550215 -15.611096 -5.096166 7.884024 -9.357395 2.871943 4.543416 -21.750929
9.237087 -2.745910 5.297025 -6.894455 9.211384 2.018284 -16.774258 -0.544336 10.770771 -14.743937
26.334633 27.330063 -2.500197 -3.263349 15.781150 -2.976735 2.911608 1.679321 2.227165 -7.485902
17.492588 -0.059189 4.589262 -10.874885 5.733360 6.408506 -10.211851 3.306812 3.723071 -20.031364
7.475384 -7.469834 12.658659 -26.314146 -3.814021 13.197411 -10.601096 13.673413 14.651176 -32.799324
4.236970 14.267251 3.789594 -5.809999 6.625051 0.663508 -13.823757 -1.834630 12.960726 -10.517593
10.495613 -0.248689 8.344355 -9.636143 8.106580 4.635885 -18.266325 1.410049 10.825951 -18.849558
11.055529 -9.872797 14.483870 -19.455502 -2.150578 11.380042 -13.030737 11.222586 9.438395 -30.047846
5.285435 -5.380525 9.990524 -18.623405 -0.707003 5.562480 -7.043438 13.442812 14.734798 -22.658253
2.803854 0.810564 4.585657 -14.034769 -4.423616 3.949721 -1.678715 9.881457 8.255858 -14.104083
7.495845 2.231029 0.328234 -10.623322 2.752445 2.531628 -9.073355 -0.094663 8.096527 -14.177340
-10.452740 18.448708 9.719109 -9.382936 -4.838930 5.065221 -10.432007 0.452316 14.307514 -13.213705
-7.853732 3.786719 12.002064 7.690524 -5.422249 2.141477 -17.327299 -3.665354 9.697358 -4.349775
5.707735 10.004399 1.296397 0.408657 6.315926 -1.475189 -9.981582 -3.437097 8.330917 -3.766782
10.687988 -11.134508 12.003567 -20.862942 0.538274 10.448105 -11.899998 10.767460 10.693628 -29.367048
2.141640 1.316300 3.263658 -8.911882 1.165051 1.459491 -8.958574 1.112632 10.138838 -13.158010
6.896087 -1.252713 -0.337989 -3.770631 -0.299609 -0.401181 -2.349094 5.694110 4.640151 -6.192237
13.537501 2.142890 2.875861 -2.637561 14.440996 -0.634924 -15.678545 -2.852816 8.257851 -10.305086
15.663953 1.060210 -2.159818 -6.005054 13.039671 -0.337903 -9.918766 -4.407726 4.348151 -11.073817
14.948886 2.645697 1.941309 -10.147242 7.329999 3.213325 -9.804684 0.801019 6.027911 -16.444002
7.362317 -7.701068 9.808443 -6.573685 1.935446 5.102981 -17.349306 1.350119 6.819953 -18.133078
1.802484 -15.042660 9.693868 -16.959757 -1.976017 6.681309 -13.081241 6.356464 11.860102 -23.597170
2.420266 2.535896 0.834993 0.476881 -0.492306 0.544094 -6.968806 -1.749230 3.983980 -3.600327
-0.340880 -3.197638 16.519400 -4.222824 -6.780523 7.724439 -18.193151 4.163756 9.013908 -16.980350
8.943157 -5.151115 2.079882 -1.007799 11.356880 -0.634544 -16.972040 -6.983786 6.242405 -9.340277
10.261260 -12.934612 7.371231 -19.278286 3.760036 7.251227 -11.167622 8.047684 10.722206 -25.913786
4.204251 6.920125 -2.117688 -0.487809 5.631507 -1.032190 -9.474769 -6.442665 6.092410 -3.092348
9.251764 -1.256350 10.906311 -11.149566 6.324081 5.432715 -16.607605 5.899951 11.023099 -20.247040
7.041131 6.304698 1.832129 -6.151475 0.449679 1.265822 -2.093913 6.394955 4.851732 -8.542058
4.845945 4.272600 -0.866024 -4.970199 0.279013 0.166862 -4.710937 0.194397 5.514001 -6.599828
11.608453 1.504654 0.153396 -3.088067 11.870119 -0.279743 -15.070933 -5.499288 7.048199 -9.065967
-1.554188 11.406360 2.559216 -5.411539 -0.589920 -0.272299 -8.688177 -1.678442 10.842428 -8.469569
6.188832 6.089502 -1.056950 -4.721165 0.628479 0.667187 -7.638397 -2.703385 5.143912 -7.539043
7.040461 7.655792 0.045014 -5.405584 3.994284 0.208059 -5.778893 0.900998 6.285277 -7.249779
0.916441 -2.446196 5.090878 -9.252287 1.530936 2.222773 -14.028349 -0.617985 10.069967 -15.481059
-4.864714 -2.043944 4.888638 -8.768825 -2.924049 -0.029729 -4.438991 3.382804 9.267342 -11.778229
5.958847 -14.987316 3.015701 -8.860096 -2.269992 3.409026 -7.958510 1.483191 2.788388 -15.851544
7.385374 -4.712110 7.912814 -22.020132 -9.793515 12.201843 -7.755486 7.267791 7.290739 -28.366920
6.448667 -1.697496 5.347915 -12.400261 0.227599 4.537923 -12.492241 3.035599 9.724087 -17.984510
14.187645 -8.279209 2.618177 -16.137682 4.357689 6.587949 -9.607141 4.163744 6.736427 -22.548841
12.994912 -10.874865 4.674208 -23.596949 -3.178889 11.519361 -6.880103 8.256453 7.571136 -29.352175
4.825844 7.582030 -1.131095 -0.055612 5.924211 0.134709 -9.930267 -6.491788 5.155354 -2.824798
11.075350 3.725070 4.604181 -14.682874 -4.583475 7.281604 -4.137366 6.322561 4.131508 -19.284277
