-37.827763 -32.513268 35.248798 -20.612497 4.652632 14.131904 -23.571865 0.031268 -33.036091 -18.559689
-37.924297 -29.757698 33.920200 -17.965759 1.743250 14.481779 -21.486712 0.443668 -30.943350 -19.898470
-63.222179 -30.434547 90.788422 -41.095055 30.374392 36.747177 -33.151344 17.134398 -81.970818 -51.693211
-40.860481 -24.467068 41.058437 -18.143803 2.327374 17.357903 -16.184399 6.846039 -36.175217 -25.838476
-32.360691 -34.832195 25.928753 -17.307859 0.619994 9.362967 -21.939457 -2.121900 -24.612677 -12.985149
-23.101212 -36.670975 4.880732 -4.449424 -17.911512 1.159559 -12.553173 -5.096938 -4.854364 -3.107930
-17.546574 -32.170773 -0.008037 2.302115 -24.538944 -1.969388 -4.440854 -2.411932 1.074721 -2.659043
-31.901768 -32.270344 24.536005 -15.958016 -0.572201 9.264534 -20.587624 -2.411429 -22.934000 -13.077421
-20.280725 -31.761566 2.354498 -1.435652 -20.301197 0.130419 -8.096775 -4.669438 -2.024926 -3.750216
-48.335541 -31.354998 59.399338 -31.115889 17.813169 22.232557 -28.538513 7.629130 -53.803162 -31.526291
-29.701174 -35.435318 17.148731 -12.393169 -7.653189 6.117930 -18.120987 -3.796909 -16.324711 -9.150564
-26.932259 -36.459183 10.026007 -8.388431 -13.202158 3.673137 -16.071478 -5.530983 -9.917953 -6.377349
-40.890038 -32.170612 47.543270 -26.895105 13.665339 17.237579 -26.719055 4.487807 -43.760681 -24.205835
-15.482833 -30.924889 -0.850767 1.063658 -21.728542 -2.185182 -6.113108 -3.540956 0.450731 -1.795372
-20.303654 -33.874447 4.688231 -4.866315 -15.239327 0.758814 -12.230380 -5.105237 -4.855982 -2.552495
-22.209175 -32.050003 3.377383 -2.623166 -19.593235 1.088909 -9.040521 -5.247139 -3.153175 -4.322394
-44.481102 -32.994400 44.970562 -23.947594 6.854884 17.901958 -24.392696 4.063061 -40.743481 -24.903347
-17.115303 -34.118664 -0.418556 0.206211 -22.208319 -2.011329 -7.824235 -4.138444 -0.053343 -1.774685
-63.016026 -30.609680 91.299820 -41.701210 31.059538 36.628567 -33.423691 17.320419 -82.297401 -51.579021
-35.765293 -35.939178 27.573978 -17.360435 -2.106378 10.531811 -21.474346 -1.322418 -25.443119 -14.794496
-41.125263 -32.509342 44.180408 -24.836309 10.414034 16.805187 -26.103777 3.018880 -41.040443 -23.369787
-28.597893 -35.319565 10.987147 -7.678291 -14.866686 4.678688 -14.990915 -4.543377 -10.305918 -7.805456
-19.031849 -29.337826 14.835263 -11.702542 -1.766961 3.499967 -16.116556 -2.041487 -15.117623 -5.794488
-15.562593 -32.203430 -1.114098 2.623604 -24.508707 -3.049270 -4.657538 -2.270833 1.456634 -1.855870
-23.445862 -29.525925 5.662230 -2.614444 -19.405937 2.702430 -7.740394 -3.204065 -4.786821 -6.376494
-24.442326 -34.243748 7.570932 -5.959908 -15.844156 2.172551 -12.466692 -4.536545 -7.096910 -5.488253
-22.890646 -32.521133 4.760465 -2.213937 -20.138247 1.406463 -8.271095 -3.292515 -3.552805 -4.757663
-25.791494 -34.859753 15.825254 -12.020096 -4.988707 5.262062 -19.534145 -3.831262 -15.625398 -7.124027
-41.242908 -31.340946 49.393246 -27.013363 13.927320 18.059704 -26.345577 5.592091 -45.270805 -25.441885
-20.373659 -35.189857 0.637094 -1.273862 -22.169617 -0.737678 -9.313221 -5.089274 -1.214245 -2.414482
-21.631680 -34.951004 1.990083 -2.646712 -20.185755 0.440125 -10.823373 -5.685143 -2.651989 -3.474017
-60.761105 -30.128050 83.188362 -37.615364 25.555815 33.794498 -31.058823 15.413241 -75.136055 -47.860897
-16.226896 -33.827423 -1.829649 3.862021 -27.072569 -3.618237 -3.204197 -1.875048 2.327560 -1.921363
-36.765942 -32.001236 28.594460 -16.512173 -1.999993 11.719065 -19.532074 -0.611303 -25.521135 -16.763048
-53.031601 -29.449982 74.855270 -36.436577 26.196249 28.945425 -30.946684 12.572575 -67.762207 -40.698055
-21.019558 -34.365631 6.848623 -6.124214 -13.358263 0.964791 -13.050409 -4.567870 -6.554385 -3.372938
-55.212677 -29.536928 77.120651 -36.833569 26.341375 30.434668 -31.011673 12.930662 -69.697693 -42.813206
-46.506374 -31.352701 58.144985 -30.450714 17.655861 21.949270 -28.063601 7.770179 -52.926849 -30.612011
-22.317982 -34.417618 3.528361 -1.639270 -21.901274 0.185533 -8.723141 -3.261811 -3.140563 -4.204388
-34.054226 -28.537140 34.198818 -19.485985 5.145215 11.717829 -19.648113 2.413052 -30.963915 -18.234846
-22.172310 -32.854156 6.962723 -4.962455 -15.466640 1.433179 -11.697618 -3.614174 -6.439781 -4.991671
-38.064816 -34.531029 36.255299 -21.911671 5.691900 13.390201 -24.581448 0.929497 -33.514481 -18.376287
-40.386620 -31.933735 40.157574 -23.118093 7.822843 15.122467 -23.893852 1.943987 -36.279472 -21.408932
-15.830366 -32.414165 -0.730930 0.546092 -21.723200 -2.260784 -7.092811 -3.689409 0.138563 -1.422187
-53.208599 -32.306686 66.730377 -32.832088 18.540033 26.333479 -29.449570 10.326669 -60.447758 -36.797207
-17.500448 -30.070103 12.595544 -10.973551 -2.281281 2.749204 -16.029001 -3.176598 -13.402301 -4.385674
-37.380676 -32.286461 36.215080 -21.537128 6.356730 13.486892 -23.536903 1.232689 -33.447353 -19.109591
-25.398138 -36.889126 7.071616 -6.701811 -15.301204 2.732458 -15.123692 -6.312408 -7.206852 -4.760882
-35.935162 -31.994497 33.643978 -20.819363 5.009204 12.107477 -22.566849 0.249189 -30.988924 -17.485271
-41.796288 -31.788107 42.139019 -23.281084 7.736601 16.508417 -24.474771 2.608264 -38.772186 -22.810553
-41.775608 -33.159737 42.949291 -24.010643 8.947269 16.526360 -25.934971 2.648199 -39.845097 -23.083822
-19.469681 -34.494331 6.332769 -5.688293 -13.770177 0.655658 -13.208838 -3.857113 -7.053785 -3.246941
-39.785172 -32.007133 45.925770 -24.880901 11.383336 17.052156 -25.899595 4.907115 -42.243134 -24.036291
-48.667248 -28.834560 65.238068 -32.208282 21.256441 25.447462 -29.042124 9.823887 -59.601902 -35.783642
-21.731722 -32.359547 3.098489 0.053144 -23.162935 0.335335 -6.369208 -2.460782 -1.715510 -4.449000
-12.447833 -31.613323 -2.823003 3.507007 -24.410719 -4.198263 -4.007538 -1.564038 2.138438 -0.910949
-34.111088 -34.096909 27.767178 -18.055004 1.386958 10.247400 -21.767796 -1.733078 -25.596775 -14.311749
-58.300137 -29.974182 81.349945 -37.964172 26.696009 32.363132 -31.157635 14.198151 -73.195076 -45.590733
-32.953838 -35.096428 23.497999 -15.639418 -2.834002 9.110058 -20.382019 -3.093521 -22.066008 -12.328082
-14.802536 -30.621359 -0.587301 1.096012 -21.559200 -2.455100 -6.056273 -2.564948 -0.367126 -1.756224
-15.148700 -31.039562 -0.714222 1.892795 -23.129219 -2.909209 -5.085702 -2.714744 0.704197 -1.602901
-24.973755 -35.112839 14.285950 -12.232999 -5.573339 4.699850 -18.536455 -5.045557 -14.627184 -6.463403
-25.895290 -33.338856 12.562447 -11.043865 -6.926698 4.947485 -17.525852 -5.983762 -12.821700 -6.520686
-31.683540 -33.197567 17.343502 -11.010725 -10.070874 7.780405 -16.403336 -3.641691 -15.620441 -11.046304
-34.641209 -35.944359 25.303864 -16.256241 -3.219498 9.477112 -20.627396 -2.010871 -23.382900 -13.564914
-25.437630 -35.887810 9.123168 -7.368139 -13.660128 3.268091 -14.793814 -5.141683 -9.092995 -5.336851
-16.387230 -33.730049 -0.643529 -0.029050 -21.396915 -2.441461 -7.960766 -3.871047 -0.153381 -1.016976
-17.888237 -34.458717 -1.003256 1.953551 -25.678617 -2.449759 -5.953818 -3.045467 0.613218 -2.387087
-31.294838 -33.399933 22.907139 -15.661510 -2.043924 8.530668 -20.367273 -2.693660 -21.752880 -11.844108
-30.719883 -34.712891 15.131338 -10.696672 -10.167629 6.745223 -17.283464 -4.961205 -14.510404 -9.321801
-31.025530 -33.959888 25.542488 -18.202652 2.588423 8.805020 -22.686947 -2.048298 -24.794664 -12.045085
