-10.028767 1.208388 -1.277941 7.438291 -6.051068 6.167902 -1.171077 -4.966345 -5.285446 -1.226227
-10.086712 1.284375 -1.311710 7.451766 -6.025557 6.049378 -1.139661 -4.884338 -5.550500 -1.159845
-42.919472 -20.401917 -26.547991 28.450560 -31.672836 9.120562 3.154195 -1.303700 23.828228 4.512167
-27.662271 1.197150 -5.941515 19.204451 -17.433558 13.859315 -4.709598 -10.284048 -1.075869 -1.628939
-43.316105 -18.118830 -25.177212 29.032459 -31.607954 10.523107 1.130738 -2.997061 22.033447 3.558823
-9.966055 1.291097 -1.340964 7.490785 -6.161347 6.250550 -1.249972 -5.032158 -5.324415 -1.206945
-44.914871 -24.406183 -31.239874 30.098640 -35.053185 7.817245 4.094576 0.253121 31.168161 5.171036
-30.106377 3.097074 -5.334275 20.916922 -17.783417 14.601740 -4.682606 -10.989862 -4.844070 -1.163790
-14.305624 2.835576 -0.985244 9.869212 -8.223208 8.458665 -1.838629 -6.496553 -8.295516 -1.653317
-20.655825 3.509467 -1.758556 14.168123 -12.353580 11.629008 -3.053092 -9.050505 -7.161272 -1.861810
-9.067350 1.115142 -1.254960 6.917618 -5.663343 5.801685 -1.245257 -4.686330 -4.962227 -1.138061
-35.191574 -3.303241 -10.933398 23.300329 -22.369081 13.762521 -3.260831 -9.579670 3.762444 -0.137500
-24.647821 3.537846 -2.626940 16.266022 -14.346761 12.839215 -3.999884 -9.645421 -6.873671 -1.742586
-29.331505 2.404954 -5.096134 19.314573 -17.699619 14.385842 -4.988656 -9.837225 -4.272435 -1.546222
-10.292509 1.674388 -1.171939 7.652951 -6.178435 6.452672 -1.202775 -5.109496 -6.198238 -1.249446
-26.604567 3.324981 -2.620341 16.951319 -15.274070 13.311320 -3.956414 -9.575361 -7.727703 -1.511047
-51.551201 -48.031685 -50.850166 34.580872 -47.120354 0.141469 14.033549 13.215865 58.548561 11.256662
-51.538162 -52.244118 -54.263874 34.640709 -49.585175 -1.659733 16.131426 15.318069 63.855129 12.144141
-10.342995 1.408429 -1.213077 7.546747 -6.166550 6.366709 -1.295788 -5.118915 -5.754444 -1.314500
-32.290985 -2.040575 -9.259103 22.363201 -20.223682 13.658757 -3.906384 -9.700974 2.886475 -0.354503
-11.173538 1.692215 -1.205165 8.134424 -6.620469 6.847439 -1.375941 -5.436658 -6.195705 -1.376077
-53.328392 -56.032990 -57.053913 35.401768 -51.219837 -2.514373 17.864853 17.178913 66.460007 13.266658
-48.980103 -49.407661 -51.001350 32.118076 -45.934608 -1.989230 15.845039 14.759094 58.911934 11.395354
-10.753702 1.788007 -1.150955 7.903333 -6.416297 6.763128 -1.334259 -5.337209 -6.257129 -1.342674
-9.366378 1.410565 -1.123888 7.074366 -5.705858 5.981291 -1.148948 -4.815999 -5.590564 -1.186735
-43.405533 -26.240698 -31.538946 28.777411 -34.619308 6.469112 5.417420 1.985461 32.490833 6.147195
-50.802574 -37.332664 -42.588394 34.241188 -43.659142 5.326549 8.589691 6.121236 46.376751 8.656230
-11.818340 1.915078 -1.082529 8.288613 -6.874862 7.109005 -1.472154 -5.549125 -6.923223 -1.408890
-13.442375 2.068467 -1.391343 9.678402 -7.922967 7.988218 -1.710402 -6.312090 -6.345694 -1.522390
-11.196724 1.682487 -1.235682 8.051198 -6.552556 6.675758 -1.338626 -5.321906 -6.485090 -1.323165
-17.739588 3.504490 -1.179591 12.177261 -10.269094 10.239800 -2.573796 -7.831362 -8.410316 -1.910660
-12.608850 1.427588 -1.463506 8.893638 -7.555192 7.630647 -1.583410 -5.914976 -5.296362 -1.542664
-54.504650 -58.649239 -59.117882 36.044048 -52.644485 -3.372730 19.356031 18.840218 68.923767 14.018646
-11.608988 1.239283 -1.355523 8.326039 -6.942110 6.977313 -1.540889 -5.583935 -5.113737 -1.425703
-31.237442 -3.752266 -11.129161 21.637480 -20.133608 12.061148 -3.276597 -8.217773 6.275744 -0.714063
-10.364638 1.400378 -1.312510 7.771700 -6.264179 6.405982 -1.296938 -5.202124 -5.498430 -1.295686
-10.941230 1.713447 -1.248779 8.039042 -6.472735 6.698430 -1.344187 -5.295763 -6.390704 -1.349390
-12.202806 1.820578 -0.950355 8.468463 -7.388273 7.449588 -1.738775 -5.754897 -6.414317 -1.449777
-11.013538 1.679037 -1.219763 7.991210 -6.592304 6.830800 -1.375276 -5.372887 -6.105990 -1.357370
-14.917557 2.146810 -1.693918 10.943069 -9.182952 8.895283 -2.124662 -6.940272 -5.431109 -1.651375
-9.600266 0.872924 -1.364056 7.137987 -5.985906 6.014009 -0.985739 -4.839531 -4.143015 -1.191958
-11.441862 1.795072 -1.359856 8.570390 -6.946508 7.041000 -1.522863 -5.626823 -5.915236 -1.363590
-9.111246 0.834911 -1.405836 6.978672 -5.793231 5.790672 -1.122559 -4.770583 -3.941885 -1.156287
-13.497416 2.511668 -1.087439 9.522731 -7.740871 8.070287 -1.589548 -6.179986 -7.992669 -1.491547
-34.610706 -0.729895 -8.440318 22.704052 -21.443491 14.661820 -4.464694 -9.617224 -0.459260 -0.405980
-11.798121 1.836872 -1.123880 8.207882 -6.845125 7.061269 -1.410039 -5.545602 -6.561676 -1.379561
-52.496723 -55.041462 -56.264870 34.848808 -50.291786 -2.738996 17.710310 17.225590 65.698662 13.174230
-25.641987 0.514310 -6.934761 18.623074 -16.545671 12.378013 -3.849764 -9.610412 0.532686 -0.959993
-27.217707 0.892777 -5.121972 18.482019 -16.771639 14.133218 -4.580825 -9.370661 -1.259858 -1.854890
-12.360678 2.185560 -1.081787 9.036752 -7.546597 7.830818 -1.750007 -6.103456 -6.286019 -1.509667
-13.120119 2.574316 -1.084721 9.270583 -7.838717 8.132588 -1.879219 -6.237287 -7.174333 -1.638788
-9.525160 1.083521 -1.306287 7.157360 -6.011222 6.086285 -1.184319 -4.888104 -4.569285 -1.189372
-22.175886 2.939142 -2.908501 15.585800 -13.455835 12.317780 -3.487586 -9.283655 -5.714501 -1.866479
-49.578392 -43.759792 -47.518257 33.339935 -45.144806 1.267281 12.075491 10.431469 54.727577 9.793036
-12.097807 2.101539 -1.121704 8.555683 -7.035280 7.311681 -1.336951 -5.734629 -7.133230 -1.438166
-9.809059 1.436416 -1.166139 7.233455 -6.016166 6.211286 -1.269502 -4.950800 -5.560430 -1.227011
-18.621008 3.628452 -0.977508 12.321396 -10.597385 10.589664 -2.676687 -7.897160 -8.900686 -1.923237
-20.995638 2.339695 -2.259124 13.768227 -12.157777 11.469119 -3.200848 -8.076427 -6.370451 -1.906221
-42.960693 -21.568707 -28.042374 28.554434 -32.611443 8.305657 3.177274 -0.776616 27.561241 4.047804
-11.515738 2.042243 -1.115864 8.269100 -6.689608 6.969282 -1.337134 -5.470333 -7.033729 -1.338465
-15.918400 2.040975 -2.003589 11.386004 -9.570786 9.229033 -2.173470 -7.217356 -5.094003 -1.558129
-19.155945 2.684572 -2.310697 13.602505 -12.000640 10.994965 -3.100355 -8.645362 -5.360145 -1.968766
-54.205662 -58.298714 -58.806065 35.924179 -52.300159 -3.277536 19.237688 18.726116 68.423180 13.873573
-53.989296 -56.913425 -58.005241 36.071285 -51.822151 -2.559721 18.285086 17.768566 67.599449 13.480880
-53.855286 -55.859581 -57.403069 36.094017 -51.717205 -2.105893 17.590172 17.186789 67.026711 13.586453
-16.356436 1.859888 -2.058331 11.681893 -10.005287 9.396472 -2.249332 -7.302899 -4.855159 -1.646880
-10.857038 1.533564 -1.184799 8.090922 -6.729427 6.861850 -1.359790 -5.368738 -5.580210 -1.344149
-9.085785 0.974170 -1.247390 6.889573 -5.696534 5.838492 -1.161458 -4.695237 -4.601811 -1.181015
