70.813416 -21.062010 -42.439587 -76.918480 3.032500 -65.734161 -32.561478 -57.480942 22.401823 -44.512718
73.429291 -24.764709 -45.967438 -81.564743 -0.599849 -68.647034 -36.320927 -62.847446 25.876041 -51.633362
0.122678 -0.121338 0.009858 0.329312 0.143103 0.204570 0.453077 0.199557 -0.725944 0.071604
62.111038 -21.980972 -39.603138 -69.611969 -1.799444 -58.375504 -31.279953 -55.553699 22.159060 -48.009968
70.907387 -21.326071 -42.473320 -77.531242 2.206238 -65.915497 -32.297165 -58.398308 22.761303 -45.963776
72.915642 -21.013021 -43.525974 -78.783012 3.947984 -67.576675 -33.067513 -58.026314 22.906609 -44.273388
73.525673 -22.696465 -44.697453 -80.213531 1.779464 -68.433685 -34.054340 -59.790806 24.724497 -46.007351
73.696281 -24.904137 -46.059387 -81.765968 -0.807377 -68.810844 -35.754902 -62.857269 26.528067 -50.970058
72.110809 -23.228081 -44.413200 -79.081451 0.919266 -67.366333 -33.632805 -59.332542 24.719465 -45.900658
45.703667 -11.161821 -25.203604 -47.950916 6.574553 -45.100849 -14.316386 -33.766376 9.083109 -19.239916
71.941544 -21.857117 -42.766663 -78.329193 2.917413 -67.676643 -31.926050 -57.938423 22.835531 -42.794842
72.990601 -22.353912 -43.848999 -79.661118 2.421044 -68.110405 -33.226746 -59.578213 23.946995 -45.969490
71.073982 -19.941666 -41.024532 -77.216446 3.915526 -66.975815 -30.729597 -58.014122 21.178911 -44.444637
74.249863 -25.349728 -46.174053 -82.235535 -0.853348 -69.484909 -36.104740 -62.718224 26.754648 -49.802528
76.097794 -24.824598 -47.089462 -83.494270 0.871742 -71.368095 -36.436077 -62.782501 26.229113 -48.766075
76.494728 -24.755894 -47.005726 -83.739761 0.946562 -71.491898 -36.238663 -62.354855 26.805487 -47.701855
73.568741 -23.918285 -45.264057 -80.263443 1.436262 -68.690292 -34.301796 -59.233189 25.458866 -44.438030
74.254303 -22.713133 -45.439365 -81.061935 1.995674 -69.144440 -34.796074 -60.850479 25.012487 -47.599792
0.139918 0.199963 0.172186 0.325186 0.202284 0.076141 0.545514 0.224758 -0.656642 0.113590
65.633255 -17.427919 -37.100655 -70.766113 5.276172 -61.742088 -27.183550 -51.446587 18.345551 -37.219349
73.499863 -20.055199 -43.210331 -79.228638 4.886834 -68.166672 -32.041584 -58.047726 22.127474 -43.465187
74.270264 -21.688475 -44.254875 -80.549469 3.475684 -68.594650 -33.856125 -59.493195 23.827448 -45.900078
69.183990 -21.399391 -41.828045 -75.956245 1.856768 -64.733932 -31.960762 -57.925217 22.016277 -46.138905
73.483200 -24.456936 -45.524376 -80.910927 0.333660 -68.973183 -34.748669 -61.131828 25.357365 -47.612652
75.554222 -25.095802 -46.742596 -83.110367 0.258973 -70.426369 -35.966225 -62.378960 26.859470 -48.652000
74.367500 -22.971060 -45.170094 -80.919312 2.370079 -69.612381 -33.998566 -59.565071 25.005739 -44.428303
77.012489 -25.480309 -47.465988 -84.696396 0.435987 -71.978821 -36.660145 -63.627911 27.155022 -49.625759
73.124954 -21.684669 -44.359203 -79.506401 2.849012 -67.652321 -34.072891 -59.384857 23.864960 -46.681229
60.712059 -14.622260 -32.962051 -64.931717 6.491313 -58.375584 -23.751930 -47.637932 15.013895 -33.702324
74.592613 -23.924810 -45.835197 -81.948868 0.917686 -69.621094 -35.354431 -62.028595 25.478149 -48.876560
75.153839 -24.160553 -45.756340 -82.680290 0.801556 -70.162399 -35.603981 -62.688717 25.774132 -49.488487
38.540428 -4.950081 -19.134398 -38.261879 10.647311 -37.998653 -10.756155 -26.608437 4.673299 -14.515385
75.282539 -23.983654 -46.183006 -82.647240 0.833271 -70.111717 -35.538609 -62.160172 26.385618 -48.703285
73.989044 -22.345150 -44.454060 -80.058807 3.157954 -68.674355 -32.970341 -58.286369 24.395840 -43.148689
0.613858 0.124634 0.068931 -0.010931 0.376755 -0.176692 0.439786 -0.008850 -1.100207 0.091994
73.487862 -23.316595 -44.791504 -80.264870 1.542015 -68.913811 -33.710815 -59.664394 24.803610 -44.988148
11.430614 0.902421 -3.747284 -10.522950 4.536108 -12.106095 -0.803836 -7.350605 -1.621658 -2.473670
33.325993 -6.166502 -17.551102 -34.913803 6.935351 -34.532074 -10.122282 -26.087124 4.607118 -14.851792
75.245781 -23.085541 -45.393021 -81.902054 2.397183 -70.403961 -34.420525 -60.617260 24.990465 -45.612469
71.282364 -24.187212 -43.727116 -78.727325 -0.270627 -67.536636 -32.900200 -59.424229 24.712389 -45.601814
72.899155 -23.444668 -44.758499 -80.085793 0.545230 -67.980080 -34.372723 -60.433971 25.393158 -47.455223
69.073349 -21.616741 -41.378017 -76.018906 1.588297 -64.819107 -32.175083 -58.138451 21.791735 -46.682629
72.003006 -23.508497 -43.939438 -79.161919 0.758685 -67.296188 -33.503433 -59.422684 24.860605 -46.415459
72.742081 -25.131344 -45.546200 -80.885986 -1.425208 -68.121315 -35.910957 -62.275448 26.421200 -50.525631
54.247475 -11.028223 -30.207710 -55.719982 10.905776 -52.395576 -20.213974 -38.839748 11.370110 -24.108891
72.338142 -20.762613 -42.905430 -78.368530 3.586656 -68.033707 -32.084126 -57.866928 22.526812 -42.873680
70.201279 -22.530895 -42.435444 -77.353020 0.828403 -65.864502 -31.938387 -58.848892 23.405371 -45.964825
77.510536 -23.396574 -46.960396 -84.194641 2.905476 -71.701538 -36.014500 -62.376137 25.874540 -48.139175
66.121384 -20.339756 -39.504379 -72.094460 2.495805 -62.231480 -28.895626 -53.402397 20.691269 -39.621101
75.184204 -23.964466 -45.835617 -81.716148 1.939431 -70.002769 -34.423859 -60.013119 25.383692 -44.794643
70.920044 -20.602734 -42.585243 -75.711105 4.635677 -65.670670 -31.719936 -53.975674 22.562914 -38.478638
73.613022 -21.797047 -43.913754 -79.985893 3.022425 -68.338753 -33.350941 -59.214676 24.057457 -45.262852
70.121994 -21.529522 -42.435085 -77.019516 1.493461 -65.139687 -32.638317 -58.694370 22.989403 -47.575825
32.636723 -14.128299 -22.133232 -38.998749 -3.805070 -31.203028 -18.500456 -33.691765 11.799053 -33.622547
75.788902 -24.118982 -46.445095 -82.713654 1.903622 -70.737701 -35.239265 -61.683846 25.529345 -47.420460
76.906204 -24.711842 -47.325317 -84.299469 1.039596 -71.672226 -36.608826 -63.243145 26.830509 -49.259266
74.515755 -23.672417 -45.307987 -81.651024 1.401087 -69.513931 -34.470539 -61.702774 24.838638 -48.200581
12.639332 -0.301777 -6.069142 -11.451815 6.021269 -12.796122 -1.988970 -8.276035 -2.329506 -3.496202
71.233444 -22.832188 -43.482849 -78.434357 1.217123 -66.710457 -33.462086 -59.613514 23.506077 -47.531372
74.768288 -25.570326 -46.522449 -82.934158 -0.932836 -69.900330 -36.387531 -63.510582 26.963434 -51.173256
75.490608 -24.323711 -46.510628 -82.604645 1.132771 -70.626198 -35.262714 -61.708145 25.900442 -47.321362
73.235962 -21.885723 -43.725353 -79.735840 2.671689 -68.184464 -33.357754 -59.430199 23.756582 -45.473911
70.772430 -22.718925 -43.182812 -78.034935 0.655944 -66.295525 -32.960033 -59.113850 23.602859 -46.461826
74.673370 -25.055983 -46.329830 -82.278381 -0.116503 -69.694496 -35.950214 -62.314381 26.683889 -49.136086
71.100945 -21.240486 -42.955978 -77.155418 2.740651 -65.619453 -32.101276 -57.117355 23.426565 -43.968723
75.447250 -22.875916 -45.606152 -82.059685 2.274983 -69.992950 -35.096001 -61.206432 25.055651 -47.469360
76.095284 -24.653044 -46.583755 -83.707535 0.454663 -70.963036 -36.136570 -63.183815 26.570229 -49.805595
75.286835 -23.320965 -45.701508 -82.374161 1.666638 -69.960114 -35.329750 -61.760326 25.578535 -48.323292
74.178902 -22.864805 -44.705399 -81.170723 2.020270 -69.347305 -34.721874 -61.267456 24.528606 -48.247818
74.763351 -23.461737 -45.338970 -81.621880 1.950148 -69.922707 -34.722744 -60.751427 25.387312 -46.436348
71.949654 -20.451229 -42.525818 -77.643929 4.235243 -66.837448 -31.803930 -56.881641 22.445395 -42.657997
