8.894174 24.548044 28.314848 25.845161 9.174913 -21.673325 -25.516504 38.085087 6.864746 50.423409
9.817743 25.248930 29.355829 28.322670 9.298115 -23.683504 -28.263720 37.423870 6.064302 51.593540
16.338251 34.048603 37.879169 35.977333 14.868527 -32.415447 -36.475990 42.642368 4.489024 58.011684
14.925184 31.488058 35.569706 33.900139 13.603670 -30.538382 -34.811611 41.696156 4.669200 55.720089
0.665934 15.811614 19.411842 17.591772 3.268848 -12.371341 -16.650320 34.001369 9.446304 44.445835
-2.951246 6.926179 10.235787 10.422863 -0.200441 -3.746201 -4.780014 26.739326 12.189175 34.580326
-3.921653 3.639666 6.231997 7.595836 -1.138120 -1.198334 -1.912394 22.559044 10.497114 29.427673
1.532961 16.013588 19.576674 19.751270 2.936648 -13.726451 -19.773062 32.410793 7.814940 44.535732
-5.757794 0.831047 3.606593 6.617743 -2.287963 0.593798 -0.400153 20.215996 10.781532 27.164099
15.058055 32.080879 35.969917 33.251503 14.264336 -30.004038 -33.875572 42.399353 4.642970 56.009087
-2.483267 11.127902 14.325974 12.420943 1.940815 -7.877272 -11.550938 31.601131 9.459882 38.316906
-1.903013 10.601235 14.836075 12.861896 2.349077 -9.341106 -12.573134 33.378353 9.994192 39.092854
12.009104 28.638182 32.680519 30.668753 11.394123 -26.471376 -30.943941 41.048988 5.988002 54.725227
-3.528402 -1.247826 0.006056 4.899709 -0.519532 3.372497 3.437264 14.080047 8.739233 19.558189
-4.384141 1.160803 2.546588 7.045554 -1.056514 2.456486 2.207090 16.814833 10.833197 24.932522
-1.820606 7.596670 10.826236 8.162711 2.482912 -3.686609 -5.306479 27.927517 8.080361 31.457039
7.709016 19.314926 23.494400 18.700424 9.298807 -17.134748 -19.730743 33.475437 4.025752 40.218967
-3.967495 3.200769 5.772394 8.272632 -2.200829 -1.754565 -2.599263 20.189892 11.403604 28.402348
16.401785 34.106308 37.965240 35.948231 14.957333 -32.426399 -36.464642 42.797508 4.540341 58.030663
10.082113 26.223537 29.855501 26.725349 10.556068 -23.297171 -27.128160 39.601521 5.795357 51.059933
13.863579 30.206057 34.409447 31.366919 12.992737 -28.048166 -32.032410 41.785801 5.397915 54.979298
0.498704 13.379215 17.095152 13.750297 3.749068 -10.370319 -12.161015 33.782967 10.172106 39.936962
-3.916561 10.053607 11.688279 12.953562 -1.030015 -5.884188 -9.233795 24.235100 10.301376 36.235176
-3.218155 -0.592249 1.257264 6.300196 0.186160 1.767133 3.042387 14.022572 9.416895 20.499866
-2.143929 1.441330 3.691895 3.994091 0.128646 -0.357720 -0.763827 18.361286 5.976742 19.698154
0.694393 12.440640 16.081320 10.955041 4.827699 -9.521065 -11.399227 31.947968 7.145438 35.701931
-3.219787 -1.674219 0.371506 5.078686 -0.176139 1.595062 1.887608 13.776883 8.872585 17.487848
-2.043149 10.043734 13.410992 11.723084 0.147382 -6.986555 -8.978922 28.070423 11.544891 37.206219
13.974609 31.148420 35.049759 32.713917 13.152271 -28.940031 -33.023048 41.918240 5.291857 56.102139
-5.405884 -0.449337 1.464796 6.775977 -2.055372 2.394228 2.396131 16.645340 11.722660 24.520056
-6.245323 -0.697955 1.309578 6.792502 -2.388398 1.845022 0.666529 18.792248 12.053110 25.712975
16.879995 33.037285 37.128891 33.925789 15.520658 -31.543926 -35.072548 42.903549 3.992878 55.821777
-0.213449 1.699320 3.518898 8.519355 1.840044 -0.875805 1.437311 14.074893 8.508904 21.072491
10.359045 24.130064 28.405523 23.490086 11.040958 -22.030886 -25.352268 38.891773 4.906263 47.094418
16.599566 33.942493 37.862152 35.115540 15.200224 -32.104927 -36.129684 43.200180 4.433089 57.596600
-4.954338 1.481146 4.590841 5.985003 -1.332466 0.545413 -0.367334 21.743593 9.734854 27.534325
15.859354 33.435955 37.298592 34.860634 14.779470 -31.554235 -35.731796 42.889606 4.535030 57.414639
15.226340 32.482220 36.392754 34.146545 14.125326 -30.415560 -34.257008 42.258366 4.790851 56.839542
-4.432186 2.666612 5.840795 7.483390 -0.658082 -0.085672 -0.950979 23.461763 10.969429 29.696579
9.395847 24.415411 27.686743 26.551214 9.805165 -22.279779 -27.390234 36.195515 4.149430 48.427967
-5.564300 4.477961 6.740804 7.989353 -1.668089 -1.840679 -4.418441 24.048344 10.271585 30.935741
9.713921 26.316751 29.922092 29.410490 9.598488 -24.168436 -28.610083 38.667316 6.678463 53.125645
14.078627 29.965353 34.142967 31.528669 13.335995 -28.562044 -32.720490 42.030231 4.709656 54.406879
-2.159600 0.768850 1.979978 7.002456 0.480980 1.327139 2.228983 12.394554 8.635281 19.337261
15.431475 31.696060 35.895554 32.972382 14.352743 -29.938997 -33.534019 42.439278 4.796566 55.636784
-3.023826 7.428880 11.088904 8.914360 1.292806 -4.430697 -6.569839 28.997314 9.270020 33.795666
0.912085 14.919878 17.663460 14.663766 3.417054 -10.236421 -12.877758 29.094593 7.976080 39.427967
10.855895 27.551832 31.465347 29.682116 10.857256 -25.339651 -30.299212 40.022507 5.440270 53.641731
-1.238508 8.957397 13.041224 9.973632 2.298258 -6.810587 -7.976760 31.361568 10.999292 35.653851
9.045547 25.400290 28.935129 25.665895 10.133211 -22.521860 -26.689299 38.790306 5.770028 50.064877
13.272898 28.268774 32.539082 28.848196 12.917271 -26.178221 -29.728983 40.663471 4.712756 51.955784
16.515610 31.997503 36.159081 32.536072 15.122520 -30.333294 -33.633995 42.022797 3.965885 54.375023
-4.014858 3.868011 7.119871 8.374799 -0.828642 -1.573564 -2.346073 24.532288 11.281487 31.029743
8.416292 24.847164 28.774370 27.337799 8.338558 -22.502895 -27.528965 38.145481 6.609106 52.031231
10.838342 29.378048 32.477497 33.066906 10.092470 -27.358425 -32.368668 38.255856 6.080116 55.950390
-3.536889 -1.771725 0.610104 5.117726 -0.394841 1.606348 2.356420 14.632171 9.367187 19.099518
1.685076 3.301513 4.900618 10.142962 3.748212 -2.249207 0.633407 13.220030 8.226597 20.626513
8.274007 23.877134 27.894154 25.194864 8.789430 -21.487909 -26.290270 38.927040 6.741736 50.394726
16.962196 33.802464 37.736042 34.443840 15.776276 -31.954954 -35.533958 43.050907 4.029875 56.413132
3.588215 19.373056 22.728880 21.638472 5.114215 -16.054239 -20.978222 34.199261 7.830997 46.784416
-3.335653 -0.908442 0.741937 5.911335 -0.350737 1.995881 2.111778 14.408994 9.592104 19.686962
-2.486005 -0.717393 1.242146 6.079690 0.639365 1.505770 3.215677 14.284481 9.080585 20.363697
-4.588342 7.054787 9.966849 9.752387 -1.001425 -3.173006 -5.915014 26.805172 10.928406 35.131016
3.394380 19.674820 22.369781 22.559055 4.865639 -16.078279 -21.235609 32.704899 7.077618 47.043552
0.028499 11.070925 14.885546 12.643947 3.501158 -9.640853 -13.471269 31.465611 7.234529 36.168892
1.502383 14.754740 18.962782 14.476033 4.333975 -12.523964 -15.111301 35.235760 9.391662 41.509205
-2.228464 10.368218 13.567819 12.190793 0.963542 -6.070767 -8.555861 29.603104 10.932531 38.304485
-2.197901 -0.045136 1.764174 7.684507 1.274145 0.767476 2.695155 14.192415 9.740545 21.097586
-1.931598 0.922105 2.807764 8.337443 0.791243 0.370040 1.981432 15.307411 9.808956 22.889505
4.951756 20.051901 23.930944 21.451529 6.278886 -16.942533 -21.364092 36.824902 8.241467 47.408585
-2.712912 8.523892 12.683065 9.672338 2.018704 -6.256009 -8.705479 32.190945 9.858118 36.141479
5.880481 20.607626 24.651274 20.626717 7.391822 -17.352411 -20.870367 37.481091 7.621391 46.382275
