3.721496 -5.787975 -0.482656 5.026375 -8.277926 -0.860765 -4.396257 -4.210598 4.463616 4.199832
4.623405 -6.660050 -1.871859 5.407865 -7.147137 0.894267 -4.084645 -4.072023 3.984698 5.284649
1.799373 -1.333978 2.115857 6.432498 -2.411397 2.353429 -0.940986 -1.539215 6.810217 1.627892
1.885379 -2.341206 1.358858 6.266642 -3.531777 2.782984 -1.158686 -2.322064 6.692401 1.690306
5.013118 -7.196907 -1.289955 5.260431 -9.467088 -1.028622 -5.299111 -4.817932 4.140994 5.689199
9.195930 -11.659029 -4.756781 3.785168 -12.961731 -2.289227 -8.245266 -7.221990 0.215688 10.114733
13.282290 -15.423756 -6.052513 4.166845 -16.501623 -3.787087 -11.584367 -9.978729 0.021024 13.829159
5.159212 -8.329532 -4.597191 4.602915 -10.751553 2.204586 -5.284782 -6.111889 1.597904 6.232789
12.122529 -14.715433 -5.502634 3.707560 -15.773907 -4.586557 -11.004964 -9.689849 -0.330034 12.857531
1.937541 -4.541711 -3.027265 4.568339 -5.894504 5.344197 -0.815157 -5.129257 2.007704 2.929821
7.824006 -10.968861 -6.201660 4.654298 -15.017805 0.258667 -8.883810 -9.016611 0.959749 9.756549
7.052277 -10.255279 -6.409327 4.329635 -12.002018 0.922676 -6.922949 -8.025885 0.011316 9.586329
4.099171 -6.314369 -1.061165 5.277855 -8.725291 -0.531993 -4.328736 -4.582653 4.373100 4.754752
18.253735 -20.508713 -6.203414 5.341270 -21.339243 -6.170928 -16.528763 -13.059268 2.180685 17.946880
15.353472 -18.153187 -7.302876 4.202714 -19.479961 -4.122851 -14.365993 -11.268961 -0.139776 16.072063
10.100109 -12.775108 -6.649326 2.862800 -13.926833 -2.076140 -9.203144 -8.505672 -1.645980 11.715627
4.870747 -6.931884 -4.518363 3.413008 -9.545051 1.941834 -4.246861 -5.124986 0.318346 6.281030
14.403564 -16.280052 -3.478397 5.903045 -16.976887 -5.409165 -12.147813 -9.561127 4.102659 13.571218
1.244942 -2.243824 1.161796 6.181904 -2.914977 2.927325 -0.656776 -2.565410 6.403339 1.155612
4.020551 -6.532130 -1.624481 5.031630 -9.490447 -0.209717 -4.661915 -5.123167 3.915561 4.897626
4.086326 -5.663342 -0.925304 4.710692 -8.519014 -0.277110 -3.906320 -4.782471 3.909134 4.542134
6.564941 -8.591553 -3.887572 4.192269 -10.833688 -1.253048 -6.458552 -6.250576 1.623532 7.865862
8.894934 -11.784521 -2.940017 4.678064 -13.593133 -4.487277 -8.675178 -8.493034 2.923369 9.945436
17.331930 -20.070198 -6.939171 4.470559 -21.035276 -5.310390 -16.312820 -12.771193 -0.210820 17.733316
12.500230 -14.834070 -6.183080 3.597077 -16.050692 -3.512489 -10.856384 -8.968086 -0.111783 13.248209
8.970499 -12.004389 -6.093995 4.073515 -13.954885 -1.369696 -8.776933 -9.391174 0.845593 10.745261
15.759604 -17.951149 -6.183017 4.764312 -18.973623 -5.466432 -13.858394 -10.773858 1.576703 15.960894
9.454916 -11.429010 -3.279552 5.327363 -12.706344 -4.335280 -8.547908 -7.636574 2.969615 10.597981
4.733941 -6.489829 -1.533021 4.637658 -8.165959 -1.273838 -4.425816 -4.946452 3.777704 5.385967
17.342377 -19.393856 -5.579262 5.519050 -20.600451 -5.999306 -15.725228 -12.257656 2.801584 17.246931
16.009813 -17.859272 -5.089697 5.053661 -18.599501 -6.219813 -14.450453 -11.685440 2.039448 15.568604
0.601768 -2.841324 -3.062770 4.259807 -5.284611 6.643037 0.238381 -4.149930 1.724936 1.864864
19.090992 -21.150917 -5.832181 5.677404 -21.425032 -5.734861 -17.291222 -12.435322 3.269053 18.180443
4.361197 -6.869951 -4.756274 3.368615 -9.503531 1.571651 -4.195868 -5.777297 0.744167 6.302012
1.262022 -3.543929 -3.008031 4.445586 -5.317106 5.101424 -0.686847 -4.678867 2.294460 2.827633
12.416185 -15.397974 -5.815157 4.371277 -16.986864 -3.676569 -11.561730 -10.363162 0.948299 13.132673
1.776767 -3.357676 -2.786663 4.475544 -5.105224 5.924798 -0.643679 -4.823912 2.312227 2.483189
1.855049 -3.339165 1.334320 6.255972 -4.946801 2.098288 -1.825315 -3.209704 6.883004 2.024010
14.073408 -16.220131 -6.115598 4.130332 -17.604719 -3.751430 -12.599343 -9.858984 1.001764 13.827032
5.558141 -8.011660 -5.048017 5.480745 -9.923829 4.835020 -5.073491 -7.018178 1.933771 6.050003
12.652788 -14.775477 -4.625055 4.925247 -17.021360 -4.020447 -11.679132 -10.471786 1.982658 12.786385
4.292551 -4.870260 2.095973 7.344003 -7.542282 -0.106087 -4.560598 -3.242362 7.804706 3.786551
2.034203 -3.607778 -3.216587 3.974889 -5.939205 4.629418 -1.282378 -4.210282 2.047950 3.099244
18.830212 -21.182158 -7.224433 5.084362 -21.642956 -5.620456 -16.588219 -13.521244 0.822350 18.795565
1.603978 -3.622463 -1.552201 3.754860 -5.763032 3.123850 -0.771349 -3.689544 2.564450 1.917638
6.871890 -9.852455 -1.172890 5.678720 -11.439800 -3.867918 -6.428312 -6.304561 5.516167 7.203496
3.760988 -5.169447 -1.547284 6.244765 -7.914052 1.616352 -4.312499 -4.810886 3.679802 4.428030
9.381901 -12.676903 -6.252426 3.987641 -13.499063 -2.310437 -8.381642 -8.444477 -0.160705 11.697419
4.368855 -6.639871 -2.167175 5.205129 -9.489464 1.315410 -4.293465 -5.798048 3.278149 5.504756
2.514750 -4.895659 -2.827612 3.984310 -7.292966 4.526931 -1.435210 -4.331908 1.632821 3.590262
1.250436 -3.510443 -2.950443 3.664344 -5.579695 4.382954 -0.793633 -3.884135 1.620306 2.301193
13.033445 -15.608885 -6.223489 3.939476 -16.972376 -4.392525 -11.948129 -10.146463 0.889209 14.563418
3.930473 -4.644123 0.892000 5.842878 -6.446973 0.095563 -3.445237 -3.785994 6.151985 3.817130
2.732681 -2.525328 2.497282 6.401227 -3.202698 0.941878 -2.109807 -1.912314 6.941342 2.306211
16.823959 -18.753696 -5.794003 4.980923 -19.780954 -5.518041 -14.819844 -12.011080 1.636621 16.400562
19.192612 -21.259859 -6.231416 5.556305 -21.557974 -5.590874 -17.546400 -12.987835 2.273873 18.111664
4.426996 -6.934754 -3.005146 4.429156 -9.239374 0.958548 -4.253873 -5.038905 2.405984 5.694304
1.156260 -3.548627 -3.125582 3.881195 -5.520238 5.715176 0.396062 -4.507386 1.471462 2.123531
7.134964 -8.678476 -1.051723 6.286056 -11.002780 -1.684711 -6.101140 -5.377057 4.767331 7.356994
19.246138 -21.296373 -6.594305 5.356548 -22.302988 -5.591567 -17.461187 -13.319141 1.577289 18.626743
17.401051 -18.934927 -4.447041 5.990803 -19.921438 -6.304823 -15.714207 -12.105958 4.064416 16.100445
8.366601 -10.490404 -3.367250 4.708802 -12.605105 -2.525049 -7.978876 -7.423328 2.527538 9.129333
6.155872 -8.674454 -3.109567 6.719785 -10.574123 1.809994 -5.345185 -6.340920 3.905662 6.561028
10.755615 -13.436223 -4.253099 4.430897 -15.355052 -4.502409 -9.710717 -8.381277 1.447305 12.201113
5.292253 -8.396275 -4.189915 4.497681 -11.024394 0.471615 -5.726082 -6.674046 1.838001 6.884383
8.797199 -10.879987 -1.379929 5.600236 -12.262410 -3.681670 -7.599819 -6.991037 4.936243 8.643285
17.097891 -19.061905 -5.723594 5.333349 -19.602972 -6.462654 -14.669957 -12.324211 2.628061 17.248798
17.679008 -19.735332 -6.389595 5.124397 -20.606062 -4.934098 -16.350269 -12.373999 2.092481 17.199852
6.469595 -8.589769 -2.300559 4.683602 -10.435463 -1.821892 -5.552502 -5.717038 3.179156 6.943546
7.886371 -11.607718 -6.429621 3.237555 -11.840340 -1.107340 -7.289553 -8.173306 -0.304557 10.333729
4.493300 -6.798302 -2.410712 4.385335 -9.341912 -0.273582 -4.810860 -5.618479 2.515471 5.546462
