-5.507774 21.478889 20.927179 -18.011715 -8.836140 9.368163 -13.479467 -8.246373 7.144374 -7.106043
-5.462739 17.383915 18.436895 -15.499942 -8.641339 9.250494 -12.184918 -1.731501 5.902535 -13.750586
-8.426929 24.115139 22.807684 -20.271084 -11.558167 13.981296 -17.407003 -5.246338 6.105451 -16.054073
-3.627877 17.773548 17.739973 -15.714293 -6.395037 7.898180 -10.099360 -7.973326 6.252042 -3.880043
-8.861333 21.547625 21.303171 -20.531776 -10.746446 13.522605 -16.633135 -5.101850 5.978384 -16.480307
-4.020831 14.768382 16.253042 -13.269603 -7.057316 6.423939 -9.532646 1.328979 5.427211 -12.785797
-1.047634 14.883101 14.110454 -12.086165 -3.301935 5.349238 -7.668087 -9.293570 5.929509 3.901093
-2.888767 12.197555 13.846124 -10.874396 -5.363332 5.417128 -8.043468 1.926010 4.046948 -10.454950
-5.608645 17.081244 17.493364 -14.915514 -8.669991 8.903117 -11.977984 -0.606225 5.310493 -14.125721
-5.781602 22.402559 21.320211 -18.383133 -9.502442 10.882655 -14.547410 -10.051640 6.896606 -6.701270
-7.154624 19.941158 20.514231 -17.584023 -10.359199 10.448333 -13.266010 -0.822314 6.236532 -18.879807
-5.481582 22.856602 21.572174 -19.575577 -8.610267 10.916934 -14.647708 -9.220417 6.920761 -6.738554
-6.642442 22.241039 21.566898 -18.928318 -9.855779 10.751594 -15.795857 -6.484183 6.676446 -11.326753
-4.267071 13.043899 14.054277 -11.712695 -6.577950 6.121201 -8.783034 2.007118 3.641348 -12.482378
-2.536170 11.582370 12.767564 -10.087579 -4.706935 3.915800 -6.593503 0.472254 4.524973 -7.599654
-7.817091 21.219383 20.760767 -18.535810 -10.833554 11.605493 -15.693093 -3.124831 5.497454 -16.033453
-15.872962 36.896187 34.895985 -31.882896 -19.628674 25.513508 -28.828346 -12.753278 9.664507 -27.222025
-17.736958 39.968296 36.711643 -33.822681 -22.950617 27.983915 -30.540525 -17.323351 12.806980 -29.337612
-4.670946 16.711742 18.448105 -15.578584 -7.379093 7.149729 -11.528436 -1.566100 6.356518 -11.205082
-9.698271 26.277765 24.801611 -22.489981 -13.451283 16.266832 -19.573332 -9.651010 7.116512 -15.386831
-3.112515 13.601437 14.693629 -12.118819 -5.931633 5.781083 -8.571221 -1.253855 4.453536 -8.515495
-13.872872 28.342989 29.079931 -26.225166 -16.723896 21.951864 -23.152636 -11.111620 9.820776 -24.620142
-5.468114 21.694712 21.418680 -18.816227 -8.212356 11.599186 -13.517630 -11.117498 7.198253 -4.403132
-2.147687 10.383641 11.846140 -9.276431 -4.288115 3.684683 -5.554656 1.366034 3.652115 -7.905929
-1.037761 9.134334 10.590973 -8.071180 -3.726778 1.877499 -4.299219 3.491985 4.074810 -7.477118
-6.940814 19.809696 19.705530 -17.019867 -10.292846 11.993589 -14.312051 -2.982246 5.555520 -15.951107
-5.183624 15.613191 16.983946 -13.947490 -8.032159 8.030998 -10.622872 -0.658935 5.269585 -12.913742
-5.058836 15.742774 16.683382 -13.913753 -7.827343 7.247137 -11.044496 0.211892 5.827482 -12.652923
-5.271622 21.444561 20.478779 -17.477654 -8.148260 8.890326 -13.088060 -7.988674 6.851496 -6.051918
-4.448172 15.988244 15.694574 -13.085032 -7.534119 6.918313 -10.631654 -0.717515 5.358760 -10.562078
-6.371652 18.592937 18.447378 -15.824919 -9.183547 9.950643 -13.397425 -2.423288 5.343444 -12.927021
-3.493922 18.043829 17.922691 -14.482368 -7.440783 7.124706 -11.511765 -3.536662 5.449751 -7.917664
-36.343243 65.848976 61.438259 -55.004166 -43.389954 52.595661 -55.288620 -31.162485 21.900145 -62.352322
-2.348065 18.900131 16.524359 -14.629740 -4.726444 6.330664 -9.599146 -13.061714 7.086160 6.404183
-6.230188 21.284437 20.848539 -18.968563 -8.012611 11.195692 -13.317704 -13.080435 7.590285 -4.332569
-4.674492 22.841366 21.617828 -18.883003 -8.324213 10.393658 -14.126010 -11.640334 7.158884 -3.537694
-4.401669 16.624233 16.980923 -14.120735 -7.538488 7.724911 -11.238989 -0.793977 5.456565 -11.698046
-7.739381 20.269089 21.127508 -18.998627 -10.925714 12.019880 -15.589282 -3.775913 6.881508 -16.307312
-2.466613 11.573454 12.208564 -9.609105 -5.288668 4.322516 -6.923317 2.563399 4.138221 -9.551661
-3.335649 20.357403 19.375217 -16.917637 -5.786788 7.538248 -10.922056 -10.818491 7.127439 -0.138132
-37.345776 64.155739 60.070339 -55.134594 -42.572617 52.258251 -53.851143 -28.075790 21.426159 -65.005623
-3.585336 12.020078 13.088145 -11.214651 -5.909601 5.798128 -7.507442 1.512914 4.386738 -11.415907
-3.515289 18.760124 18.418884 -14.975080 -7.118124 6.180915 -9.995776 -4.740363 5.546292 -4.468465
-2.719434 12.933614 14.288976 -11.369893 -5.597131 5.122870 -8.061704 1.295455 4.707216 -9.924950
-5.222642 16.880205 17.230452 -14.761420 -8.328746 7.996949 -11.790376 -0.631109 5.553269 -12.614197
-3.496062 14.903781 14.655913 -11.722186 -6.677403 5.824745 -8.879100 -0.221629 4.901284 -9.324319
-22.975843 44.378216 42.549320 -38.968742 -27.269485 34.240414 -36.676594 -18.610865 15.126667 -39.703712
-8.302548 20.699280 21.030781 -18.945423 -11.588866 13.438373 -16.076292 -5.015650 6.430209 -17.799143
-6.737549 21.360519 20.145880 -18.892828 -9.139349 11.766091 -14.334615 -5.970408 6.110003 -11.782359
-4.420075 12.128103 13.475061 -12.112495 -5.862844 5.958243 -8.273845 0.234354 4.546818 -10.546593
-2.909932 11.894889 13.337352 -10.729335 -5.196661 4.382520 -7.150054 0.448108 4.457534 -8.381119
-4.916285 17.049255 16.927250 -14.995061 -7.728378 8.023445 -11.393853 -2.114205 5.951247 -10.940032
-3.094389 13.339545 13.761672 -11.781225 -5.024852 5.790412 -7.380111 -2.344762 4.905350 -6.629465
-8.461713 27.234314 25.274355 -22.630905 -12.957627 14.389005 -18.782381 -8.398747 8.058022 -16.734068
-5.528804 16.102261 17.516655 -14.641631 -8.033040 8.450540 -11.406533 1.400535 4.412495 -16.330107
-2.758302 10.150830 11.963992 -9.259256 -4.785551 4.032487 -5.990669 1.997685 4.170131 -10.014947
-7.333261 20.856686 20.071402 -17.479668 -10.653848 11.411882 -15.072110 -2.936426 5.764660 -15.309404
-7.313199 19.747364 20.052156 -16.939957 -10.522265 11.074416 -14.151374 -1.711309 6.188034 -17.202421
-2.664575 12.419208 13.330314 -10.973947 -5.137798 4.829298 -7.115251 -0.477696 4.451711 -8.175719
-5.514335 22.688124 21.171358 -18.521439 -9.561668 11.256845 -14.559156 -8.907375 6.661521 -6.910781
-2.563787 10.330410 12.281587 -9.544574 -5.098603 4.202680 -6.397192 3.337601 3.732532 -11.151327
-5.232585 16.140133 17.421349 -15.248359 -7.907263 8.050425 -11.494104 -0.227487 5.430608 -14.788056
-3.433578 8.468400 10.921140 -9.606438 -4.396197 3.723903 -5.918934 0.847557 4.118765 -7.946217
-35.267002 60.224735 57.575512 -52.235847 -39.853817 49.902817 -51.245262 -28.381559 20.994621 -60.747314
-12.185147 23.327484 25.270735 -22.629417 -12.885522 16.057299 -18.891932 -9.814926 8.839989 -19.428638
-25.643324 51.858784 47.074100 -43.239471 -29.936991 38.762138 -41.163979 -22.361826 14.681950 -42.116009
-6.894691 22.228489 20.321571 -18.664627 -9.138478 11.053246 -14.460826 -11.729801 8.089119 -6.196317
-1.081618 15.814742 14.444009 -13.302084 -2.661595 5.078777 -8.080657 -13.552889 6.447749 9.423565
-1.508264 16.515995 15.012036 -13.512393 -3.065203 5.335045 -8.564929 -13.846981 6.966904 8.914243
