1.266256 0.490142 5.970554 19.372967 -10.181995 -5.755085 19.767595 31.783716 -0.545803 3.286727
-0.219687 1.393047 -3.231849 19.290051 -10.036194 -1.394768 19.832779 26.319365 -2.291902 -0.702148
3.362818 2.417826 13.192350 20.800039 -10.291195 -5.337217 21.054564 35.558716 2.046296 2.293286
-0.263869 -3.349419 -7.708012 17.907143 -10.552193 -3.232371 17.711555 23.296967 -4.144092 2.966096
5.500385 -10.379679 -1.303045 15.742698 -14.741318 -6.268762 16.019682 27.398283 1.865552 14.919948
-4.712673 -3.932851 -11.433121 17.489956 -4.506561 -0.151376 14.838738 15.982326 -9.390261 -7.184223
13.578330 -32.396313 -14.012931 -2.616624 -12.479466 5.483159 -4.602691 -5.922081 2.688338 20.531597
1.717219 -10.025378 -2.310819 10.569415 -9.132013 -5.610768 12.313945 18.248152 -2.144551 11.281976
-0.684599 -7.438241 -11.756680 14.231300 -9.220702 -5.747439 13.603107 16.315535 -7.709911 4.718527
-2.918692 -14.792418 -15.526019 12.251447 -5.010817 -3.976063 8.810921 9.142947 -10.672771 0.924349
-0.316884 -26.710104 -31.556793 -0.509448 -9.550022 -1.730917 -0.882176 -13.764468 -15.436834 8.074043
-4.816524 -6.532260 -9.910120 14.820306 -4.516911 -4.230502 12.256100 15.021674 -9.876433 -3.070469
-5.706395 2.221013 -3.575359 17.727066 -0.454634 -4.127035 15.101103 18.061464 -12.126146 -13.026632
-5.578334 -12.865215 -25.170359 10.584674 -5.397713 0.459656 8.028515 1.191776 -12.861903 -1.890321
3.245997 -2.821101 -0.855990 17.950848 -13.395144 -5.148980 19.396376 29.459204 0.348599 9.276018
17.858934 -29.120579 -21.462626 -5.651574 -16.705202 1.979183 -1.583743 -9.708462 0.742593 28.077375
-6.475663 -0.433027 -9.886139 16.344879 -3.942859 -5.589689 14.529516 15.944983 -11.859416 -6.788584
-6.503899 -6.159365 -15.160028 14.188724 -2.670704 -3.437012 11.355293 10.667343 -12.590475 -5.858532
2.350870 2.983138 16.087166 20.080070 -8.904278 -7.426546 21.067869 35.980202 1.069964 2.327449
2.122675 -19.741116 -7.946650 9.184733 -9.036165 -0.455116 4.673040 11.894362 -0.458577 9.212580
-0.557550 5.957526 3.466888 20.832176 -6.654923 -2.958328 21.538609 29.335665 -4.231816 -5.241212
7.276468 -26.275957 -11.985260 7.555431 -14.266884 -0.768352 2.550398 9.454589 1.445056 17.220036
-5.967523 -2.102969 -5.871521 17.569750 2.373659 -2.259915 12.671940 13.137229 -15.858537 -17.291042
-3.925329 -11.586855 -27.276701 7.364370 -3.935692 3.949290 8.146023 -7.288669 -16.872871 -5.845577
6.814786 -29.983995 -12.917618 4.277015 -11.355350 2.738225 -0.811277 3.585499 0.368896 15.071473
2.226891 1.525501 1.480937 19.366535 -9.485445 -1.957808 20.509108 28.293428 -1.673159 0.051475
-2.911053 2.783599 -7.798165 18.775959 -7.943559 -0.665647 19.331266 22.216749 -5.297830 -4.299651
-1.962176 7.634444 -5.412282 18.448557 -9.886777 -2.542215 21.701277 25.158924 -1.950739 -0.795289
-0.252130 6.708642 1.491760 20.471193 -10.784159 -3.860803 22.927353 31.701143 -0.710661 0.660422
-4.035022 -5.294722 -8.613811 16.390991 -4.537845 -1.803551 13.242029 15.685081 -8.838073 -6.053436
5.172326 -11.185732 7.517595 18.455109 -10.159023 -3.127040 15.485265 28.055113 0.483255 4.031862
-3.206676 -8.640339 -8.253226 15.268697 -7.479340 -4.221415 12.439898 17.814411 -6.362183 0.880908
6.799272 -30.866589 -28.567778 -2.047061 -14.495344 0.274656 -3.818953 -11.273547 -7.775244 18.199089
4.266596 3.398505 15.346907 21.684391 -11.498806 -6.418996 22.749222 38.339523 2.988214 4.083580
5.559609 -3.986698 13.006256 18.802221 -12.609810 -5.999827 19.597803 35.006500 4.226687 9.469943
-3.387524 -3.289444 -13.368157 14.659890 -8.226835 -5.848854 15.289177 16.457611 -8.691790 2.593071
2.957707 6.587722 13.685463 20.500988 -9.855571 -2.045707 22.937635 35.478722 5.083768 0.878091
-6.271346 -4.983318 -17.782068 10.524577 2.443062 3.851413 8.769348 -2.268025 -16.762774 -15.207745
7.934628 -34.875774 -25.759657 -2.844350 -13.879835 1.567114 -6.342084 -9.427189 -3.657611 20.999969
1.058296 -17.519785 -26.305189 7.106949 -10.257404 2.564701 7.819977 1.210588 -6.979637 10.300856
-2.725290 1.885799 -2.726762 17.113207 -7.574095 -4.905153 18.442232 24.498756 -5.030195 -0.290823
8.474116 -25.292215 -19.666298 2.185669 -16.653172 0.166598 2.181164 0.790173 1.322324 23.057850
-2.331317 0.190713 -2.282341 17.156982 -4.103405 -3.267747 17.404593 21.833111 -7.454791 -4.401493
-5.503385 -15.589701 -22.884054 10.360299 -3.703804 0.604337 6.439145 -0.037897 -14.249698 -4.003151
6.089787 -28.903547 -16.750286 2.709825 -11.391480 2.480314 -2.651480 -0.481501 -1.571537 14.812681
5.059551 -15.928289 -17.903105 7.174928 -12.718596 2.345934 8.268915 6.217221 -0.259014 14.837738
-3.949971 -8.139679 -20.724001 9.576371 -4.344829 1.138505 9.973701 2.678555 -9.644923 -0.465329
-0.307170 -14.886040 0.123500 12.576686 -6.422565 -6.072116 9.117306 19.493441 -3.938768 6.605388
2.025080 -30.571623 -38.069942 -1.039630 -10.312621 5.123926 -2.236760 -18.631176 -16.514194 8.492508
4.037769 -13.084206 -11.628773 12.194363 -10.935787 3.581987 12.624615 14.280829 -0.136182 7.840889
15.032764 -19.791986 1.572224 8.397596 -16.922478 6.349619 8.596237 16.166121 13.793783 19.645931
-0.694599 1.874374 -3.804618 19.671764 -10.976933 -1.961682 20.614382 26.776278 -2.002426 -0.099201
5.296286 -23.062538 -16.057787 9.164633 -14.133338 -1.742034 5.813688 10.098807 -1.645259 15.922909
-0.408497 -3.257910 -4.597912 14.158117 -10.897806 -9.025175 16.288054 23.437742 -4.728223 9.758377
3.570978 -4.572059 0.292529 18.078022 -11.441108 0.594482 17.567326 26.916374 1.810963 3.909065
7.900017 -12.949047 1.602289 14.652507 -16.463566 -4.980823 15.800767 28.417582 5.335679 18.714539
-7.369235 -18.493822 -34.358631 4.464939 -2.470315 0.911338 2.946259 -16.699465 -26.281580 -10.738102
-3.655763 -0.422255 -11.718031 12.652577 -3.950058 -1.065902 14.182280 13.378813 -8.362611 -1.657374
1.110445 -6.093711 -1.155505 14.945167 -9.836234 -3.535570 15.995665 24.149508 -0.730347 7.065185
8.308106 -25.381317 -14.363986 6.895130 -16.360613 0.990778 4.312116 9.400740 3.819483 21.148537
-0.207211 -11.759724 -11.727503 12.450419 -4.305128 -0.729608 9.541676 9.497549 -9.397543 -1.634476
-9.987395 -16.530249 -29.696903 6.119946 -0.905057 -4.710754 4.012216 -12.476750 -25.928293 -10.827501
-0.555655 1.683794 -4.369659 19.601931 -9.531526 1.702762 20.300571 23.991701 -1.217242 -3.301694
1.577565 -24.792551 -22.243956 4.886376 -8.552914 2.173764 1.836906 -2.165984 -6.629381 9.395537
-6.539915 -7.203278 -20.577120 11.766305 -2.510158 3.184756 10.820944 2.070789 -12.352270 -8.364607
9.807713 -18.673487 4.506587 12.483229 -17.982740 -4.689830 11.932084 27.662134 8.779895 22.806225
1.032791 -19.829691 -26.965082 9.750674 -10.625502 2.817862 7.049778 2.606711 -8.193627 8.260662
-2.311326 -25.790497 -25.871752 5.684042 -7.195815 2.618450 1.748445 -5.630938 -11.503591 3.790392
-2.250125 -15.866647 -21.470694 11.701575 -7.710159 -1.213297 7.512812 4.906572 -9.651347 3.068328
-7.675217 -7.256827 -18.619352 14.059375 -1.065092 -4.093246 10.606730 5.705734 -16.946684 -9.715657
-8.146696 -5.082863 -15.105592 16.635128 -0.424402 -3.362850 12.391551 9.406004 -17.017830 -13.686216
-1.523801 -0.514007 0.609102 18.585482 -8.476948 -7.460461 18.362101 28.066690 -5.040364 1.690600
