15.126524 11.814211 5.709011 -18.689390 -65.306488 43.238567 53.035744 -15.713690 -52.059677 40.622017
11.711678 6.984531 3.492864 -33.105114 -43.132023 21.624371 36.461258 -19.479374 -58.755829 21.053698
31.474266 23.336948 29.899244 -20.023121 -63.062527 45.822014 54.110100 -2.377335 -45.210052 54.147896
2.019741 -0.118085 -7.744631 -25.083729 -47.209316 26.376091 35.419342 -23.859343 -56.019508 23.698410
1.052691 2.616771 -7.687063 -25.062336 -55.356956 38.126484 27.990698 -24.914152 -41.467297 60.147675
5.037987 -4.161099 -3.303329 -35.568634 -24.605972 5.635667 21.502865 -25.176262 -61.948299 3.632848
-26.344276 -19.715513 -31.503181 -13.557942 -7.820750 10.238168 -22.063993 -22.846413 0.904840 56.373245
-6.664067 -4.476317 -3.353609 -19.412708 -31.383221 23.211088 10.463714 -21.731371 -42.365379 32.493015
-10.779064 -13.806225 -17.136326 -16.058691 -34.541668 20.014145 20.506231 -28.346786 -51.577351 14.566767
-6.059850 -12.437405 -9.857762 -27.160707 -16.255152 5.349508 4.873683 -27.139734 -50.120888 11.671915
-28.991913 -23.979445 -29.779257 -37.044735 14.692986 -21.646343 -35.817085 -28.753199 -23.400171 5.664816
-8.132823 -12.024377 -11.555622 -13.325047 -28.354225 16.862600 19.072651 -23.853458 -49.554985 9.197985
3.822658 -8.758073 -5.734960 -2.583766 -31.523394 18.879881 40.630569 -15.339191 -54.783482 -10.854860
-14.926701 -18.273033 -30.098749 -31.307030 -10.855325 -5.727239 0.907603 -32.887474 -45.377590 -0.163354
2.082994 -1.134976 -11.097442 -16.658064 -59.009476 38.848080 40.405853 -23.911358 -48.497593 43.694698
-37.097675 -21.360949 -41.918140 -30.576141 -0.691188 -3.002003 -37.516369 -29.405504 -0.852305 49.472572
6.721972 0.558731 7.545936 -27.811840 -20.271662 4.961102 25.156326 -16.638027 -65.028107 -15.554760
-13.363138 -16.377846 -27.065275 -18.067648 -24.958714 8.440398 17.439688 -30.068336 -50.674759 -0.648831
32.681755 21.988750 36.689457 -12.421248 -56.583664 44.916897 50.510353 0.541814 -42.087929 50.241768
-11.692192 -7.502793 -18.060204 -28.699694 -21.540653 11.554422 -2.597666 -27.995361 -32.766911 42.029015
8.616838 -1.777205 -9.116236 2.343673 -65.279808 42.675053 66.103485 -15.914962 -55.340420 9.874352
-18.373569 -17.988197 -31.286877 -24.318102 -27.192650 20.484642 -10.043361 -34.941093 -22.916483 68.522400
15.402964 0.286865 18.262506 -30.679480 -12.569405 0.401407 22.705065 -12.020533 -63.876556 -14.706785
-19.931614 -31.202948 -39.127934 -22.335045 0.098362 -15.923608 -2.977664 -29.078804 -38.503708 -21.090988
-27.034107 -26.280724 -39.013493 -31.078712 5.251886 -12.413909 -27.502043 -33.058876 -22.794859 20.685085
6.964742 -0.229937 -7.376912 -18.127096 -48.766712 27.396412 46.307686 -19.694624 -57.003284 13.906713
5.850624 2.619562 -8.995028 -27.746479 -38.937626 13.508327 42.525383 -21.676966 -65.489548 -10.771495
-1.810915 3.509248 -18.530706 -19.103825 -53.518612 26.466167 48.014511 -21.487503 -54.316959 4.197315
22.576883 23.302074 17.741568 -31.549244 -52.428356 28.539219 51.305210 -9.257452 -58.162674 19.002087
0.712479 -7.518353 -6.034796 -21.365103 -24.978182 9.370894 26.138914 -21.763342 -59.942810 -4.215834
8.470451 -6.618460 1.174132 -1.611205 -55.632374 44.974499 40.345619 -17.027084 -41.566212 51.061699
-12.875699 -12.489250 -23.166464 -19.654194 -33.401447 17.959459 14.969223 -30.365839 -47.061852 25.021744
-41.252869 -31.331926 -50.669769 -27.746593 6.969376 -13.763970 -36.053017 -33.285469 -11.170462 22.381922
21.576401 8.431437 9.035400 7.255170 -82.637909 63.147713 73.453270 -9.394175 -46.904045 45.635574
6.231535 4.188857 -5.259233 -0.637796 -79.922211 61.135197 52.954437 -17.029486 -34.853428 69.616386
-17.474792 -15.940425 -28.925470 -12.306947 -34.340744 16.618177 22.462168 -29.417719 -49.378014 2.864027
29.508974 30.128361 28.793715 -25.027479 -53.514889 34.834282 49.514908 0.009557 -40.704109 40.866043
-13.445433 -28.368298 -26.254496 -12.224359 2.798521 -14.369738 4.747552 -19.724281 -39.996895 -30.345833
-44.622810 -31.706413 -55.686848 -25.664749 -0.287733 -5.101243 -37.119274 -34.082787 -3.229698 44.444901
-28.275051 -24.211668 -48.599255 -29.069794 -10.018573 -6.147487 -8.817316 -36.682606 -32.834759 9.273332
-8.321586 -3.004913 -20.850388 -14.986760 -47.634121 24.310932 38.366936 -24.834827 -54.698826 4.524755
-30.973724 -21.731695 -47.084137 -28.217428 -15.202531 7.724504 -22.432461 -36.956230 -13.903046 54.965836
2.635236 -0.206622 -1.238660 -21.406494 -36.109768 20.901087 28.791399 -19.418411 -52.018433 16.918343
-15.896799 -20.456646 -27.679737 -32.025818 -1.095108 -10.157187 -10.130651 -31.346609 -39.927074 3.779387
-31.285139 -28.513641 -43.214558 -12.480350 -9.324208 8.335337 -20.800077 -31.258163 -11.381754 46.548412
-9.021517 -12.616671 -16.203514 -29.525427 -1.299924 -12.176017 0.613550 -23.788092 -46.038471 -16.763695
-13.481116 -5.214317 -13.781225 -21.600845 -29.958706 20.873985 3.810545 -22.953867 -32.434868 41.346348
-35.208870 -36.674931 -47.302139 -34.242962 13.501600 -25.631870 -31.996771 -34.547421 -24.563089 -4.312736
-10.189455 -9.825300 -23.200880 -28.716248 -27.397419 11.348097 10.506391 -29.919218 -42.861088 25.380451
-25.287319 -24.716850 -50.322784 0.126565 -45.345387 38.009579 4.504558 -29.355141 1.106457 94.078743
-3.777065 -6.990209 -21.989506 -12.368212 -57.666927 33.685417 46.507965 -27.276808 -56.345631 18.757032
-19.201550 -19.220066 -32.973103 -26.451990 -19.976650 7.704630 -2.112055 -37.142319 -41.992954 25.917212
-7.881830 -4.590845 -11.505169 -18.945339 -46.761913 31.018986 23.426008 -25.873837 -49.186306 35.374367
11.189461 2.954817 -1.711748 -26.747631 -49.940987 30.805237 36.963814 -20.760719 -49.885376 42.280544
-10.692296 -7.603334 -23.886770 -14.365815 -56.553715 40.304379 23.607494 -27.365673 -31.550320 67.129044
-24.318932 -35.077770 -25.986986 -37.662907 26.238754 -36.886608 -31.557262 -27.121931 -35.049953 -31.165928
-18.807575 -12.541203 -35.846668 -12.722318 -31.862621 11.282046 24.810598 -26.015030 -42.344814 -2.910215
-14.285550 -10.317826 -21.506964 -8.848193 -45.255920 32.720486 20.582029 -25.334406 -34.842548 43.296112
-15.491488 -11.357244 -29.891132 -32.178417 -22.549664 9.692637 -5.357351 -34.787182 -33.345474 43.080429
-14.248934 -8.217544 -13.742777 -23.191696 -8.241624 0.610051 -4.297343 -20.947849 -33.042488 11.460691
-18.486837 -33.579220 -26.748934 -22.121653 16.665159 -24.014114 -15.363049 -24.251810 -34.437733 -28.490713
9.643366 8.026702 -0.169397 -33.528439 -35.086224 11.547988 36.644974 -17.556053 -60.237820 -0.506927
-19.439049 -18.155294 -25.526342 -26.048420 -3.613345 -0.998468 -15.882771 -27.075768 -24.387278 22.721535
-2.585127 -7.898466 -4.046953 -28.106941 -14.529451 4.421799 6.479875 -23.445501 -49.129986 11.651107
-12.287049 -15.756350 -24.839437 1.156189 -65.509262 55.217854 23.913889 -28.187647 -23.833113 87.207054
-19.655552 -22.281158 -40.809353 -33.712589 -10.662522 -8.193204 -3.979514 -36.781235 -39.837101 4.042219
-27.519686 -26.663635 -43.212669 -26.186760 0.924531 -8.696388 -22.176632 -34.517235 -23.406614 20.337507
-10.396235 -11.836618 -16.811615 -32.149921 -6.256942 -4.848772 -3.582890 -28.709410 -45.317112 0.388974
-0.738108 -10.817101 -2.152810 -35.248608 -2.409070 -10.088605 3.893437 -22.543152 -57.940845 -17.543978
-10.149802 -23.877529 -25.378166 -8.783780 -17.276014 1.565553 23.787928 -26.935822 -59.525055 -29.802921
-1.818475 -2.479433 -12.923002 -8.017775 -59.750156 39.530563 46.349854 -23.280609 -52.349056 25.152229
