-1.023892 1.647930 5.150751 0.001840 9.379384 -0.072863 -0.957242 6.367015 -4.473484 -2.798119
0.350621 -2.265079 3.334145 1.580208 7.929370 0.182685 -1.948015 6.530691 -3.323261 -3.752527
16.944181 11.314968 1.018162 -15.190058 -7.338143 9.847432 -10.452114 21.000654 8.590718 -18.725124
9.477473 9.514429 1.671031 -9.838147 -0.049336 5.303905 -5.348252 13.898314 3.327188 -11.283501
13.496525 10.133418 0.387277 -10.951838 -1.830318 6.503529 -8.123067 16.213591 6.542383 -14.416042
2.822088 -4.965363 2.553324 1.175774 5.904474 1.760635 -4.059197 8.053644 -0.732296 -5.890584
8.702567 9.616947 2.004902 -9.953337 0.488926 4.794580 -4.947828 13.130772 2.872104 -10.462790
10.503291 6.593364 1.488897 -8.131114 -0.888732 5.095623 -7.720879 13.364094 5.123834 -11.763983
3.891303 -1.770823 3.363793 -1.027553 4.368364 2.493722 -4.285750 9.869806 -0.176366 -7.141960
6.778795 8.045098 2.478682 -7.752724 4.186751 3.418136 -4.718608 11.587244 1.650674 -9.306879
2.100583 0.632038 3.375226 -1.379310 8.427733 0.711428 -2.267119 7.718419 -1.489037 -5.358042
11.327855 8.957813 1.114622 -11.294070 -1.713742 6.258396 -6.835565 14.902692 5.149749 -13.107380
10.673475 5.286252 1.851985 -8.089509 -0.191878 5.699772 -7.753706 14.607619 4.786064 -12.414930
13.601124 8.087106 1.607796 -11.342122 -3.836565 7.806334 -8.618044 17.553263 6.527180 -15.572599
-1.655747 -4.341958 3.836637 3.723207 9.614470 -0.429167 -0.739714 5.273855 -4.393316 -2.402600
8.690637 0.176261 4.491315 -7.694925 -2.681246 6.775731 -6.481207 15.187456 3.525651 -12.663858
18.059000 15.424371 1.342723 -18.329678 -7.609670 10.488135 -9.863896 22.213705 9.002756 -19.672882
19.903618 16.126371 0.125428 -17.803902 -9.270986 11.212951 -11.643432 23.069357 11.048868 -20.304131
1.188297 -4.029817 1.833131 2.649449 9.452891 -0.343338 -3.179240 5.547141 -1.289010 -4.546925
11.963367 9.807490 2.032372 -12.471266 -3.114807 7.410019 -7.166107 17.001040 5.016257 -14.175720
1.122925 2.216255 4.394722 -1.186023 7.734677 1.102778 -2.153322 8.078241 -3.308093 -4.483302
18.237514 13.964162 0.250478 -15.096907 -5.648210 9.305230 -10.345587 20.844931 9.342529 -18.261709
18.958740 15.347938 1.326858 -18.044285 -8.485108 11.053229 -10.806367 23.431730 9.604160 -20.579403
4.065302 4.013768 2.305644 -2.901320 5.668328 2.054443 -4.026011 10.277287 -1.146623 -7.566754
-1.334323 -4.190930 3.189651 4.071373 9.870048 -0.909965 -1.483906 4.063095 -3.938068 -2.155825
10.258471 6.241246 2.816459 -9.123809 -0.334262 6.376167 -6.810582 15.849539 3.591879 -12.854548
16.794277 13.713431 1.067330 -14.562922 -5.167529 9.399692 -9.895753 21.251789 8.434412 -18.280312
-0.608499 -8.418372 3.420174 4.575044 7.658062 0.419245 -2.492358 5.569777 -2.528337 -3.109384
7.374427 7.482044 3.052955 -8.190982 2.779029 4.143768 -5.449167 13.015048 1.488415 -10.119230
4.448804 -3.194631 2.831647 -1.550391 2.374358 3.780269 -4.866559 10.205228 1.051501 -8.190678
11.393067 7.266973 1.710531 -9.809698 -0.335603 6.088212 -7.907468 15.933834 4.871019 -13.672335
6.515666 3.509704 2.867344 -5.996527 0.526530 4.669643 -4.365366 12.641060 1.324799 -9.494301
25.341114 21.051144 -0.508145 -24.055044 -15.856650 14.892701 -14.414769 29.256399 14.674910 -26.513458
3.830453 7.819701 4.496058 -7.792435 4.008241 3.553735 -2.381530 11.049990 -0.858124 -7.373683
13.540700 13.586112 1.051840 -12.667384 -1.414463 6.991547 -7.963934 17.751934 5.631214 -14.961578
9.716496 8.641403 1.097965 -8.897678 1.723083 5.117132 -6.412638 14.110492 3.137593 -12.015592
4.969072 -2.644971 3.691800 -2.496894 3.225368 4.035190 -5.062411 10.817535 0.319604 -8.748020
10.244883 0.437009 2.494971 -5.944510 -1.980152 6.365427 -7.484854 15.547811 5.025283 -12.659338
4.261628 -5.825167 1.804504 0.917038 3.109038 2.686026 -5.566772 7.907605 1.434042 -6.927469
10.262945 10.529622 1.541607 -10.818138 -1.226902 6.054028 -5.712241 15.172429 4.092173 -12.735500
11.809497 6.341845 -0.053140 -7.689797 0.530904 5.185293 -8.238000 15.061401 5.435479 -13.325581
8.995133 7.325029 1.222559 -6.915684 2.821302 3.467861 -6.558956 12.482666 3.329119 -11.113466
1.244955 -4.600094 5.246206 0.448390 6.064349 1.940672 -3.738915 8.245869 -2.080887 -5.282871
11.403636 4.031366 1.395763 -8.177701 -2.041325 6.452091 -7.910728 15.423388 5.695948 -13.516837
4.808648 -4.142885 4.371199 -1.760765 0.237568 4.641130 -5.045203 11.667900 0.553712 -8.807279
23.511551 16.391541 -0.736615 -19.552498 -11.226586 12.802047 -14.054881 26.410143 13.619226 -24.029377
14.262097 11.588418 -0.214402 -11.173808 -1.259312 5.773556 -9.377920 15.569262 7.319389 -14.352155
13.364782 11.480147 1.359948 -13.448762 -4.480433 7.776005 -7.520774 17.251671 5.999990 -14.783444
10.582819 7.022226 0.279625 -8.082373 -0.248432 4.990067 -7.189143 13.232157 5.132792 -11.789267
8.206676 2.215094 2.272414 -5.090373 0.554027 4.838083 -6.094785 13.170261 2.977469 -10.349360
2.437692 1.702585 11.155871 -9.013481 -4.237320 8.492818 0.381063 15.733197 -2.960124 -8.352915
13.289605 11.691557 1.182573 -12.049435 -1.976445 6.898691 -8.257123 17.012468 5.710877 -14.712134
15.339344 11.054695 2.085730 -14.735867 -5.087517 8.689045 -8.999198 19.092606 7.672029 -16.874128
9.807778 3.637592 1.528383 -7.107587 -0.456123 5.694450 -6.785639 13.535209 4.102009 -11.759138
3.734393 -1.145002 3.935563 -1.333122 3.478599 3.191673 -2.934425 9.983163 -0.599218 -6.643516
6.380610 -3.915116 5.232391 -4.644321 -1.897825 6.565692 -5.537630 14.299416 1.774120 -10.841688
2.986460 -6.618906 6.704183 -1.007404 0.514215 5.497813 -3.862176 12.398662 -1.309122 -7.920166
6.434706 3.927715 2.498130 -4.889342 2.665886 3.812438 -4.715378 11.953138 1.169210 -9.040337
15.773972 11.230465 0.922652 -15.498306 -7.005317 8.956157 -9.259688 19.494238 7.731010 -18.143063
0.832888 -7.672575 3.623885 3.512478 6.781737 0.908080 -3.208505 6.550800 -2.208774 -4.358483
9.479679 4.053564 0.247481 -5.792006 -0.977264 4.729813 -6.310361 12.823759 4.348835 -11.003489
9.533724 7.664753 0.988280 -7.531035 0.678643 4.489547 -6.126431 13.228056 3.735394 -10.940729
25.226559 19.744719 -0.221334 -22.827888 -14.042350 14.259063 -14.405601 28.625616 14.174238 -25.664196
16.609203 14.176677 2.151473 -16.865524 -7.331009 9.801582 -8.997655 20.875948 7.896357 -17.853779
17.794920 10.796231 2.055812 -15.789388 -8.606467 10.355474 -10.633348 21.331209 9.771286 -18.651953
4.976631 7.551650 6.737162 -10.411062 -1.765752 6.021746 -1.290620 13.662224 -0.759091 -8.117607
2.481674 9.290179 5.581636 -8.022762 2.971354 3.795698 0.154845 10.186699 -2.489684 -5.565606
-1.070933 5.132181 5.345115 -2.665533 8.235278 0.726557 -0.010847 5.963613 -3.820446 -2.891382
