-12.258603 -57.306194 26.791920 -4.997537 5.286043 -47.220623 -7.273782 26.993631 -59.313484 -6.132800
-6.654422 -47.297638 18.290878 -2.555184 0.032552 -38.518436 1.577845 24.659637 -52.265247 -1.035527
-28.708832 -67.009415 34.263233 0.134375 -2.443576 -49.198231 -7.631026 28.484194 -66.355080 -27.596287
-1.679038 -44.449944 16.632271 -8.166460 7.400079 -37.078167 -2.459120 23.409266 -48.246693 7.487233
-3.315862 -44.369255 18.899101 -10.239376 11.368149 -37.392601 -7.594958 22.780104 -46.072723 7.083217
3.306608 -35.338684 8.941045 -6.462197 2.455892 -27.584009 3.768162 19.680758 -39.043575 10.576847
1.273319 -15.491409 4.129635 -10.071203 9.624441 -11.477044 -6.965817 11.136828 -14.888137 12.625311
-5.295866 -32.759041 13.594238 -8.286661 7.579654 -24.239445 -5.975285 17.332733 -32.408493 3.126689
3.345510 -34.986687 9.666504 -8.167297 5.325185 -27.997023 1.885778 19.541828 -38.226723 12.294968
7.543124 -28.569035 3.725268 -8.410874 3.263771 -21.431444 5.408358 17.264534 -31.032579 16.144594
16.858486 -10.310290 -7.346813 -10.796679 5.039946 -9.790304 4.783349 9.738193 -11.549859 26.844494
2.760667 -32.933517 8.189483 -8.191059 4.129464 -24.325571 2.606026 18.528170 -34.587650 10.946620
-6.933649 -38.891205 11.757504 3.469854 -10.320547 -27.564775 12.038210 20.076456 -42.592201 -7.628452
12.020915 -19.608232 -0.599717 -9.557573 4.112927 -15.286524 3.301899 13.825172 -20.430979 22.411217
-6.162549 -46.966026 19.136185 -5.608769 4.197385 -38.355267 -1.861945 24.514395 -51.008568 1.085617
5.243847 -14.805254 2.975827 -11.657949 11.180138 -11.895960 -6.039124 11.639381 -14.666697 17.254662
-1.355234 -36.812370 10.518059 -4.330106 -0.355520 -27.737040 6.053558 20.165419 -39.946091 3.134324
4.433856 -28.980314 4.820519 -5.778893 -0.137530 -20.923784 6.095952 17.060678 -31.276690 11.438051
-30.452654 -65.742691 34.170170 1.213870 -5.970419 -46.471333 -5.205807 27.323378 -63.699936 -32.765560
2.618454 -28.417696 6.855322 -9.280248 5.205262 -20.094419 1.093532 16.069626 -29.441549 12.055944
-16.157190 -60.079697 27.585123 -0.695578 -0.819885 -47.919830 -2.635464 28.059931 -63.710697 -12.900919
5.717566 -25.423332 5.979782 -14.051056 12.145390 -19.499605 -4.777817 15.963335 -25.979362 18.959652
-4.756025 -36.188828 8.848096 0.681499 -7.403227 -24.183153 12.978203 18.550447 -38.975311 -3.851281
13.484712 -15.733573 -4.250836 -3.562694 -3.199319 -13.311403 8.361729 12.663275 -16.915384 19.615776
6.422432 -20.589243 4.442119 -14.986610 14.291779 -15.755161 -7.112623 13.747571 -20.381304 20.699551
-6.633756 -47.333946 18.738441 -4.112163 2.068390 -38.224873 0.678436 24.362858 -51.510513 -0.387496
-6.215754 -44.461315 16.055061 0.545821 -4.807215 -35.464054 6.047340 23.185701 -49.395592 -2.822328
-5.048302 -45.596352 17.767227 -1.704503 -2.005895 -38.172810 1.554258 24.582842 -51.027557 0.599439
-17.901934 -61.681252 29.388824 1.445068 -3.480188 -49.930317 -3.235606 29.011221 -65.176193 -16.036352
-2.731017 -37.684196 10.286540 -2.584982 -3.293883 -27.003500 8.999109 19.922958 -40.895588 1.324150
-14.453074 -51.575306 23.250774 -7.755594 6.203686 -36.923088 -4.879969 22.769266 -50.719765 -8.283424
1.908594 -34.820316 9.159297 -6.679925 2.814995 -26.911116 3.792878 19.231009 -37.617393 8.973851
11.819235 -10.449105 -2.210888 -14.197943 12.815498 -10.107990 -4.579216 9.004840 -10.689691 24.714258
-32.304871 -72.835449 39.131382 0.254085 -2.597151 -54.475899 -11.302541 30.196537 -71.299942 -32.693523
-16.505054 -59.950005 29.714455 -8.115666 8.997646 -47.768814 -12.470883 27.360880 -60.304108 -8.831450
3.357618 -34.720947 9.855539 -7.037646 3.995935 -28.724302 1.324128 20.082388 -38.207981 12.032373
-27.794973 -65.052872 34.411434 1.512109 -4.615322 -48.214115 -8.226965 27.628141 -64.105042 -28.576082
7.380031 -17.483549 -2.876838 -3.089417 -4.880491 -10.877714 11.106361 12.149091 -18.773651 12.482117
7.765491 -13.350678 0.759447 -12.707834 11.946953 -11.572832 -6.695616 10.802047 -13.137965 20.643417
9.386246 -18.129488 2.146438 -12.935503 11.300591 -14.530896 -4.034587 12.931475 -18.420668 22.188261
-5.010723 -43.330669 16.091263 -1.823733 -1.060338 -34.978168 3.077532 22.883888 -47.594368 0.052452
10.477819 -18.332779 2.060533 -14.954292 13.224866 -14.810614 -4.886023 13.207747 -18.280733 24.405367
-6.670823 -40.980495 13.929902 0.035692 -4.432011 -29.755579 7.724130 20.798746 -44.132160 -4.710338
13.519719 -16.917257 -3.165198 -9.799832 3.727711 -13.056416 5.261879 12.739698 -18.338587 23.251682
4.984894 -15.911671 2.689469 -10.752245 8.723438 -12.117500 -4.112373 11.557658 -15.927823 16.284275
6.935874 -21.201330 4.232522 -13.046158 11.547193 -16.088045 -5.124746 13.650283 -21.344076 19.487148
7.270990 -20.201468 0.190744 -4.609775 -2.062212 -13.902141 7.695773 14.322309 -21.359629 14.179517
-4.665319 -34.553665 12.922143 -7.565461 4.961124 -24.463371 -1.656931 17.300947 -33.953781 2.077776
14.636049 -9.905145 -5.345200 -10.958635 7.132106 -9.431774 0.812488 8.983361 -10.638330 25.263319
3.388995 -28.919466 7.511636 -8.977454 5.686648 -21.596155 0.910903 16.848948 -30.944353 13.397451
-6.748554 -32.136692 15.079749 -11.720346 13.063282 -23.644627 -13.654860 17.153727 -30.441122 6.818156
-3.515850 -45.860962 17.656368 -5.589249 4.452302 -38.977009 -2.223624 24.398621 -50.520493 5.013710
10.469414 -24.152691 3.263384 -13.708574 11.056864 -18.842611 -1.698583 15.091996 -25.212433 23.330132
-0.478305 -40.083927 15.205053 -9.659597 9.669807 -34.097904 -4.663861 21.798136 -42.881084 9.735816
-6.412946 -44.852219 17.360413 -5.523901 4.074417 -35.389462 -1.332197 23.281757 -48.451275 1.358058
-4.819171 -46.535610 20.845963 -12.620786 14.591342 -38.957851 -10.816529 23.617300 -47.939865 7.137755
16.950846 -9.295196 -9.110540 -7.604078 -0.640235 -8.441629 10.427786 8.624787 -10.297615 24.195562
1.166019 -29.879229 8.159764 -5.413536 1.905075 -22.411177 1.876021 17.351015 -32.323158 9.008690
-5.312769 -40.499397 16.991531 -8.023776 7.201573 -32.421040 -5.187658 21.223322 -42.163139 3.510869
7.177270 -23.591606 6.093543 -15.659080 15.344180 -18.593271 -8.134033 15.241849 -23.554075 22.041018
4.076138 -23.405252 3.534704 -7.465472 2.471869 -16.184505 4.161479 14.020337 -24.815672 11.884926
16.120014 -11.877812 -9.625930 -4.713782 -5.141468 -9.762897 12.568159 10.124867 -13.215268 21.769962
-5.187007 -45.653252 16.476118 -1.680844 -2.030896 -36.984383 3.008218 23.675947 -50.761345 0.132203
9.035522 -14.912560 -1.241106 -7.679721 3.240307 -11.287189 2.818307 11.955143 -15.769927 17.632355
8.726483 -18.078527 -1.262795 -3.903877 -2.929968 -13.444565 7.314111 13.636958 -19.187452 15.087779
-2.680034 -41.988079 17.519630 -14.044566 15.178724 -33.948521 -9.711493 21.496246 -42.279404 9.804520
11.896226 -18.300024 0.301152 -11.971241 9.227444 -14.532616 -0.614205 12.531166 -18.971003 23.986790
10.629441 -14.242714 -1.876500 -9.980286 6.046946 -11.690278 2.010251 11.599811 -14.753118 20.695030
11.835432 -18.813883 -1.459394 -9.380073 2.934960 -14.043683 6.267859 13.308370 -20.179016 21.314651
10.206897 -23.479120 -0.958969 -6.540815 -1.384288 -16.848164 10.764004 15.734968 -26.002684 17.298851
8.365244 -26.751801 -0.075785 -3.898652 -6.141860 -18.392494 14.657303 16.561686 -29.552652 13.368934
-5.605194 -48.256294 20.266720 -6.871098 6.354974 -40.242012 -3.463887 24.237551 -50.964874 1.659116
