22.674139 -9.500475 25.404030 5.436481 24.059399 -15.949074 64.725510 7.592237 -7.436857 -4.925234
7.506250 -7.380621 19.394035 1.192935 24.419022 -3.875843 52.093044 1.605920 -1.023968 1.380801
26.936199 -14.125986 26.534382 7.970277 25.214468 -20.958261 71.344482 12.974037 -9.819430 -11.083533
5.714793 -2.569539 18.256651 0.250793 23.004744 0.345160 45.276741 -3.497442 -1.186903 5.150433
16.433796 3.693213 26.011774 -7.615492 18.446634 -6.123085 47.555428 -7.713737 -3.008509 13.402528
-9.187667 -5.321967 5.679714 10.057725 22.215401 13.847239 28.404152 -6.599747 -2.166729 1.178597
0.473356 11.018473 7.563807 -2.561100 -1.411874 11.028960 -0.506715 -19.949024 -2.720858 24.404018
3.716273 3.127379 14.499163 -0.589086 15.180331 5.584413 28.638668 -8.788876 -5.729795 7.077134
-2.361225 2.489569 11.833033 0.451771 18.308649 10.434927 26.427679 -10.057072 -0.941664 8.414511
-5.748538 -0.139200 7.309548 6.941485 16.259871 13.611245 20.377365 -11.690822 -3.773899 7.540777
-6.623614 9.936735 5.713791 -1.819052 3.197055 18.254467 -0.027538 -20.683924 -0.064522 22.827759
-6.754165 -2.910363 6.662879 8.563769 20.508417 13.043941 25.963371 -8.176322 -2.835964 2.316337
-4.465074 -12.465065 4.891653 17.374218 25.029573 6.259215 37.949348 1.959360 -5.059545 -11.073716
-13.020381 3.759910 3.762095 2.183442 13.231750 19.955227 9.713516 -13.340663 0.946765 11.222712
15.679828 -3.448700 25.169830 -4.519266 22.118425 -8.061004 54.846642 -0.659829 -2.312091 6.505380
1.756572 13.316620 10.616438 -8.547961 -1.566242 10.815885 0.601283 -20.639484 0.769292 26.885923
-10.621121 -9.300054 3.121927 14.306460 25.090071 13.999770 29.964092 -3.837820 -3.407325 -5.272422
-9.511613 -2.694450 4.873189 8.460664 20.043835 14.826943 23.540577 -8.306531 -2.629224 2.336649
27.664331 -14.812675 25.725283 10.036125 24.874514 -20.970551 70.865143 13.627538 -12.265050 -14.066423
1.125951 3.718578 11.946994 3.815795 12.984826 7.477764 22.891027 -13.503659 -5.604411 13.587554
17.750534 -14.258318 21.258919 8.698081 26.502254 -13.590816 64.128723 11.656913 -6.705745 -11.016468
4.058342 9.002882 16.384899 -4.393322 8.655966 7.827627 17.388792 -19.298281 -2.724383 23.682463
-9.737408 -14.800010 -0.518195 24.744728 24.287260 11.581656 31.552120 0.556408 -5.905876 -11.785893
-16.209301 1.888158 0.650611 4.366400 10.814847 21.965008 4.743163 -11.774142 3.094006 9.731135
2.284964 9.072162 13.096256 -1.546681 5.305046 9.527769 10.923495 -20.226698 -4.772576 23.573034
12.070987 -7.195066 21.842072 0.782165 23.669439 -7.404766 55.039722 2.665260 -1.337942 1.932421
2.050362 -6.359118 16.003660 1.671764 24.567469 -0.205342 46.852161 1.519936 -0.021624 -0.917226
1.613784 -4.250973 17.814463 -2.768263 24.844297 0.703588 47.073860 0.709737 0.513043 0.845494
19.813307 -11.466386 24.531374 3.490543 25.567839 -15.136398 65.606491 10.530540 -5.898425 -8.044558
-6.826056 -9.000888 5.912842 14.069243 23.250143 9.841064 32.946182 -2.967908 -4.284447 -3.324805
19.998173 -10.183986 22.565853 9.480036 21.391520 -14.898884 58.301506 4.585717 -7.884212 -1.364628
-2.825120 -1.978144 10.424170 6.367212 19.879946 9.986670 29.649321 -8.965354 -4.532535 5.492830
-1.528930 12.986595 8.429365 -4.931244 0.725432 14.329139 -0.157653 -22.483080 -0.580858 26.926317
29.717873 -14.209179 28.698145 6.913166 25.403866 -23.031734 74.360107 13.330485 -10.309564 -10.849741
28.695168 -9.497208 28.612522 4.348626 22.352182 -20.880482 67.596382 8.052474 -9.609126 -4.045615
-4.861185 1.483136 10.602142 0.241965 20.192558 12.332450 27.317648 -8.743649 -1.066351 5.643974
26.209980 -13.508402 27.298056 6.193402 24.330488 -22.282772 70.659821 14.529476 -10.100316 -11.082679
-16.198526 -4.142777 -3.296947 13.077919 13.251534 19.548943 8.556782 -7.474176 -0.735835 1.894474
-0.310620 12.837310 8.804190 -4.175659 -0.413756 13.873910 -1.410504 -23.428059 -2.799065 27.729015
-5.381772 10.762021 10.452566 -6.371938 8.420701 15.476464 9.027282 -16.591433 1.289697 19.531710
9.651416 -5.986523 18.149601 4.224775 23.859793 -3.806511 50.408718 1.688835 -4.240291 -2.901527
0.615624 13.249918 14.834263 -10.350406 4.305520 11.452988 7.973814 -20.986483 -0.623816 26.486063
6.045710 -7.659400 12.766831 9.177329 22.463802 -0.212956 43.889385 2.419230 -6.068413 -6.428028
-12.051929 2.469500 2.575132 5.162950 11.746212 19.333191 8.159833 -13.336146 0.055450 10.756742
0.166470 10.108959 10.830746 -2.371379 3.073913 11.310803 5.773374 -20.450399 -3.209841 24.348124
-2.268307 10.046634 13.061517 -7.383615 8.971148 11.726495 13.561829 -15.574173 0.228604 19.555056
-12.957026 2.603863 2.678452 2.648426 12.215614 18.696594 9.114543 -10.441010 0.457696 8.013955
9.663152 0.238232 14.687033 8.071921 15.994820 -0.541245 34.665222 -6.867560 -9.555921 3.595113
-8.993523 9.993711 4.172361 -0.461344 3.553441 20.076950 -0.690919 -20.300308 0.820179 22.770735
-0.878106 4.352948 14.488764 -2.809987 14.661947 7.437239 26.336700 -10.666959 -0.732958 13.183557
17.787800 7.067027 25.915550 -12.618604 5.869640 -8.498652 30.363951 -12.192327 -4.410570 24.226269
6.137839 -4.654101 20.232670 -1.780912 25.282167 -1.080905 51.046803 -1.017906 -0.826824 2.999792
0.948881 9.795092 15.069118 -5.208265 10.651547 9.976145 17.594364 -18.096451 -1.149246 21.329649
5.824712 2.379387 19.027409 -5.721825 21.452423 4.293286 39.778725 -6.943590 -1.985412 7.070096
12.170243 -7.069005 21.669373 1.389292 22.411728 -7.637887 53.863609 1.543641 -3.181969 3.221882
20.498014 2.644463 28.167675 -7.521076 17.104364 -9.561013 49.393459 -7.118486 -5.195730 13.912648
-15.248023 3.533571 -1.033898 6.267564 7.395392 21.695225 1.189431 -14.343573 1.763429 12.896667
-5.272052 1.707667 9.498646 0.969178 18.115192 11.495635 25.187481 -7.236208 -0.799319 4.758368
9.556374 -1.287800 19.321314 -0.532108 19.786865 -2.268404 44.206089 -2.451925 -5.021150 2.927311
2.627574 11.176947 16.733616 -7.651807 7.723440 9.025182 15.249354 -20.058020 -2.222238 24.616518
-2.885050 1.917575 8.113951 6.794442 14.014250 9.843515 20.782125 -10.365645 -2.066601 9.160399
-15.066339 1.932687 -1.341553 8.166918 8.229847 22.112492 1.775928 -14.157781 0.162957 11.705423
1.427381 -5.634359 17.012280 0.807620 24.261299 -0.150944 46.775593 -0.036987 0.169650 2.550306
-5.395572 7.468358 6.595131 0.370407 5.024585 15.766193 3.561773 -18.045609 -1.499532 19.488791
-16.736315 -0.617459 -0.942767 6.882360 13.640933 21.358974 8.106123 -9.295635 0.607967 5.240812
20.339336 6.093781 28.348717 -10.056266 14.057378 -6.923664 42.076000 -12.760131 -6.909470 19.452526
-5.135079 10.239712 11.041023 -4.436755 10.654337 15.105088 12.493231 -17.249111 1.324844 20.078913
-5.879368 8.611658 4.999907 1.034304 3.741379 17.232393 0.906486 -19.769850 -2.344146 21.069975
-10.428604 4.820205 5.046410 2.182512 12.168889 17.417450 11.303329 -13.859569 0.376857 12.718570
-14.893343 -3.360948 0.324898 10.569911 17.847113 19.720209 15.294269 -9.426452 -0.848073 2.427118
-15.775355 -6.637510 0.058896 14.347543 21.633757 18.593201 21.112329 -7.272052 -1.298765 -1.341829
14.106277 -5.710507 21.179817 3.618496 24.312098 -6.498980 54.750072 1.093586 -4.784380 -1.330059
