55.849506 -20.559223 -72.402016 -28.079893 0.580054 13.285977 48.742092 24.459787 -43.173260 46.894436
39.847721 -31.176258 -65.428246 -32.246464 16.703070 0.585727 49.678513 19.858418 -43.521599 49.485218
47.791309 -43.429588 -83.530296 -43.756134 21.340666 -2.646050 65.662193 20.779194 -56.381382 60.219372
53.937233 -35.163769 -81.851280 -38.925644 12.590764 5.289547 60.684387 23.651640 -53.017952 56.860683
55.540447 2.762385 -54.817791 -11.295817 -18.655876 25.693422 27.135431 24.470755 -28.814877 30.299801
56.832951 14.183338 -48.638790 -2.454845 -26.088087 30.665264 19.560741 25.562613 -21.234890 24.522102
51.865528 9.503101 -49.205730 -5.225019 -22.282280 27.933777 21.314190 22.719976 -22.113213 25.455467
53.421722 -30.158260 -77.770988 -34.251282 9.134051 7.233965 55.750404 22.859919 -48.740849 53.710354
36.567379 1.940099 -42.448059 -6.612607 -10.304738 16.910852 21.867361 15.709309 -19.625080 24.910355
43.546848 -41.877766 -78.750259 -41.807171 22.325901 -4.587794 62.802872 18.665226 -52.570641 57.614811
46.137104 -0.973765 -53.125710 -11.732423 -10.473476 17.380610 30.063519 18.941742 -24.904390 30.763929
57.535358 9.083606 -52.919350 -6.868622 -22.837227 29.097673 24.017857 25.123049 -24.933413 28.032934
55.855946 -27.041533 -77.198563 -33.920292 5.451548 9.081059 53.873589 24.711653 -49.319328 51.577000
33.383869 -19.489096 -44.043751 -17.824923 10.802997 2.628022 34.141102 18.254999 -25.949827 36.688435
49.069324 -2.858449 -55.887520 -14.119577 -11.089177 16.474146 33.240833 21.148287 -27.862385 31.875736
58.350430 -11.415459 -68.902206 -22.210758 -7.603665 17.244654 42.219643 24.309551 -38.876526 41.657791
58.520336 -1.257473 -62.584415 -14.750571 -16.046040 23.673887 33.927414 24.177973 -31.830490 34.947720
50.239891 6.413404 -50.345776 -6.824751 -19.258179 25.146341 23.526608 21.875492 -23.614784 26.570595
46.665516 -45.267353 -83.349480 -44.430111 23.477238 -4.084347 66.540115 20.489708 -56.483246 61.105618
59.326206 -9.334396 -68.198730 -21.113844 -9.638000 20.973707 40.444534 25.113974 -37.600891 41.072914
59.485630 -21.315994 -77.297867 -30.407398 -1.140159 14.807235 50.850094 25.320808 -46.803715 49.049824
59.384449 8.665641 -53.957039 -7.595913 -23.485130 29.526382 24.455523 26.403830 -26.141645 28.411001
47.736645 -4.640573 -52.464779 -13.114003 -5.454932 17.609720 31.083824 23.646269 -27.748886 35.958645
35.577328 4.167802 -40.063129 -4.660862 -9.679852 16.241112 20.373964 16.362474 -16.894880 25.229288
50.847050 -2.776451 -57.134319 -13.098938 -11.562092 20.631296 31.322340 21.637844 -29.553013 33.918919
47.637306 4.115389 -49.948578 -8.407817 -16.460695 22.810822 24.344419 20.475855 -24.366541 27.328323
54.847111 10.273820 -51.084015 -5.484291 -22.735960 27.950981 22.436764 23.936266 -23.746067 26.893988
56.788368 9.602309 -52.735958 -6.333006 -23.810663 29.443584 23.428875 24.722536 -24.353136 27.022932
48.529568 -39.634052 -81.095345 -41.690601 18.862350 -1.834166 62.922009 20.755316 -53.723427 57.935009
56.022408 11.594250 -50.756153 -4.065508 -24.229145 29.892557 21.590559 24.020937 -22.153727 26.719305
55.582264 10.303233 -46.973942 -4.683110 -21.944122 27.848804 20.767853 25.748150 -21.791962 25.598106
53.522758 -30.320652 -78.764534 -34.958366 8.835800 8.598298 56.673786 22.839844 -49.082294 53.471996
56.345043 11.721437 -49.371319 -4.757533 -24.426197 29.381084 20.863413 24.771812 -23.077625 25.286850
59.480247 -6.135517 -66.185753 -18.606876 -12.918629 22.368891 37.480011 25.063494 -36.373970 38.285984
46.688473 -46.124249 -84.161011 -45.128334 23.961809 -4.532152 67.414970 20.417202 -57.258854 61.786823
46.651646 9.150359 -45.649372 -3.895742 -19.115696 24.341673 20.347086 19.839293 -19.591333 24.869652
47.289703 -44.413307 -83.625511 -44.269287 22.273592 -3.269624 66.266342 20.779787 -56.597965 60.682323
47.575901 -43.369900 -83.238029 -43.819504 21.282917 -2.070296 65.249931 21.395535 -56.502022 59.969669
56.435257 11.628096 -51.236652 -4.713028 -24.353256 29.473417 22.161371 24.418978 -22.694084 26.108826
48.446507 -29.575306 -73.916824 -33.552212 11.477533 2.365706 54.246635 20.101404 -46.658592 51.463516
43.033482 -9.056387 -54.890240 -15.997243 -5.397870 15.051602 32.910088 18.330370 -29.905773 33.280724
50.922688 -33.540333 -78.469612 -37.395893 12.907847 4.740346 58.507828 23.036533 -50.301941 54.459122
52.528240 -32.909115 -79.999825 -37.432518 10.568491 6.160684 58.593090 22.584290 -51.003475 54.085949
33.217442 -17.572031 -41.795925 -15.758587 9.367261 3.355159 31.360308 18.613443 -24.835754 34.372372
53.832611 -30.717451 -79.974236 -36.178898 9.269498 7.258322 58.076553 22.834753 -49.759323 54.001358
52.821815 6.330732 -52.128040 -7.694037 -19.377121 25.867277 24.841215 22.588257 -24.383839 28.496550
59.159065 9.121900 -54.938648 -7.434035 -22.821869 28.055380 25.252600 25.781900 -25.934834 28.763412
51.826668 -29.828127 -76.637634 -34.815861 10.087453 4.566489 55.505619 21.721287 -48.547256 52.915745
60.086353 10.507368 -54.108040 -6.526789 -25.140608 30.542318 23.825418 26.493618 -25.587708 27.664707
46.716183 -25.855862 -70.218346 -29.712118 8.191244 6.742001 50.251984 19.060419 -41.991653 47.113258
54.932011 -30.758919 -80.978355 -36.407852 9.385400 6.757084 58.346943 23.309301 -50.884293 55.085217
52.667194 -36.938053 -81.406250 -39.922363 14.612102 3.687470 61.636894 23.269398 -52.914780 57.283207
58.253956 9.535297 -52.798447 -6.696217 -23.502449 29.016253 23.632412 25.822763 -25.451900 27.479021
58.097439 -13.006475 -68.248306 -22.502995 -4.965586 17.312580 42.410130 25.720739 -39.309273 43.882385
35.452721 -42.296337 -67.721375 -38.462517 27.973131 -7.727758 57.345676 19.259581 -47.010544 54.776268
51.428577 13.730082 -46.421490 -1.863831 -24.234552 28.973413 18.571589 22.172892 -18.726067 23.710167
57.008366 12.026882 -50.508007 -4.241411 -24.601204 29.903379 21.528841 25.502714 -22.510067 26.157520
56.876713 -23.873539 -77.096588 -31.151861 2.207397 13.086887 52.153870 24.530958 -46.821949 50.750896
51.313923 -39.017838 -82.903717 -41.257343 16.993317 2.155940 63.410500 23.088661 -54.562531 58.893230
58.186275 -12.966338 -68.885132 -23.047209 -5.164011 18.365377 42.332123 26.442322 -40.431259 44.586388
48.472286 -4.698662 -51.413647 -12.670632 -6.052068 17.081362 30.392881 23.849958 -27.974918 35.245094
40.392521 10.686829 -40.014545 -1.351837 -18.118948 22.787592 16.313425 17.522823 -15.573662 21.524246
57.486942 8.880696 -52.964581 -6.774792 -23.410828 27.553324 24.598768 25.329332 -24.504829 27.138847
47.502037 -23.985619 -68.309166 -28.094091 5.284892 9.403234 47.399025 19.965239 -41.620094 45.232243
45.788235 -28.150454 -70.497673 -31.212524 7.612779 6.490600 50.524315 19.011507 -44.375015 46.364296
49.542744 0.238373 -53.127319 -11.213784 -14.796758 22.105623 27.151520 21.667830 -28.441902 29.738441
59.908157 9.584463 -54.826374 -7.093849 -24.973715 30.296963 24.487749 25.841303 -25.906248 27.847973
54.303730 11.358703 -47.232292 -4.795175 -23.912779 28.327436 19.650194 24.223280 -22.596014 24.078087
57.453663 12.852095 -48.738972 -3.878339 -25.790455 29.856262 20.248339 26.174442 -22.776896 24.542542
56.754078 -22.979813 -75.250031 -30.961134 1.968612 11.894322 51.222023 25.498856 -46.593033 48.889011
51.263481 1.340643 -53.431488 -10.437145 -14.208220 21.657141 28.028982 22.617306 -26.913605 31.013371
59.918957 -13.189375 -71.716370 -24.168020 -6.933143 17.889849 45.005249 25.003962 -40.243572 43.360844
