0.767483 -9.443009 1.721398 4.518744 1.974840 -6.221893 0.300387 1.999388 7.146495 -1.837446
-0.336427 -9.062802 1.830065 4.796265 2.202321 -6.098414 0.062821 2.032282 8.426580 -1.879588
-11.425579 -13.478186 7.303917 7.979375 11.048205 -9.675069 2.600362 8.765446 8.075542 4.422288
-8.829128 -13.970147 6.690361 7.816916 9.666957 -9.977926 2.633411 8.016317 7.258786 3.097029
-12.385307 -16.164038 8.802978 9.055167 13.080194 -10.444021 4.125171 10.263081 7.487700 6.049726
-0.433150 -8.898860 1.782765 4.753808 2.335669 -6.126223 -0.011697 2.062110 8.388111 -1.889749
-8.569141 -15.196445 7.188850 8.212814 10.373183 -9.827704 3.582251 8.209935 6.302963 4.361672
-10.248114 -11.095071 6.332496 6.782471 9.592646 -7.928080 1.939057 7.228191 7.410963 3.528035
-4.556848 -12.338939 4.250897 6.658073 6.005086 -8.610680 1.147089 5.208816 7.807271 0.828002
-6.596698 -11.785210 4.664814 6.879130 7.027575 -7.644916 1.242808 5.973342 8.237955 1.966827
1.368589 -8.589959 1.352008 4.060318 1.361251 -5.658138 0.027388 1.370591 7.184976 -2.449703
-8.160255 -12.682517 5.639105 7.291509 8.748910 -8.160500 1.777565 6.942851 7.144861 2.992109
-9.639565 -15.310234 7.297266 8.551306 11.048018 -10.834758 3.045774 8.728732 6.101250 4.248720
-10.675907 -16.058273 8.994085 8.417398 12.957961 -10.912519 5.383863 9.820500 4.581730 5.976808
1.464737 -8.663331 1.348087 4.027647 1.092478 -5.478929 0.043759 1.277732 7.158392 -2.349081
-8.970551 -15.633992 7.731956 8.555485 11.012063 -11.280088 3.700526 8.703959 6.248236 4.602654
-13.130584 -17.426844 10.263804 9.499255 15.168749 -11.842578 5.930665 11.248441 5.368254 7.182368
-16.339764 -17.250834 12.246840 9.890779 17.122736 -12.193336 6.787242 12.571385 6.524120 8.519593
1.376758 -8.714086 1.237884 4.319184 1.240558 -5.765567 -0.041379 1.385704 7.908717 -2.331105
-10.291246 -10.864327 6.488772 6.603892 9.481333 -8.095516 1.877049 7.093547 6.890834 3.071341
-1.591814 -11.020049 2.931814 5.629318 3.931762 -7.259115 0.714008 3.626055 7.645705 -0.603768
-16.921761 -15.984168 11.293720 9.456584 16.686226 -10.854365 4.946788 12.282435 7.553446 8.257406
-13.073462 -14.342893 8.619443 8.807634 13.293645 -10.741076 3.415430 9.943023 6.448031 5.805994
-1.024831 -10.021785 2.125093 5.321676 3.036165 -6.601659 0.227268 2.871844 8.487465 -1.081453
1.591060 -8.268195 1.006050 4.120772 1.056222 -5.431970 -0.172706 1.137634 8.019577 -2.538342
-9.500614 -14.117870 6.689901 7.845141 10.131454 -9.527934 2.546391 8.177024 7.531452 3.601391
-11.886900 -16.532595 10.115853 9.273069 13.939902 -11.652861 5.999693 10.527831 4.817477 6.747478
1.749657 -8.907768 1.188035 4.277515 1.074500 -5.483384 -0.021932 1.460772 7.554045 -2.040695
-6.335683 -12.553893 4.687604 7.039616 7.108397 -8.304101 1.363579 6.164845 8.688326 1.737507
-0.003040 -8.974598 1.566811 4.638265 2.055836 -5.997628 -0.029145 1.937757 8.336590 -1.971393
-7.042456 -13.874436 5.983686 8.023636 8.092391 -8.892732 2.291661 6.821627 7.794518 2.992708
-1.130292 -11.245353 3.192482 5.587285 3.973799 -7.256474 1.120415 3.577945 6.831942 -0.195372
-27.438658 -18.130589 20.441595 12.142688 25.524786 -13.938095 10.565158 18.149027 7.819408 13.602562
-3.735883 -11.884629 3.722710 6.364520 5.521526 -8.017068 1.001286 4.832307 8.025017 0.460369
-11.227143 -14.713712 7.839340 8.288760 11.925551 -9.693298 3.101270 9.036721 6.668425 5.100176
-4.291163 -9.300410 2.989600 5.390923 4.569107 -6.319719 0.407924 3.836350 7.974998 0.104038
-3.751019 -12.436139 4.366260 6.410640 5.974031 -8.558252 1.565675 5.063588 6.630916 0.855342
-8.270161 -13.721681 7.069264 7.576975 9.963907 -10.454232 3.454498 7.624851 4.637806 3.495747
1.550641 -8.321318 1.148326 4.141644 1.030358 -5.557942 -0.148047 1.163483 8.098152 -2.570602
-4.284215 -13.019589 5.246379 6.975925 6.508345 -8.105140 2.463245 5.563452 6.577026 2.261890
-4.948222 -9.260927 3.510550 5.392581 4.741819 -6.538759 0.490242 3.910697 7.955370 0.092198
-0.161768 -8.743306 1.577929 4.671601 2.101623 -5.839917 -0.056473 1.915294 8.470797 -1.955678
-0.364442 -9.995148 2.055222 5.284687 2.624042 -6.639296 0.274312 2.588173 8.298283 -1.353665
-12.571171 -17.098661 9.712831 9.567543 14.108216 -12.172658 5.029700 10.724811 6.684036 6.358662
-0.066135 -10.007039 2.101978 4.982579 2.638107 -6.824322 0.436980 2.520923 7.495246 -1.335057
-20.775627 -18.413866 15.446364 10.775042 20.636271 -12.966256 7.971778 15.026559 7.525012 10.567960
-12.447651 -11.994881 7.681751 7.211507 11.603315 -8.624386 2.601424 8.802562 6.445072 4.549727
-10.830105 -11.830106 7.191018 7.007375 10.761093 -8.204210 2.564041 7.891118 8.526753 4.203371
-2.726915 -10.335851 2.770992 5.443516 4.170335 -6.928845 0.336729 3.712217 8.653072 -0.446230
-5.732781 -13.333829 5.254732 6.998619 7.127178 -8.909527 1.754941 6.265656 8.027033 1.820794
-8.148621 -15.245085 7.566762 7.832654 10.873186 -10.715619 4.181494 8.319040 4.750452 4.352528
-6.117705 -11.683660 4.371724 6.720890 6.480763 -7.781018 1.076985 5.587029 9.141432 1.470280
-13.009068 -17.299234 10.010948 9.785759 14.831944 -12.239100 5.104582 10.937382 5.761053 6.813698
-8.588153 -15.734071 7.522783 8.570585 10.576038 -10.768444 3.495738 8.382223 6.701445 3.978060
-0.938758 -9.422715 2.405657 4.625177 2.883646 -7.361691 0.469223 2.502999 6.073768 -1.294557
-7.310693 -14.302047 6.220608 7.879789 8.630786 -9.166714 2.498670 7.341438 7.689040 3.366009
-4.664863 -13.466379 5.581126 6.893255 7.389690 -9.006018 2.930600 5.999339 5.967524 2.266505
-0.375918 -10.063005 2.134153 5.225253 2.622979 -6.635065 0.369327 2.562225 8.118040 -1.342622
-8.495395 -15.043459 7.472736 8.271740 10.902414 -10.470744 3.892327 8.214371 5.295784 4.385605
-0.381540 -9.927133 2.266773 4.853527 2.810086 -6.575339 0.537718 2.578733 6.874274 -1.334935
-2.146040 -10.216323 3.049536 5.656178 3.873052 -8.004793 0.468427 3.283394 7.845055 -0.886590
-4.784743 -9.640861 3.367600 5.337797 4.863055 -6.624199 0.495642 4.131767 7.941609 0.242044
-25.402351 -17.796049 18.243319 11.034755 24.011631 -12.795753 9.520240 16.819265 8.298690 12.613926
-19.133495 -17.768633 13.982368 10.252028 19.339588 -12.180294 7.387474 14.008115 7.492438 9.920953
-16.204220 -17.529581 12.929963 9.818731 17.779043 -11.955213 7.749870 13.046237 5.131514 9.060541
-6.179919 -14.000998 6.412752 7.342519 8.606819 -9.576596 3.213085 6.786045 5.674658 2.922332
-3.080388 -11.792335 4.002434 6.029246 5.437945 -8.309384 1.356288 4.692319 6.298984 0.400580
1.920379 -8.114710 0.936248 3.963677 0.854581 -5.263262 -0.144528 1.004086 7.793850 -2.627033
