2.149128 3.540301 1.936495 -13.160526 12.016649 5.278126 4.562412 -2.128578 18.782661 4.854227
1.408479 3.825052 2.244387 -14.250593 8.410917 6.548311 6.128304 -2.124040 20.851576 4.820747
-1.658645 6.974905 -0.729048 -21.685537 2.519924 12.652468 13.859536 -5.255877 30.529882 7.389994
-0.730956 6.006042 0.500924 -19.603674 2.622206 11.299766 12.275681 -4.122438 28.705532 6.734563
3.742716 2.466980 3.207578 -11.345893 16.391325 2.539726 1.575064 -1.272853 15.867001 4.220036
4.203209 2.294724 3.512966 -10.513952 17.260101 1.895848 0.533437 -0.587318 14.576659 4.054916
4.727170 1.303302 6.300098 -8.392844 17.096842 0.612638 -1.069219 2.090844 13.257054 3.923833
3.724147 2.305397 3.960880 -10.955983 13.834401 2.689623 1.765901 -0.506995 16.224815 3.964037
5.426466 0.161290 8.652524 -6.115285 18.142775 -1.121255 -2.914410 4.468646 11.270254 3.899687
-0.975009 6.231939 -0.349287 -20.131350 3.989806 11.035479 11.732394 -5.005411 28.285891 7.052864
4.019046 2.140421 5.328956 -10.364371 14.649633 2.698020 0.961545 1.077721 15.959629 4.058855
3.713464 2.063251 4.920200 -10.467484 13.493748 2.906546 1.845134 0.515959 16.056707 3.927318
1.107413 4.420135 1.805094 -15.893110 7.468777 7.740376 7.646401 -2.620846 23.057026 5.578243
5.778449 0.495352 9.320802 -4.660195 17.578665 -1.606874 -3.526440 5.334074 9.915994 3.647970
5.806315 0.627222 9.158744 -4.950489 18.611811 -2.205618 -3.880423 4.723043 9.904077 3.718217
3.301709 1.588208 8.261500 -8.542522 7.339226 4.267378 1.702347 5.228497 17.640625 3.775002
0.963394 3.701187 3.475943 -13.482250 3.605858 7.323753 6.210814 -0.107283 21.994125 5.259399
4.631492 1.486890 4.840508 -7.944074 17.289303 0.552794 -0.891338 0.497963 11.156499 2.917844
-1.664956 6.975881 -0.797837 -21.746286 2.651944 12.633429 13.872162 -5.360013 30.542801 7.382346
1.594817 4.292478 1.397063 -14.506939 9.926897 6.243181 5.933594 -2.890331 20.999067 5.408310
0.361350 5.138072 0.840346 -17.841112 5.511842 9.321732 9.793619 -3.721493 25.846951 6.253208
4.035798 2.293100 3.830275 -10.725283 14.759702 2.750702 1.555103 -0.510468 16.239853 4.162234
3.901890 2.471919 2.930723 -10.707792 18.359449 1.511862 0.257559 -1.612951 14.091104 4.130229
5.935066 0.405842 9.735505 -4.625349 18.378622 -1.755664 -3.381453 5.128962 9.974167 3.891521
3.183656 1.016992 9.197724 -8.122909 7.143695 4.055108 1.910107 5.582214 17.469494 4.158246
3.155756 1.713348 6.788876 -10.198156 8.229435 4.263852 2.741107 3.360265 18.431892 4.027642
5.742684 0.596888 9.930589 -4.391658 15.863367 -1.126417 -2.790455 5.637991 10.624348 3.818392
3.881430 2.194481 2.984178 -10.979744 16.462420 2.526147 1.449375 -1.311574 14.646642 3.926803
-0.332381 5.740070 -0.089718 -19.093952 5.733221 10.086029 10.682164 -4.689231 26.627895 6.594389
6.143000 0.277425 9.480971 -4.947414 19.046049 -2.097299 -3.658753 4.814312 9.835717 3.827596
6.336229 0.366057 9.471868 -5.572618 19.171778 -1.845883 -3.431162 4.595360 10.112864 3.496635
-1.294086 6.364629 -0.168085 -20.580256 1.825578 11.775360 13.067245 -4.736182 29.687298 7.212422
5.916258 0.331438 9.275752 -5.010273 18.253624 -2.078187 -3.708730 4.786046 9.750232 3.707010
1.266607 3.467751 3.560863 -13.360146 5.029058 6.849975 6.393370 -0.655146 21.760641 5.011046
-1.493197 6.688872 -0.706519 -21.460297 3.075937 12.176092 13.456208 -5.324356 30.136192 7.267684
5.731102 0.145447 9.397655 -6.026892 16.678797 -0.976053 -2.840997 5.554660 11.877903 3.990230
-1.354377 6.559312 -0.730886 -21.059618 4.189622 11.648273 12.637500 -5.441758 29.210083 7.131424
-1.095191 6.477234 -0.311257 -20.635103 3.428597 11.671633 12.568669 -4.836176 29.133314 7.185091
4.829247 0.744456 8.166249 -6.485964 15.353924 -0.028678 -1.989977 4.161412 12.123799 3.482462
1.516213 4.353543 3.156751 -13.475072 5.311489 6.245617 5.795363 -1.019685 20.550415 5.335211
4.781395 1.465647 6.277608 -7.827936 17.946629 -0.504565 -2.081924 1.994298 12.373441 3.728602
1.802588 4.097159 2.164892 -14.461243 10.676482 6.100788 5.843028 -2.370180 20.869244 5.367585
-0.036919 5.300033 1.175887 -17.502707 4.115044 9.453832 9.954906 -3.452505 25.964058 6.180053
5.969800 0.484594 9.570391 -4.877976 18.217848 -1.356153 -3.085591 5.035530 10.177979 3.887512
-0.716533 5.959409 -0.053476 -19.698828 3.255489 10.986578 12.006521 -4.644412 28.250874 6.900890
3.148422 2.763262 2.238947 -11.409780 15.110174 2.973521 1.477065 -1.800785 15.251922 4.181048
1.548839 4.301173 1.731450 -15.072147 9.316710 6.511136 6.209275 -2.720421 21.555365 5.270416
3.867492 1.466418 6.868398 -9.793756 8.872667 4.529122 2.771635 2.981061 17.949787 3.470726
1.609848 4.216992 1.671143 -14.399553 10.269368 6.176455 5.343217 -2.707835 20.359287 5.243928
0.677121 4.716807 1.815510 -15.863053 3.991456 8.740788 8.599947 -2.513162 24.307293 5.953850
-0.950122 5.936424 -0.049492 -19.407312 1.846027 11.033164 12.258805 -4.411706 28.318932 6.892396
4.688999 1.843489 4.965790 -9.842905 17.947849 1.051016 -0.504284 0.581323 14.273080 4.048090
1.918085 3.938336 1.808281 -14.911496 10.875028 6.256328 5.949561 -2.681555 21.143085 5.160328
0.348061 5.742986 0.558457 -17.669445 8.917765 9.006111 9.187613 -4.046300 24.317846 6.191652
6.265200 0.302666 10.329715 -4.681682 18.152472 -2.060021 -3.742287 5.762654 10.273862 3.713376
6.057797 0.867632 9.104909 -4.722341 17.796721 -2.031673 -3.396355 4.533217 9.571658 3.814458
2.510068 2.999959 3.535606 -12.168627 9.143723 5.350767 4.323009 -0.448157 18.857578 4.267077
-1.637078 6.696646 -0.787641 -21.334114 2.484108 12.130697 13.428373 -5.465090 30.095791 7.354062
3.059509 2.962182 3.027134 -11.728749 14.031248 3.713601 2.551755 -1.462273 17.129879 4.614855
6.129711 0.511166 9.812020 -4.983712 18.355806 -2.013829 -3.614722 5.451163 10.411273 3.582913
6.098766 0.382731 9.601750 -4.731772 18.464304 -1.887105 -3.595209 5.316162 9.944467 3.699872
4.597576 2.272610 4.065195 -10.023267 17.858862 1.046064 -0.468834 -0.240988 13.979160 3.957991
2.671544 3.207133 2.378510 -12.188127 14.534489 3.531931 2.657206 -2.052258 16.852570 4.727607
3.141713 2.025818 7.194725 -9.431826 6.884033 4.891987 2.989745 3.697772 17.938087 3.653556
4.054708 2.144122 3.749373 -11.515196 14.621849 2.923814 1.962734 -0.577376 16.692051 4.139746
3.926260 2.360726 3.907250 -10.147682 15.091295 2.617524 0.869718 -0.103910 15.007698 4.097952
6.194346 0.534255 9.689814 -4.748947 18.719807 -1.817667 -3.514815 5.124134 9.910556 3.961409
5.768416 0.268914 8.908332 -5.211083 18.645483 -1.688980 -3.452037 4.383618 9.978026 3.706881
3.937158 2.293179 3.495945 -11.270668 15.479797 2.815794 1.544779 -0.852189 16.163258 4.230204
3.629458 1.358863 7.934954 -9.149311 7.886242 4.256527 2.187566 4.348929 18.162430 3.972090
3.919679 2.356687 3.458693 -11.235970 15.289513 2.748168 1.558716 -0.853398 16.183231 4.248434
