-18.526051 -2.353665 -6.534735 14.003942 3.752926 -2.384007 -0.650895 -1.411255 3.974404 10.486537
-5.336459 10.274375 -7.397532 9.034331 -3.025616 4.803900 14.068069 -11.332893 8.923123 2.459760
6.302877 13.447859 -14.364289 5.355335 5.139826 13.944866 20.601852 -17.430882 14.911200 14.581926
-14.766662 2.154775 -6.874185 -0.312143 10.323393 -3.012207 9.299928 -8.777096 9.599653 12.133012
-0.955949 11.561703 -11.647981 -1.889391 8.769014 9.483413 22.350889 -21.321089 18.070742 14.788692
19.346825 19.239180 -11.880045 -6.903636 7.031453 16.662279 24.702646 -23.818743 19.313847 13.247742
-5.568118 9.498115 -4.900938 -4.843798 4.083230 4.506908 17.678862 -17.305429 14.428067 -2.721151
-9.486593 1.865142 -10.906402 11.628550 7.880355 7.239306 8.241796 -7.339968 7.627831 10.284510
8.255095 13.205544 -10.941882 -7.695225 21.570053 7.726526 18.890785 -15.146908 12.835295 12.749623
-6.653700 7.996923 -8.265481 1.821781 5.561061 5.360475 17.206366 -15.408558 12.954032 2.754357
-20.804226 -1.593943 -4.881922 12.614585 2.895604 -3.181837 2.497033 -3.082034 5.222737 3.981342
-15.224527 -1.344329 -9.848412 10.252884 14.917559 1.222944 2.456641 -1.865543 5.155592 9.175588
-7.824730 4.688575 -11.165038 13.187783 -1.827348 10.005954 8.699718 -11.064755 9.652817 13.685798
4.760848 11.382866 -6.392650 -8.275927 9.815416 10.674971 19.753555 -20.280800 16.776655 -3.215277
-10.605998 5.389375 -5.657717 5.830439 -2.832853 4.321860 10.316211 -11.186580 8.922015 3.969979
-13.834478 2.073641 -5.933316 12.479832 -7.461344 7.109387 6.463904 -9.820832 8.010772 2.340082
7.760815 7.372314 -11.877288 2.948029 8.378837 16.167923 13.793282 -13.345785 13.614043 10.325331
9.017583 15.253780 -13.896394 0.490127 10.249412 11.176105 19.163546 -15.761013 13.017846 17.154184
4.253268 15.224606 -6.301034 -4.502250 3.351172 6.629283 21.521498 -19.765591 14.383410 1.181116
-16.435017 -5.667121 -14.153015 21.561947 10.058405 7.714056 -4.084563 0.346473 4.741003 31.525400
-5.687752 6.330780 -12.553500 12.590563 -6.664579 9.202659 12.128139 -12.876624 11.506971 20.286940
-10.645414 6.624946 -5.775503 3.079209 0.621782 3.505116 13.782844 -14.152217 11.442739 1.162136
8.345358 13.448439 -13.927047 4.998446 1.217218 13.447193 19.495825 -17.771255 14.452843 19.847445
-18.230673 -2.670507 -8.006527 13.810780 8.638474 -1.263191 -0.930149 -0.646147 4.140524 11.828681
-17.369247 -3.075472 -9.101720 16.088028 6.114982 2.467142 0.505994 -1.760251 4.443630 11.644008
9.910379 11.907198 -5.953160 -0.919636 -0.863776 14.752302 14.424953 -16.725693 13.123540 -2.521283
-5.300193 7.782288 -9.829162 7.932941 -6.119054 8.260292 12.139812 -13.882292 11.459874 12.172582
-30.955606 0.760420 2.708616 5.094397 -4.033074 -17.690252 8.642282 -7.524407 7.484914 -6.509139
-5.101102 9.087419 -4.325174 -0.821894 -6.059209 5.937832 14.667616 -18.161196 13.322764 0.498290
16.855331 19.960329 -10.478760 -8.603894 12.099500 14.512196 26.196693 -23.511169 19.027487 5.741505
-13.299309 2.739163 -10.526705 11.264420 5.119163 1.396385 9.528397 -8.162997 7.922381 15.741792
-4.720547 9.130938 -10.421245 5.427866 -3.545670 7.159568 16.839088 -16.530937 13.358324 16.006514
15.158012 16.278797 -8.607425 -8.842545 0.409281 15.145343 22.005039 -24.042149 18.871229 8.335507
12.652102 17.221075 -10.778895 -3.656353 11.033146 8.505353 17.631695 -13.940951 10.713307 12.305087
5.053724 10.037683 -5.031449 -8.262974 16.952501 5.130931 11.133417 -8.430663 8.454433 -0.842499
-4.820687 7.661878 -6.825824 4.094091 2.785898 5.494761 13.563528 -12.145459 9.562211 1.148124
-3.440074 3.054787 -15.270892 7.661958 29.753994 5.833924 10.083748 -3.729132 7.345810 15.576912
-5.824030 -4.274962 -11.931731 13.838079 8.156240 11.726804 -4.009916 -1.124365 4.970428 26.004517
-18.496372 -0.415377 -5.649850 10.979315 1.470993 -2.959468 2.878198 -3.532586 5.174508 9.576202
13.709501 16.642843 -8.544745 -6.488078 0.422544 14.164466 22.350687 -22.867298 17.688463 6.358139
0.424732 5.719648 -8.991785 4.891468 5.268916 7.703666 9.981326 -9.498644 8.125571 6.134584
-7.387709 3.914627 -0.944730 -2.854680 1.321037 -3.279706 3.309119 -5.508111 5.743580 -0.620126
-13.107663 4.505987 -6.307828 10.878834 -13.806432 3.058738 8.922769 -11.711874 8.647994 10.526862
-10.986123 6.606337 -3.919619 9.675152 -11.738290 3.377889 10.933469 -11.995225 8.524112 -1.099982
-6.970979 9.469829 -4.841287 3.410719 -5.922799 6.996128 14.476961 -14.872405 11.936518 -3.019005
2.632101 7.589375 -9.478334 2.699903 -4.366527 12.709785 12.264731 -16.378937 12.896510 14.290905
17.010962 14.177948 -10.138383 0.862284 0.916971 16.858454 16.802874 -16.042580 13.364936 6.593263
-11.326002 -1.560648 -4.920892 6.445009 7.750206 1.765117 -1.527090 -1.518641 5.633288 6.222422
7.039989 2.773014 -12.034734 0.207024 6.478685 15.396502 7.782693 -13.151940 12.987439 24.245167
-8.273452 4.720085 -6.558785 12.561338 -13.301291 5.724269 7.453372 -10.000330 7.202341 8.086396
12.707644 18.730883 -7.881513 -4.647098 -1.279634 12.495114 22.729330 -21.601686 16.590622 3.038730
-15.322333 -2.082570 -5.770922 13.454769 1.894888 0.721139 -0.033144 -1.823866 3.814392 7.652263
0.581418 10.513241 -11.282850 1.547695 1.015283 9.084507 18.191294 -17.709288 14.709209 12.959672
-7.228316 4.157348 -3.965921 -2.458463 11.613592 0.068716 6.231668 -6.298063 6.860824 1.866945
-9.126104 1.803542 -4.730692 4.396155 6.708514 3.596297 4.036585 -4.259539 5.697487 -1.075567
-13.218504 4.256648 -5.658384 11.634728 -11.455893 2.974081 8.769169 -10.566266 7.513475 5.836976
-10.976119 0.378857 -11.033695 9.447850 15.577000 4.113255 4.346989 -3.473843 5.953517 12.202051
-11.690262 1.626768 -6.387385 7.647416 5.205778 3.578519 5.769521 -6.423172 7.115026 2.867186
-10.771692 2.900598 -4.497417 5.754735 3.039594 0.541674 6.315816 -6.217151 5.687492 2.349529
2.599223 8.510015 -10.830966 6.919380 1.853346 11.690723 12.556305 -12.173099 10.434056 9.756020
7.372422 8.200813 -8.875954 2.471651 9.451863 7.944623 7.902821 -5.262322 4.895837 8.185198
9.399085 8.819925 -4.918670 -0.646611 -5.429495 12.845020 9.415801 -13.095372 10.504252 1.435673
14.049280 14.732642 -7.416654 -10.761101 10.580805 15.010148 22.208206 -22.780151 18.839447 -2.723848
1.371423 10.415714 -8.005976 1.143493 4.020333 7.543288 15.957300 -15.266859 11.601638 6.279089
5.263832 15.114043 -5.702463 -2.369641 -5.551493 10.405117 19.756056 -20.576227 14.785341 -2.956122
15.995117 19.299517 -5.315672 -10.751620 2.693125 15.191914 25.833227 -26.459270 19.814611 -6.771152
-17.468573 -2.979482 -5.890454 14.434874 1.890709 1.019910 -0.634690 -1.249222 3.833800 7.110263
-0.220504 10.031559 -3.907764 -9.323350 10.873537 5.395379 16.672319 -17.065887 14.089173 -4.483560
