37.434925 -3.735397 107.044304 2.133174 59.910164 -17.850491 137.649460 31.767128 17.059673 24.907560
12.230316 2.424207 66.316238 3.896826 38.902351 5.681795 78.537910 21.982189 8.980902 23.146528
102.604439 -24.153353 168.048920 -21.777161 85.196014 -78.501236 236.561844 65.140701 48.281925 15.774092
34.886749 -3.423336 99.250443 -0.783193 56.073666 -12.805327 127.723068 33.299789 18.740376 24.443655
25.479931 -1.197296 84.591614 1.692651 47.364239 -7.234756 105.487068 27.736496 13.950551 21.793322
-6.014792 10.925258 41.362667 10.427941 29.346592 23.600630 43.605587 10.263870 -2.206012 25.663984
-6.745211 11.743263 38.586758 8.991576 27.771597 24.724512 39.658714 10.000865 -2.639638 25.166553
27.638407 -0.145562 95.051132 4.070256 54.516018 -7.640361 118.380455 28.795528 14.300336 25.189352
-7.273152 11.705491 36.277264 9.853360 28.160002 23.558954 38.340927 8.024853 -3.739337 24.261995
105.081024 -26.159903 169.594894 -24.121813 84.575569 -80.092278 239.101028 68.278671 50.315353 14.847176
3.844770 7.154763 59.332706 10.785360 37.804081 14.940155 68.752602 15.043949 3.308461 26.212290
-4.662292 10.926308 46.471390 12.028690 32.428596 22.614548 50.180279 10.112492 -1.814767 26.752672
75.970360 -16.234688 143.826965 -12.175796 74.382034 -51.349308 198.130341 53.483604 36.969341 19.244452
-7.843388 11.453544 34.249928 9.221723 26.517105 24.032784 35.284134 7.849967 -3.278756 24.009867
-7.017969 11.643697 37.411942 9.702469 27.630863 25.264555 39.234547 9.611123 -2.838153 25.209879
-5.834880 11.296838 43.036892 10.897676 30.906124 23.042906 45.570465 10.220539 -2.206000 26.073853
61.232891 -11.648444 132.494598 -5.308590 71.547104 -39.564617 177.575104 43.468494 27.329262 22.493109
-7.019972 12.003559 39.606983 10.336664 29.223820 25.193201 40.975540 9.682920 -3.222081 26.193045
103.672905 -24.558203 169.741974 -22.341982 85.637970 -79.241661 238.634827 66.115631 48.963470 15.783916
16.449265 3.705439 79.477005 7.813813 47.691654 3.062613 97.187431 22.314144 8.323818 26.237741
69.497688 -14.017459 136.103912 -10.933585 71.692780 -46.153519 185.661530 50.311558 33.738369 19.423990
-0.928388 9.728633 53.527996 12.066144 35.843533 19.662754 59.562164 12.299959 0.002769 26.793247
-1.785325 10.005037 54.530041 12.525807 36.440819 20.096212 60.745060 12.548796 0.023702 27.890642
-7.566078 11.931865 35.749527 8.937656 27.494904 24.994108 36.680576 8.375066 -3.570804 24.949762
-6.778373 11.590425 38.734390 9.370036 28.663740 24.994133 40.052113 9.601760 -2.940566 25.752140
-0.109776 8.672706 55.292698 10.814397 36.227604 18.388783 60.989674 13.638680 1.376711 26.658030
-6.369936 11.709335 37.742489 9.328469 27.935884 24.408863 39.061565 9.441467 -2.956017 24.821714
0.560432 8.752699 55.714542 10.818763 36.213261 17.277426 62.051395 13.200653 1.500735 26.430374
104.510963 -26.333233 167.905411 -25.784454 83.195755 -79.440926 237.074615 69.898346 51.936230 13.375056
-6.799206 11.737593 38.280323 9.783703 28.258148 24.916563 39.563320 9.380132 -3.078654 25.411673
-7.564229 12.041085 37.374302 9.700290 27.978994 24.538780 38.125950 8.760450 -3.454478 25.273005
101.938759 -23.797070 168.056183 -20.687679 85.658653 -78.268456 236.829498 64.037781 47.107670 16.232660
-7.721255 12.222466 37.873608 9.884886 28.307764 24.989504 38.582180 8.762520 -3.626343 25.604918
38.984882 -3.768425 105.138374 0.821146 58.745483 -18.422346 136.447235 33.672272 18.432932 23.427454
104.569481 -25.515495 169.679749 -23.674114 84.901009 -79.561897 238.912903 67.898422 50.505798 14.881472
-5.892698 11.465144 40.107235 10.370201 29.238848 23.626131 42.638794 9.469757 -2.679488 25.049786
103.554604 -24.955187 168.336334 -22.874199 84.435623 -78.771004 237.208130 67.180389 49.697750 15.041259
103.543419 -25.839111 168.483871 -24.044338 84.090218 -78.887817 237.622620 68.210648 50.196449 14.707515
-7.580192 12.467423 38.257576 10.060205 28.545212 25.639732 39.530304 9.449967 -3.594193 25.914703
67.694458 -14.630124 133.419739 -10.839022 69.286743 -44.193481 181.430527 50.161880 32.531944 20.532652
-2.819231 9.700747 50.843929 10.821980 34.286739 20.912447 54.978436 12.147074 -0.158652 26.664293
60.145542 -10.696467 131.271027 -5.716384 70.767822 -36.688782 176.941681 45.614277 28.204853 22.545065
93.510384 -21.870050 161.361572 -16.918303 82.821747 -69.485283 225.430939 60.859001 43.150227 17.916384
-7.709707 12.007010 35.540585 9.193736 27.033615 25.018135 36.509708 8.948670 -3.301019 25.225754
103.422142 -25.382040 167.949432 -23.329754 84.551552 -79.024361 237.271057 66.939682 49.397236 14.812718
-4.526135 10.886573 46.815292 11.719473 33.004120 23.079931 50.499500 10.429619 -1.558414 26.944754
-7.336014 11.632512 35.260403 9.430091 26.765381 23.864824 36.866341 8.514468 -3.470206 23.772545
34.243359 -2.893086 98.486580 2.702240 55.621578 -13.981530 127.148918 30.803318 16.133278 24.290800
-6.840024 11.490689 41.029507 10.630548 29.348679 24.485512 42.781403 10.041964 -2.640474 26.134497
76.429054 -17.834270 140.910812 -13.222222 72.854050 -53.625732 194.017212 52.879215 36.333359 19.262629
65.117851 -13.438259 134.533142 -9.141683 71.384888 -42.628967 181.164337 46.797985 30.493956 21.102375
73.387093 -15.056048 137.711624 -12.486323 71.600082 -50.092045 189.679138 52.732132 36.221951 17.944185
-7.860973 12.116662 39.608532 10.882321 29.342258 24.897905 40.775131 8.753658 -3.533885 25.989138
56.971359 -9.141688 125.771301 -6.089082 67.793777 -34.125031 168.145798 43.716209 27.912010 21.342894
102.355789 -24.165289 167.496567 -22.706715 84.462524 -77.772621 235.869995 66.809654 49.601757 14.652677
-6.463255 11.356889 38.219715 10.336000 28.529558 24.470060 40.310268 9.187044 -3.141759 25.070017
-8.021014 12.174507 39.738640 10.648305 29.449797 25.517698 40.650661 8.906963 -3.523755 26.566744
35.379341 -3.418190 97.868492 0.027548 54.321053 -15.198982 125.711571 32.718719 18.025421 22.161837
103.100838 -24.660482 168.524414 -21.934956 84.793289 -78.950615 236.969452 65.648010 48.259712 15.797542
13.855167 4.697280 75.662575 8.781882 45.812286 5.249363 91.424965 20.279024 6.867445 26.531757
-7.658280 12.101571 36.236019 9.258983 27.291653 24.494257 36.840149 8.709179 -3.541600 24.922346
-7.083543 11.574246 34.800919 9.231273 27.019604 24.030230 36.371208 8.186695 -3.573676 23.928328
-7.015841 11.558299 42.532368 11.383143 30.525829 25.190960 44.916691 10.024851 -2.774512 26.726946
-0.380786 8.913724 55.213276 11.602380 36.360153 17.415455 62.548199 13.830807 1.165199 26.070045
-1.003191 9.020164 56.602604 11.748538 37.230648 20.008970 62.271507 12.160733 0.580315 28.109533
26.310658 0.193321 92.821060 4.076246 53.474850 -6.524137 115.462303 27.630280 13.338056 25.126802
0.966138 8.590052 57.954178 10.705153 36.847950 16.982174 64.241081 14.750971 1.615830 26.491045
-7.521947 12.233086 37.052212 10.022573 28.084923 25.378042 38.537739 8.920246 -3.701370 25.360876
-7.993897 12.474694 38.717152 10.607872 29.089676 25.362705 39.641678 8.897315 -3.800686 26.096296
12.230202 5.734842 80.804466 11.517614 49.598034 7.132104 95.495621 19.350046 5.942508 29.178097
1.704772 8.236958 59.393497 11.842324 38.652496 16.431875 67.000320 12.386175 1.324682 27.761484
12.678977 4.526196 75.186859 8.620063 44.974922 5.278753 89.745270 19.152433 6.866405 26.427145
