2.355488 2.787177 -5.681286 3.138658 -2.719295 -6.592108 2.999849 -5.073303 -3.474708 -0.727655
2.407544 2.773831 -5.521614 2.939047 -2.595222 -6.581492 2.885168 -4.971033 -3.380371 -0.592850
0.734827 16.380289 -11.311472 10.829746 -30.499233 1.693518 9.270967 -7.081602 -17.449501 -7.570390
0.783251 16.075415 -11.100336 10.764425 -29.945984 1.615219 9.152050 -6.912851 -17.202812 -7.424819
0.701195 16.458450 -11.385990 11.122191 -31.018230 1.831302 9.569199 -7.153432 -17.645193 -7.618905
2.315654 2.923319 -5.897905 3.098059 -2.799830 -6.584924 3.117646 -5.104676 -3.535452 -0.876010
0.771881 17.065889 -11.843729 11.483021 -32.318562 1.863032 9.894949 -7.381044 -18.407665 -7.663936
1.073967 12.472190 -9.033442 8.771502 -22.541740 0.665545 6.745104 -6.064991 -13.827167 -6.167537
2.163735 4.268258 -5.715171 3.799972 -5.908930 -4.482316 2.662318 -5.043488 -4.680925 -1.819803
0.982804 13.145593 -9.615242 8.907621 -22.904530 0.553452 7.058393 -6.163721 -14.003119 -6.531263
2.261016 2.821103 -5.860140 2.867519 -2.424716 -6.513712 3.115926 -5.251760 -3.401850 -0.809418
0.700428 16.823868 -11.708954 11.062610 -31.354378 1.688172 9.579909 -7.270803 -17.845501 -7.605919
0.886622 13.166336 -9.464615 9.212685 -23.770594 1.080825 7.214684 -6.204994 -14.300766 -6.838286
1.230885 11.964453 -8.909931 8.409709 -21.295214 0.607532 6.369139 -6.052798 -13.251794 -6.405262
2.219406 2.768046 -5.535747 2.777463 -2.556248 -6.376643 2.898854 -5.018405 -3.326642 -0.707344
1.315067 11.483436 -8.968819 7.531815 -19.135674 -0.342884 5.782424 -5.925836 -12.129357 -5.825691
0.695765 17.736710 -12.298220 11.661113 -33.666142 2.021865 10.382256 -7.618498 -18.921440 -7.801152
0.675751 18.250446 -12.621691 11.866961 -34.749588 2.088286 10.735847 -7.764828 -19.433640 -7.827769
2.311786 2.834462 -5.815897 3.056929 -2.711653 -6.499066 3.005921 -5.099618 -3.497271 -0.871729
0.864268 15.071057 -10.474770 10.133944 -27.666611 1.431809 8.382717 -6.616532 -16.150394 -7.246323
2.273190 2.886587 -5.700071 3.084169 -2.933676 -6.270733 2.925694 -4.944485 -3.499474 -0.914859
0.660097 18.306288 -12.642227 11.904577 -34.879700 2.084178 10.793556 -7.784675 -19.454880 -7.812631
0.697764 17.962379 -12.413519 11.850707 -34.294605 2.028348 10.575964 -7.681203 -19.263226 -7.696332
2.184021 2.852010 -5.578618 3.193912 -2.887320 -6.234415 2.851501 -4.887426 -3.394126 -0.871175
2.313760 2.866190 -5.826750 3.166542 -2.671024 -6.588050 3.050012 -5.169703 -3.483363 -0.824224
0.732027 16.710405 -11.571368 11.297174 -31.543741 1.789295 9.672011 -7.210386 -18.064190 -7.543355
0.747970 16.702595 -11.611671 10.962919 -31.074245 1.762441 9.440113 -7.265533 -17.720280 -7.766883
2.151047 2.828976 -5.595598 3.153570 -2.926073 -6.147079 2.874598 -4.877614 -3.439846 -0.971173
2.345146 5.391127 -6.257730 4.492556 -7.454503 -4.231576 3.278096 -5.113750 -5.691865 -2.286273
2.300329 2.975398 -5.832011 3.180296 -2.976211 -6.499788 2.993361 -5.025451 -3.584781 -0.928271
1.356297 9.387242 -7.918545 6.684802 -16.038469 -0.871358 5.021608 -5.793830 -10.273397 -5.088846
2.115574 3.267022 -5.633808 3.670568 -3.874972 -5.850339 3.142702 -5.012425 -3.873259 -1.204942
0.654667 18.589104 -12.848553 12.082066 -35.520844 2.111050 11.036652 -7.890439 -19.770897 -7.806172
2.011349 3.215953 -5.825450 3.547742 -3.632538 -5.763375 3.296872 -4.884137 -3.808284 -1.265501
0.690829 17.451296 -12.104546 11.723913 -33.303337 1.963807 10.317896 -7.494722 -18.803995 -7.623183
2.207554 3.097637 -5.944942 3.418724 -3.167644 -6.266125 3.128356 -5.002848 -3.669882 -1.031358
2.370720 2.856403 -5.710089 2.965498 -2.716892 -6.452586 2.848435 -4.995134 -3.398935 -0.793419
1.706907 3.140369 -5.483016 2.971743 -3.681102 -4.874087 3.046669 -4.804958 -3.822670 -1.516329
2.266332 2.937706 -5.841541 3.091557 -2.906218 -6.534983 3.033143 -5.119560 -3.580803 -0.873345
2.195032 7.169120 -6.938574 5.212384 -11.323480 -2.662743 4.071023 -5.373057 -8.324790 -3.553552
2.162456 2.829920 -5.450763 3.506132 -2.901465 -6.328214 3.165753 -4.894264 -3.597753 -0.732784
2.115688 3.485692 -5.829805 3.406642 -4.086297 -5.753748 3.037958 -5.128793 -4.070396 -1.295077
2.258860 2.868823 -5.766199 3.477730 -2.846863 -6.554220 3.300654 -5.010495 -3.614169 -0.803160
2.232353 2.941754 -5.424387 2.875025 -3.072972 -5.926782 2.576784 -4.699680 -3.340874 -0.824879
0.919460 14.476659 -10.300205 9.607266 -25.881424 1.165037 7.823020 -6.604063 -15.291062 -7.204505
2.202225 2.947081 -5.728564 3.279287 -3.085561 -6.414620 2.982991 -5.023636 -3.615068 -0.955964
0.663059 18.271343 -12.627503 11.901302 -34.822987 2.088972 10.771872 -7.775446 -19.459442 -7.812569
0.761100 14.498217 -10.097707 10.646614 -27.885147 1.594203 8.672896 -6.337916 -16.329269 -6.812542
0.790767 14.044264 -9.834700 9.181253 -24.945473 1.043094 7.913609 -6.275142 -14.620612 -7.023550
1.522979 5.348264 -6.595188 4.643996 -8.093646 -3.592099 3.906644 -5.344726 -5.983197 -2.771145
1.975955 3.470057 -5.831829 3.628577 -4.289915 -5.489886 2.984616 -5.168198 -4.100023 -1.463892
2.149103 2.815562 -5.794985 3.100082 -2.642111 -6.518020 3.319753 -5.211933 -3.520719 -0.816930
1.104338 12.830062 -9.290237 8.802949 -22.895330 0.810241 6.963530 -6.049808 -13.996253 -6.562954
0.738196 17.487942 -12.077909 11.616026 -33.205166 1.934660 10.162930 -7.492711 -18.791264 -7.743664
2.315767 2.910044 -5.460474 3.149386 -2.974590 -6.299604 2.734116 -4.769480 -3.452168 -0.753906
2.089652 2.784128 -5.589556 2.949863 -2.639179 -6.229699 2.965613 -5.147864 -3.361517 -0.876140
1.841805 6.407230 -6.825200 5.134819 -9.777692 -3.070858 3.621330 -5.421039 -6.829757 -3.284078
1.515103 10.234540 -8.190627 7.154152 -17.315933 -0.602275 5.559534 -5.792181 -11.278893 -5.395676
0.684634 17.333004 -11.969908 11.420424 -32.730091 1.929607 10.090172 -7.440891 -18.486629 -7.727194
2.236927 2.852314 -5.404135 2.856426 -2.775004 -6.173616 2.710100 -4.832095 -3.349355 -0.751856
1.732837 9.018234 -7.502095 6.573926 -15.919417 -1.020983 5.093698 -5.608117 -10.727265 -4.835047
0.618881 15.297631 -10.616932 10.801244 -28.903656 1.676401 9.083968 -6.726580 -16.724586 -7.205778
0.645584 18.544168 -12.804178 12.072506 -35.428894 2.106722 10.995402 -7.865336 -19.726339 -7.797398
0.635691 18.366411 -12.676516 12.009196 -35.096638 2.116846 10.903982 -7.795156 -19.563869 -7.787365
0.661426 18.390312 -12.706973 11.932318 -35.035412 2.122719 10.887359 -7.810059 -19.517323 -7.828298
1.769699 10.132218 -8.028451 7.144481 -17.703249 -0.446339 5.520492 -5.512392 -11.874601 -5.227423
2.118513 3.072065 -5.601032 2.913231 -3.163906 -6.092475 3.143273 -4.991774 -3.730699 -0.906939
2.188255 2.828238 -5.893851 3.129907 -2.646596 -6.571531 3.273084 -5.168317 -3.561069 -0.846230
