45.494007 16.490799 19.538839 31.227587 28.761066 10.862652 6.223783 -26.128971 -8.750436 -15.188655
52.466488 17.726620 21.420923 36.226810 27.339252 10.697969 5.124013 -29.676012 -7.809515 -15.798331
54.662937 17.792480 19.596622 37.507641 33.601475 10.156162 8.376273 -32.736309 -7.035763 -13.708432
36.285065 14.497469 12.941798 25.111296 19.442247 8.865742 4.868085 -21.701021 -5.355536 -8.311980
53.256287 17.841415 23.273474 37.267254 25.716751 11.557718 3.243587 -28.667286 -8.071031 -16.211868
54.735737 19.923285 24.437534 37.961906 30.236652 12.861525 5.368392 -30.595919 -9.948798 -18.009243
48.759014 17.590000 21.169975 33.535576 28.838406 11.441912 5.385611 -27.404013 -9.174632 -15.957309
44.273781 14.027295 19.565971 31.549057 18.148384 9.785523 1.354063 -25.055515 -6.409667 -13.540112
51.494843 18.637871 22.631258 35.891079 27.851805 12.097799 4.127984 -28.420755 -8.778143 -15.651481
53.133717 18.691977 23.623596 36.820541 26.756760 12.079973 3.906055 -28.320793 -8.798909 -16.566227
50.225681 17.543550 20.987740 34.563992 27.977171 10.963835 5.180374 -28.446280 -8.187392 -15.281363
48.710049 16.879490 21.644932 34.096001 24.559536 10.855846 3.896986 -26.710527 -7.942466 -15.645890
45.069099 16.834133 19.938507 31.253220 26.676453 10.961534 5.132731 -25.331276 -8.507581 -15.018765
45.165417 16.047674 20.026575 31.357847 23.950928 10.694084 3.857313 -25.219597 -7.874896 -14.653529
52.025837 17.200703 22.608906 35.923355 26.563309 10.411207 4.856850 -28.665060 -7.796683 -16.609760
51.602379 18.084719 21.290981 35.556328 27.271692 11.096661 5.044438 -29.030458 -8.207405 -15.545808
50.488483 17.131731 21.830738 35.101341 26.122055 10.666195 4.621456 -27.536192 -8.031455 -16.273069
40.966442 14.538298 19.064430 28.596663 22.064049 10.133338 4.144556 -23.349155 -7.582584 -14.316148
49.247829 17.073879 20.467241 33.939674 29.059566 10.911596 5.697015 -28.227415 -8.560323 -15.454425
48.526272 15.634116 20.813454 33.875469 24.163677 9.948218 3.578676 -26.803596 -7.052098 -15.221381
53.628983 18.119127 22.720272 37.205952 26.882954 11.380222 4.542302 -30.107134 -8.230191 -16.434036
48.542622 15.658669 21.792955 33.821487 23.014236 10.791520 2.959537 -26.657213 -7.717550 -15.401792
49.517437 17.613747 20.827965 33.922958 28.628057 11.216763 5.836781 -28.503565 -8.985647 -15.953038
50.167561 17.905964 20.458361 34.458828 27.663126 11.215378 5.177317 -28.465153 -8.485957 -15.104188
46.201931 17.831821 20.312180 31.671967 30.302208 11.684765 6.708456 -26.681417 -9.858621 -16.395548
48.114452 17.965839 19.982685 33.130920 27.877050 11.348476 5.818562 -28.099768 -8.499144 -14.550307
40.718090 12.383667 17.645947 28.602005 15.735229 8.348922 1.368803 -22.545544 -5.426390 -11.813661
49.538952 19.008551 21.919975 33.892998 29.218674 11.380348 7.010028 -28.283571 -9.459787 -16.796511
40.863850 13.926966 18.423449 28.539827 20.496452 9.530826 3.386872 -23.414627 -6.949074 -13.706895
45.607426 15.890834 19.558180 31.425827 24.322651 10.167826 4.581266 -25.787457 -7.685891 -14.509030
45.204021 17.123646 19.387524 31.187054 26.111969 10.689474 5.726166 -26.393465 -8.381638 -14.944471
47.205097 16.171902 20.621033 32.823208 25.062845 10.409200 4.155966 -26.157900 -7.897824 -15.244162
38.371517 12.639659 16.028114 26.874269 17.644520 8.301993 2.750962 -22.172918 -5.667849 -11.556180
47.348911 16.241400 20.623720 32.901299 24.528702 10.800797 3.783490 -26.405066 -7.940025 -14.910935
43.863609 15.574730 19.510975 30.161514 24.514328 10.571112 4.195235 -24.374853 -8.111536 -14.359285
48.081333 16.540306 19.609596 33.269505 25.565018 9.990753 4.817198 -27.732359 -7.577696 -14.496432
51.091869 18.522793 22.268623 35.356094 27.611732 11.848380 4.571187 -28.478323 -8.875558 -15.851345
50.152954 17.253418 21.165760 34.479687 25.993679 11.073742 3.952638 -27.643257 -8.067157 -14.877426
49.625271 16.938316 21.346352 34.648483 24.871635 10.887552 3.719150 -27.432333 -7.684035 -15.205340
51.917728 17.831217 22.905983 36.066528 26.629675 11.528168 4.137560 -28.485987 -8.378482 -16.431149
52.253544 18.563824 22.290405 36.057346 28.737501 11.888165 4.907389 -29.075777 -8.863738 -16.035975
48.415745 17.674644 19.976166 33.341072 26.708357 11.238626 4.700870 -27.537203 -8.187570 -14.141400
45.740860 15.822186 20.164932 31.841562 21.924162 10.752687 2.957505 -25.980013 -7.610152 -14.050172
43.239449 16.505629 18.111242 29.676504 25.739090 10.648390 4.964115 -24.317577 -8.276635 -13.407637
47.498096 16.757507 21.147377 33.253796 25.132061 10.893745 4.289160 -26.361349 -8.021594 -15.553640
43.737957 14.867458 18.819748 30.627028 20.784557 9.694214 3.495977 -24.379358 -6.793239 -13.626090
52.663670 20.312943 21.841599 35.815948 34.310497 12.216267 7.921519 -30.361650 -10.177217 -16.689848
40.050774 13.157869 18.168842 28.358139 18.544075 9.553752 1.739776 -22.185490 -6.446000 -12.738122
48.428528 15.755518 20.406235 33.748779 21.582539 10.212952 2.693476 -26.774643 -6.911797 -14.084641
43.156712 15.460596 19.682667 29.817142 25.873856 10.509644 4.682417 -24.397078 -8.408759 -14.762454
47.646034 18.271873 20.383539 32.528606 28.464790 11.545281 6.181167 -27.351740 -9.040217 -15.256627
31.674746 7.446276 13.291164 23.524958 7.100504 5.018412 -1.022335 -19.006914 -2.910613 -7.414396
49.912144 18.638437 21.950661 34.843613 30.430880 12.047310 6.252271 -28.911854 -9.501233 -16.745953
43.051151 16.093218 18.762222 29.308876 27.098782 10.633991 5.747981 -24.638098 -8.580281 -14.346868
41.394249 11.521807 17.774437 29.657007 14.220987 7.951452 0.190418 -23.135765 -4.866872 -11.734345
45.988106 17.144997 19.992203 31.684504 27.232809 11.280048 5.341512 -26.403055 -8.972185 -15.013128
46.539101 18.925106 18.169130 31.194975 30.952423 10.774789 8.137794 -28.026651 -8.964334 -14.418717
46.914318 15.163897 19.786854 32.566525 22.537670 9.625216 3.637447 -25.836731 -6.768246 -14.530984
49.032516 18.897709 19.010967 33.260632 27.902523 10.894049 6.918755 -27.597513 -7.999395 -14.040307
49.047989 17.670763 22.101772 33.703766 29.019955 11.149689 5.905627 -27.021778 -9.177288 -16.826672
46.250164 16.263409 19.949261 31.757812 25.273022 10.522692 4.883474 -25.881077 -8.094119 -14.725766
44.206615 15.790574 18.215460 30.618317 22.607174 10.111327 4.148506 -25.949028 -7.267625 -13.325974
43.855267 15.552324 18.492420 30.524906 24.410650 9.281048 4.980842 -24.095182 -7.179418 -14.105500
51.789608 17.492470 21.350412 35.785744 26.295942 10.496020 4.838548 -28.859194 -7.680304 -15.471311
51.392460 19.527424 22.623386 35.165989 31.399542 12.216834 6.820315 -29.043549 -9.971195 -17.101746
38.740276 13.191282 17.307461 27.177900 18.158623 9.298891 2.353514 -22.414278 -6.518318 -12.286821
47.362431 18.289104 19.698025 32.330799 28.691534 11.474846 6.174243 -28.020815 -9.096957 -14.807767
42.487530 15.587303 19.117928 29.431253 22.335613 10.200229 4.054648 -24.000273 -7.746074 -13.742757
38.391171 12.340278 17.413467 27.330414 16.803257 8.622507 1.660280 -20.810759 -5.853444 -12.252086
38.660961 12.017296 16.434559 27.620035 17.032562 8.497693 1.333893 -21.358374 -5.223159 -11.520719
48.782520 17.570358 20.697107 33.716026 26.059763 11.536755 4.185493 -27.799604 -8.477527 -14.880575
50.967609 18.424982 22.359812 35.251572 28.223164 11.869678 5.247565 -29.118605 -9.135615 -16.534515
