24.736269 3.699768 -3.109512 10.706233 24.367128 5.520892 -2.523284 -3.280073 2.862902 1.169939
26.567297 5.063143 -4.486734 10.851460 26.311604 7.993479 -2.451281 -3.075387 3.015467 2.053034
32.287704 -5.368778 3.993332 17.077038 28.893549 -10.234252 -8.777293 -8.141295 2.103774 -5.529857
19.614422 -5.651175 5.852983 11.324088 17.089214 -11.205053 -7.006974 -6.599597 -0.352274 -5.814957
32.356735 -6.766866 3.819308 17.428289 29.179180 -9.816843 -9.140879 -9.607100 2.045813 -4.598487
30.144133 3.459443 -2.339988 13.199915 29.294262 5.523729 -3.415552 -4.364447 3.123851 0.882846
26.746447 5.600625 -5.961389 11.087800 27.159361 9.257637 -2.409220 -2.190371 2.817661 2.917361
18.189993 -9.445029 11.102323 11.692197 14.152506 -19.416723 -8.805531 -8.808056 -1.679260 -9.360800
29.845720 -5.395342 4.723454 15.579806 26.409447 -10.457486 -7.636952 -7.159511 0.750976 -5.252076
30.090961 5.538903 -5.436993 12.959924 29.638769 7.816409 -3.072305 -2.576903 3.501518 1.889859
21.460459 4.875814 -5.207201 8.147260 21.586105 8.650126 -1.689805 -2.584682 2.820638 2.096895
26.057928 -5.736936 6.457332 13.834343 22.971481 -11.117941 -7.171202 -8.130072 0.279706 -6.129282
18.797853 -8.150870 6.013102 11.387001 15.663726 -13.953070 -7.646130 -9.240050 -1.054308 -7.074249
20.988466 -4.250186 3.927399 11.117108 18.434097 -9.205658 -6.084647 -6.103941 -0.020364 -4.882258
29.910553 5.058582 -5.228837 12.874096 29.504839 7.612093 -3.138725 -2.603771 3.389216 1.707100
31.939707 -4.042126 3.463335 16.474566 28.711691 -8.030449 -7.852328 -7.504404 2.111918 -4.526363
30.674355 -5.955017 4.443142 16.768991 27.938322 -8.570351 -8.398575 -9.104448 2.021721 -5.267625
19.701763 -4.340282 5.215932 10.507174 16.932755 -10.602597 -6.115487 -6.220930 -0.717656 -5.545316
23.547167 -5.725805 3.614172 12.997277 20.980795 -9.920807 -7.301468 -6.882158 -0.155964 -4.983979
30.282709 -2.452101 2.265239 15.135268 28.251734 -4.446098 -6.363525 -7.045939 2.552682 -3.483089
31.967634 -3.698754 2.470526 16.412016 29.066227 -7.151587 -7.680482 -7.314876 2.504904 -4.238917
29.589262 -6.257004 5.564196 15.780736 25.545181 -12.422929 -8.359370 -7.889189 0.948106 -6.357731
24.418779 5.468797 -5.930725 9.644080 24.728872 9.346033 -1.960435 -2.280411 2.763660 3.113520
27.367859 5.301898 -5.640306 11.353057 27.273556 8.227087 -2.661186 -2.514968 3.125599 2.054563
25.222282 5.565338 -5.738565 10.197089 25.558203 9.545784 -1.956476 -1.973763 2.473397 2.302717
22.829556 -1.074080 0.183128 11.141362 21.118267 -3.311988 -4.735331 -3.636205 0.484353 -1.930761
24.174974 -6.585061 6.072791 13.470992 20.685192 -13.976491 -7.908855 -7.767868 0.259947 -7.205099
27.688421 4.934611 -4.164775 11.780530 27.094746 6.938665 -2.431707 -2.566938 2.937288 1.320673
20.943159 -4.413160 3.774003 10.724253 17.868603 -9.677932 -5.694355 -6.165130 0.233845 -5.369726
24.349581 6.261793 -6.925112 9.431138 24.795141 10.381464 -1.906379 -1.545370 2.740818 2.768185
25.084736 -2.134504 3.330478 12.354424 23.066320 -4.721202 -5.665071 -5.920053 0.571460 -3.688272
23.552370 -7.400276 4.260921 13.832110 21.734035 -8.739874 -7.678673 -10.561186 0.142404 -5.126223
23.744455 -6.446579 7.034103 13.383617 20.246254 -13.665871 -7.752568 -7.167234 -0.345887 -7.374357
29.004139 -5.727817 5.593306 15.664006 25.371504 -11.595062 -8.144606 -8.112030 1.478658 -5.883126
25.781385 2.966889 -2.330200 11.216516 25.261061 4.875012 -3.272422 -3.924805 2.335462 0.563194
23.035807 4.338634 -3.905866 9.527745 22.649330 6.491063 -1.918391 -2.126588 2.240140 1.032556
29.220766 -5.698444 4.628550 15.728356 26.151924 -10.476793 -8.632960 -8.111921 0.691923 -5.085598
28.320284 3.703775 -3.541869 12.295333 27.769447 5.749048 -3.071649 -2.994387 3.351807 1.605355
30.197634 -3.752544 2.530300 15.553102 27.565809 -7.150161 -7.258329 -7.179304 2.435963 -4.087529
35.667709 -6.840145 6.181367 19.206282 31.634628 -12.551626 -9.476180 -9.696358 2.170254 -6.664407
29.612556 4.681100 -4.527209 12.772492 29.651075 7.966341 -3.199759 -3.506954 3.429855 2.276489
20.404795 -2.720399 2.165600 10.498913 18.614296 -5.072385 -5.105114 -5.333228 0.854534 -2.680748
23.249073 -5.067482 5.413650 12.447786 20.699127 -10.114965 -6.581019 -6.886491 -0.203261 -5.552743
23.572931 4.277376 -5.003337 10.129438 23.777645 7.643415 -2.108808 -2.857806 2.034328 2.496481
25.976799 -5.778482 5.996296 13.709438 22.166990 -12.666462 -7.470016 -7.672002 -0.021312 -6.682597
24.822779 0.144971 -0.261551 11.856478 23.106598 -0.451258 -4.238857 -4.072261 1.997705 -0.624574
30.104727 3.485623 -3.195923 13.091051 28.956333 4.839046 -3.253713 -3.907869 2.992557 0.207873
20.884287 -4.761457 4.340923 11.179986 17.989210 -10.592617 -6.738689 -6.340525 0.484350 -5.304216
28.384779 3.876881 -3.899907 12.663970 27.743057 5.149763 -3.363226 -3.195165 3.506604 1.165408
21.424597 -4.321470 4.850323 11.224709 18.847790 -9.229589 -6.204781 -6.670123 0.074617 -5.118790
28.497347 2.463751 -2.341042 12.918050 26.984772 2.231741 -3.924039 -3.963144 2.901790 -0.531007
17.758875 -6.122983 7.011451 10.520988 14.191378 -15.169974 -7.058805 -6.304169 -1.320733 -7.351399
22.969126 -5.373962 3.484670 12.681461 20.061569 -10.639959 -6.951294 -6.756492 -0.104472 -5.815797
23.277168 2.800069 -2.784170 10.355983 22.651367 3.219382 -2.325384 -2.500588 1.938172 0.790557
20.928202 -6.774159 5.999471 11.780343 16.991299 -14.573473 -7.131423 -6.874958 -0.558002 -7.201369
26.174078 3.777511 -3.837766 11.198925 25.930756 6.758533 -2.702672 -3.039331 2.535570 1.409388
25.828016 6.630306 -6.104201 10.045103 26.083572 10.284780 -1.948524 -1.798848 2.440224 2.421685
26.569311 -3.028099 3.210555 13.551057 24.193569 -6.250156 -6.288594 -6.534355 1.655709 -3.472848
25.158485 2.571852 -3.105774 11.042739 24.669327 5.210107 -2.875690 -3.061350 2.800950 0.674470
31.353022 -4.829803 5.827570 16.473436 28.078058 -10.145950 -7.670491 -8.188070 1.621828 -5.536792
26.754725 -5.784308 5.573448 14.455075 23.211811 -12.700343 -8.241305 -7.491653 0.742224 -6.843520
22.697262 -2.560034 3.296359 11.345812 21.266518 -4.035021 -5.455351 -6.142557 -0.240284 -3.338192
17.824657 -4.297832 4.486911 10.170093 15.845576 -8.072645 -4.882417 -6.686396 0.049254 -3.986084
28.948217 1.243968 -1.501832 13.713034 28.221458 3.144496 -4.251187 -4.448669 2.214530 0.128536
29.396320 -4.575245 4.606478 15.038487 26.309841 -8.713612 -7.068445 -7.578632 1.735795 -5.208810
21.071592 -3.555713 3.246194 10.698628 18.597477 -7.724841 -5.599486 -6.027977 0.605821 -4.259877
28.258776 6.224683 -5.547624 11.723821 28.096176 8.788143 -2.566339 -2.249157 3.286290 1.887650
22.045626 -3.972651 3.934511 11.559463 19.636330 -8.054045 -6.191045 -6.087008 0.591817 -4.665017
19.908628 -5.344250 5.998148 10.825385 17.256981 -11.029678 -6.461769 -7.049824 -0.486052 -5.950498
21.684351 -4.198515 3.829073 11.602696 19.069075 -9.113350 -6.678025 -6.152149 0.496647 -4.816287
28.371954 6.765225 -6.265713 11.336232 28.578350 10.555088 -2.380163 -2.354739 3.018295 2.593320
23.238041 -2.865657 2.953955 11.619117 20.466942 -6.867764 -5.263973 -6.144565 0.853015 -4.024644
