-13.412089 -14.077492 12.667284 -18.347439 -18.259550 37.335037 41.884026 -46.818321 -33.474083 33.757488
-12.375914 -11.980694 11.847960 -17.284130 -15.896162 33.826523 38.205940 -43.470245 -29.660576 30.445389
-12.741929 -12.062491 12.258773 -18.090055 -16.723015 35.549370 40.046982 -45.124733 -31.220499 32.103714
-12.755497 -13.511174 11.897007 -17.408512 -17.196770 34.987122 39.611687 -44.076591 -31.277164 31.416105
-11.684150 -11.189995 11.070602 -16.620380 -15.449986 32.725204 36.663330 -41.497288 -28.615009 29.288580
-8.436894 -1.151071 8.270267 -15.615058 -2.638198 18.342623 23.102415 -29.312857 -13.325034 14.829304
-6.367124 11.229496 5.172623 -19.178228 13.823465 4.399732 7.965464 -14.730931 5.482365 -1.395029
-8.315372 -4.367911 7.419340 -14.137910 -7.869940 21.794382 24.791319 -29.262745 -17.217329 18.024113
-10.152202 -8.672321 9.192806 -14.901869 -11.088037 25.391964 30.445190 -34.036804 -22.306152 22.241127
-7.682798 1.175864 7.020693 -16.034832 0.423680 15.588213 20.334196 -26.576899 -9.856516 11.404478
-7.111995 13.651729 5.626243 -21.439629 17.753553 3.151916 6.495067 -14.184213 7.872937 -3.824361
-10.669919 -9.638343 9.224240 -15.422701 -12.263423 27.447216 31.867439 -35.380447 -23.804277 23.692696
-13.187244 -15.382200 11.767045 -17.478748 -18.517839 36.318817 41.714661 -45.056702 -33.222088 32.691784
-7.380865 8.247668 6.521828 -19.717066 9.664755 8.803484 14.299013 -21.885748 -0.682407 3.927806
-13.260818 -14.507277 12.207422 -17.795994 -18.265429 36.389622 41.456997 -45.364281 -32.784603 32.812786
-7.170519 13.781073 5.798929 -21.979527 17.680380 3.469164 7.082472 -15.217139 7.545226 -3.466187
-9.778480 -6.698303 9.185017 -15.071532 -9.550869 24.879541 28.278473 -33.510078 -20.673018 21.355724
-9.445889 -2.043982 8.540324 -17.345097 -2.494412 19.275167 24.787495 -31.169224 -14.780857 15.470379
-12.719711 -12.042747 12.023255 -18.217831 -16.821913 35.813770 40.449245 -45.193939 -31.391153 32.184898
-7.279988 0.942908 6.620452 -15.091268 -1.138314 15.835799 19.975880 -25.123659 -10.145700 11.770085
-13.722719 -15.773645 12.591712 -18.186007 -19.318405 37.824318 43.015694 -47.050301 -34.616230 34.370216
-7.318318 7.422335 5.782854 -18.422421 9.466736 8.254510 12.992351 -19.245184 -0.371324 3.165697
-10.446980 -6.662967 9.774978 -15.256517 -9.997702 25.810987 30.017414 -35.183018 -21.267538 22.204967
-7.028662 10.718176 5.746191 -20.283413 14.364532 5.847637 10.233245 -18.213165 3.456460 -0.172602
-6.930751 13.066570 5.833472 -21.465040 17.135733 3.782240 7.200383 -15.522527 6.672299 -3.041910
-13.033854 -14.576007 12.098858 -17.325649 -17.927912 35.502068 40.655243 -44.740768 -32.179180 32.094364
-12.204754 -13.061926 11.956287 -16.760077 -16.073454 33.404137 37.394920 -43.029121 -29.815285 30.176954
-12.840879 -14.336677 12.241482 -17.252640 -17.558241 34.982574 39.251801 -44.512863 -31.991659 32.021759
-12.664149 -11.837040 12.362301 -18.222614 -16.101055 35.204300 39.202400 -45.345966 -30.754503 31.833214
-11.794818 -12.673505 10.846537 -16.097511 -15.635532 31.842613 36.793869 -40.611370 -28.401306 28.328743
-13.384513 -14.797263 12.175335 -17.799747 -18.888103 37.157852 42.507801 -45.533508 -33.822792 33.386181
-9.133723 -6.783502 8.359644 -14.882136 -9.280123 24.100744 28.000721 -32.400879 -19.565695 20.171707
-6.742160 13.491547 5.476876 -21.750086 17.345881 3.279481 7.134953 -14.199588 7.969812 -3.641354
-13.711213 -15.110613 12.628431 -18.427521 -19.176409 38.046059 43.135635 -47.211674 -34.676029 34.559406
-13.492888 -14.546227 12.424196 -18.233334 -18.931444 37.571354 42.260536 -46.385422 -34.063587 34.020645
-10.089547 -8.465874 8.986387 -15.221689 -10.099104 24.425097 29.119898 -33.220329 -21.563978 21.320980
-12.310670 -10.730352 12.171619 -18.101486 -15.489142 34.670212 38.362358 -44.449196 -29.850212 31.185310
-7.439626 4.548984 6.119347 -17.586315 6.535229 10.451956 15.882863 -22.094511 -4.296472 6.477396
-7.051865 13.381985 5.496444 -21.637520 17.797445 3.509291 7.098009 -14.716043 7.951957 -3.641652
-6.541279 9.366165 5.649014 -19.975420 11.207256 6.357055 11.610827 -17.740301 2.448488 1.391988
-12.244599 -13.501976 11.584142 -16.967878 -16.703482 34.016956 37.892647 -42.947968 -30.608900 30.534033
-6.686062 12.511894 5.334743 -21.138155 15.816196 4.214689 8.003029 -15.507388 6.512915 -2.371306
-12.564630 -12.922294 11.728611 -17.757839 -16.739506 35.135536 39.724457 -44.604439 -30.907871 31.345188
-7.484717 8.439342 6.346797 -19.896955 10.536776 9.054818 13.951048 -21.887671 -0.629101 3.359362
-6.919620 10.934387 5.704293 -20.215229 14.266684 5.095443 8.664578 -16.429602 4.529593 -0.868638
-7.204710 3.715095 5.778581 -17.234037 4.226345 11.344943 16.389261 -21.381701 -5.195091 7.139094
-7.617601 4.054638 6.990907 -16.879589 3.230866 12.809411 17.607649 -24.473494 -6.833475 8.995469
-9.258190 -6.804665 8.381659 -14.426091 -11.194257 25.633562 28.356527 -33.142323 -21.177525 22.182098
-6.581866 13.218845 5.489954 -21.319973 17.446140 2.991298 6.693404 -14.189610 7.752618 -3.752189
-8.585803 -3.725523 8.177925 -15.032214 -6.363946 20.534414 25.554663 -30.557993 -16.380072 17.358089
-6.921247 -1.016309 5.387012 -13.407399 -1.652536 14.314726 18.647581 -21.213465 -9.478686 10.784775
-12.691807 -14.445110 11.579306 -16.616491 -17.592087 34.288406 39.020485 -42.838326 -31.456268 31.060646
-7.481149 4.305802 6.702446 -17.845669 4.309710 12.313972 17.594368 -23.277250 -5.769939 7.601290
-9.977061 -7.741091 8.955512 -15.259860 -11.160940 25.837252 29.824461 -34.373165 -21.992882 22.744783
-13.016853 -13.861083 12.196526 -17.586529 -17.762335 35.853188 40.914616 -45.035683 -32.103451 32.399158
-11.938806 -11.777927 10.851473 -16.951073 -16.187342 33.205120 37.602886 -41.364090 -29.062292 29.510635
-7.541254 12.704163 6.044755 -21.348825 16.563999 4.361010 8.167935 -15.830912 5.500189 -2.500073
-9.474228 -6.279211 8.824160 -15.421355 -7.534537 21.666655 26.751333 -31.658979 -19.094023 19.163647
-12.993204 -14.119713 11.680008 -17.710636 -18.376379 36.358383 40.901543 -44.683861 -32.773121 32.661366
-6.676483 3.883313 5.999573 -15.963591 2.866552 12.080414 16.553408 -21.847338 -5.437981 7.696993
-6.184825 6.357517 5.427503 -17.358891 6.417672 9.651905 13.821301 -20.033731 -2.219882 5.348354
-6.727534 11.949972 5.515446 -19.879595 16.572550 3.645113 6.646617 -14.756127 5.933768 -2.559410
-11.886647 -11.668633 11.777959 -16.834274 -15.047057 32.532249 36.468712 -42.525291 -28.454435 29.237236
-6.515114 10.809826 5.191430 -19.102917 14.061006 4.678686 8.083596 -15.561309 5.088524 -1.360521
-8.084530 -2.003131 7.600055 -15.039374 -4.585487 19.357943 23.486656 -28.996700 -13.946799 15.287975
-11.756582 -12.320815 9.667400 -15.654355 -16.299654 31.423868 36.564949 -38.209648 -28.188961 27.786924
-6.585176 10.706917 5.699895 -20.495897 13.184817 5.604991 10.594014 -17.137331 4.022532 -0.131293
-6.817683 13.352856 5.891135 -21.678108 16.964645 3.167814 6.812956 -14.247678 7.264358 -3.259731
-7.583067 9.023662 6.829399 -20.308140 10.112940 9.028675 14.059918 -21.807137 -0.852261 3.491951
-8.155176 4.602436 7.234470 -17.855753 4.823059 13.090643 17.963121 -26.067774 -6.734126 8.501073
-9.855108 -1.494270 8.267530 -17.895260 -0.970167 18.704960 24.497686 -30.899698 -14.283432 14.309887
-13.451598 -15.037931 12.302549 -18.007595 -18.716738 37.238449 41.798405 -46.167145 -33.984562 33.666954
