-5.720672 1.837295 -7.395684 1.702375 -1.876138 -0.387222 4.247334 4.517376 -15.320800 7.277453
-8.417138 0.888217 -12.581762 0.949151 -9.804183 5.027314 -7.959250 4.270469 -3.994804 8.757188
-7.891463 6.366228 0.336874 -7.451679 -20.111662 3.740058 -14.813512 2.632175 -6.781047 0.272924
-2.636245 -2.610935 1.313227 -0.877237 -2.722920 -21.956331 -3.718669 10.763993 -20.862534 -5.823751
-7.749349 6.611697 3.585279 -5.982380 -17.104998 0.098199 -19.733654 11.583031 -8.465682 -2.484421
-10.709342 6.459717 0.833189 -10.679637 -23.945581 -3.975720 -25.032339 6.278244 1.433531 -3.441504
-7.716623 0.557379 -8.652245 -4.447575 -9.893033 -8.624022 -16.923615 12.699202 -1.760286 -5.113793
-3.396037 2.500053 -0.747148 -1.426799 -8.544688 -0.996130 2.201944 -0.399536 -17.679222 3.221037
-7.419324 2.921665 3.311523 -6.948600 -18.835960 -7.947239 -14.314745 -0.338393 -4.154275 2.225740
-7.523550 -5.208620 -8.414728 -4.165835 -12.139215 -11.107941 -14.336744 13.211535 -10.479665 -0.589609
-6.647603 -5.435222 -12.406296 2.854024 -2.341106 -0.402750 2.696005 3.932897 -14.264140 12.151692
-3.846707 -1.715208 -2.977522 0.832312 -5.287643 -4.905205 6.269110 -1.148911 -18.375814 7.202603
-6.072423 0.025475 -6.430544 -1.051578 -11.159991 3.505613 -3.157354 3.758024 -14.460313 7.158300
-8.848640 9.230556 -1.170570 -5.692295 -14.522008 2.047817 -19.160873 8.717612 1.318916 -4.278094
-7.165278 -2.619841 -7.001616 0.749038 -7.911179 3.707177 -5.946007 13.008125 -13.388558 5.962648
-5.661346 8.420733 -7.913504 1.133917 -3.328848 11.474385 -1.686070 14.380911 -18.252455 -0.682196
-6.598992 5.986281 -2.064677 -7.216494 -14.326097 -6.890677 -15.632135 5.409150 -7.790351 -7.006149
-7.701828 1.826409 0.103951 -6.184201 -17.567335 -8.391755 -15.487270 2.720991 -3.810024 1.747762
-9.392785 -0.965865 -0.808621 -4.276947 -17.489294 -3.078001 -17.942768 6.400689 2.217739 6.809325
-2.755058 5.693431 -0.864391 -1.862606 -6.462295 -4.157140 9.655300 -0.424842 -25.513037 -0.511062
-6.824734 4.078311 -5.302904 -4.247063 -13.221004 3.530176 -9.524095 8.913582 -13.424367 -0.505318
-8.536617 2.148238 -8.783009 -1.401857 -10.921714 2.732193 -13.487240 11.310657 -6.713888 1.923883
-8.348641 4.167786 -0.156363 -7.482792 -20.131218 -1.068557 -18.921371 8.410134 -7.127522 -1.466890
-2.487832 -0.696024 1.227777 0.761079 -2.437116 -14.610211 6.395157 2.096651 -17.790062 3.112191
-3.999845 0.736867 -6.167310 -1.888648 -6.559896 -5.571839 4.191353 0.945072 -21.787739 2.158272
-10.115460 6.144792 -4.016418 -4.626383 -16.456833 8.161033 -16.782993 6.098852 6.802471 4.135594
-7.919754 -0.186680 -4.059597 -1.516258 -11.604799 -3.621131 -12.496786 6.788151 -6.813294 4.223939
-4.718031 -15.676564 -33.254894 -1.562507 15.729716 -20.248766 -1.180503 28.630545 -12.336587 -7.793896
-8.914457 3.646379 -11.098897 -4.160794 -8.821950 -2.507271 -17.732403 14.200581 0.767265 -4.929804
-11.591609 6.446317 1.142487 -10.995893 -25.916149 -3.590808 -25.406559 4.576172 6.624045 -0.237762
-4.962795 -5.656009 -3.479756 -1.102091 -10.874700 -5.440609 -3.367420 4.529314 -19.230469 6.892764
-8.021726 1.468737 -3.173743 -3.780933 -15.554471 3.000503 -16.669170 13.354259 -6.346612 1.383153
-11.232193 11.312066 0.488847 -9.832330 -20.688801 3.426913 -26.932615 13.264441 5.661535 -7.163194
-9.839160 3.754073 0.253831 -6.604825 -19.535980 -5.239122 -20.114086 3.588364 6.040978 3.836804
-7.460138 -3.350529 -2.215378 -0.994992 -10.177479 -9.864359 -8.702202 -1.159502 7.007259 9.299733
-7.645712 2.901277 -1.739950 -0.914846 -13.242599 10.093276 -9.850268 4.071481 -4.694825 7.490514
-4.396878 3.938025 10.313538 -4.604600 -16.050718 -2.201607 -0.059336 -7.412648 -20.435493 4.826804
-1.273295 8.241179 5.933191 -0.640119 -2.789043 -19.124458 7.477175 1.741963 -22.083744 -6.063809
-3.450764 -1.133699 -0.130967 1.714770 -4.108575 1.977683 5.086202 2.806320 -16.810913 8.952314
-11.598180 8.601102 -3.610888 -7.778961 -19.565754 2.712021 -25.752544 12.238234 9.812185 -3.367902
-6.536365 2.123366 -6.212633 -2.491749 -9.694212 -4.410247 -8.990402 3.486604 -7.093558 1.575813
-6.638288 -1.648452 -1.831907 0.795353 -2.754036 -8.706436 -4.423304 3.432966 -0.008091 7.572057
-7.785181 0.230118 -2.848410 -0.684404 -9.833642 9.522559 -10.149067 17.958139 -7.189082 5.315505
-9.248294 -1.672974 -16.877878 -0.079944 -7.208082 4.974688 -9.690369 14.436278 -4.828067 4.301378
-9.876473 -0.784529 -10.371842 -4.514156 -11.640813 -8.413094 -18.047245 13.871601 -0.089153 -0.437069
-8.162255 8.630380 -6.904874 -4.809040 -14.114127 5.010750 -16.739067 8.651226 -4.779282 -4.438704
-9.954172 6.257828 -6.361558 -8.382621 -19.299517 -4.422550 -21.598423 6.147863 3.660671 -4.165146
-4.601862 6.272080 6.557547 2.734255 0.646642 2.178342 2.706193 5.812959 -10.335394 4.985202
-4.163155 9.845175 8.291527 -6.482926 -11.983832 -3.596136 -11.966700 2.868801 -16.308544 -9.019175
-6.194283 1.431569 -6.122922 0.172998 -8.128036 6.952532 -5.124041 10.096870 -11.015017 4.600376
-11.974160 6.379840 -0.906681 -9.408274 -23.492365 0.753205 -25.289936 6.803128 9.702030 0.192755
-4.852019 -0.442943 -4.683249 1.553813 -3.183223 1.522066 4.003197 4.735635 -16.055710 8.236670
-8.453738 2.771407 -5.410607 -5.983463 -15.594389 -8.691113 -17.118845 8.423484 -4.322609 -2.173160
-5.826783 -1.839644 2.263605 0.421179 -6.265260 -7.000944 -7.075541 2.970042 -5.192593 6.911770
-6.327027 -1.642195 -3.140687 1.050835 -6.625280 -1.947646 -0.768633 2.431457 -4.180831 10.005348
-5.716436 -2.445117 -0.258580 0.038935 -10.235268 6.493191 -2.857206 11.914914 -15.071618 7.632096
-5.039898 0.216386 -3.362748 0.057287 -6.009594 -10.275702 -2.231180 0.863910 -13.896752 3.779621
-6.965247 -0.931920 -8.755394 2.249480 -5.236663 0.869951 -2.686493 4.585638 -12.458134 8.353750
-6.366833 -4.597263 -4.119870 1.076059 -6.257384 -8.199549 -4.085157 4.267875 -7.915250 8.257676
-6.693821 1.517973 -3.474521 -4.043073 -14.688554 -0.059029 -9.689394 3.835379 -6.058527 2.615311
-4.687680 4.438107 2.456390 -2.962936 -9.367529 -6.034042 -5.659201 -0.138992 -4.760629 0.401336
-6.758874 3.595958 -1.117237 -2.894650 -8.136195 -6.409726 -14.734658 8.047460 2.056316 -2.304062
-11.947090 14.207707 1.216384 -12.353169 -23.771568 4.425252 -27.673702 7.692383 9.943710 -7.419345
-7.590005 5.746581 2.067474 -4.876232 -17.033306 3.048847 -15.024132 5.864500 -5.661646 1.808398
-11.016074 2.186754 -8.327454 -4.805767 -16.361158 2.689885 -20.827515 13.553156 5.141952 1.655653
-14.246130 6.882824 -7.649889 -8.739385 -22.033009 2.433528 -26.794973 9.365423 20.490280 1.493173
-4.117481 -0.128079 -1.763387 2.094074 -2.755493 -1.311553 7.071053 5.145306 -17.018553 6.731118
-9.718546 2.099601 -3.058479 -1.870727 -12.692958 1.406757 -15.194460 7.476033 0.718029 3.783587
