10.750875 -2.220163 19.080757 1.865586 25.566654 -4.826567 53.426056 1.668645 -0.063478 -0.978777
-6.800376 -6.973896 15.045798 -4.018443 23.536823 3.434074 43.101910 2.478841 6.572236 6.196218
20.939564 -13.555907 21.914118 9.781677 23.943241 -18.154831 65.636856 13.394798 -5.021863 -8.591542
-2.551873 2.454548 16.661743 -5.381861 22.663399 7.701108 37.313072 -6.561590 5.892609 11.168773
12.690578 9.810742 24.062365 -9.999835 18.129786 0.338424 38.997772 -12.644975 0.465179 15.986117
-13.896352 -3.415993 6.762875 5.854473 21.881371 15.880762 25.935511 -7.791570 2.255046 8.286947
3.947994 11.131006 7.305836 -0.422455 -7.525589 6.994738 -3.206910 -21.001123 -4.533797 27.360012
8.649602 7.740825 15.270758 -3.948323 12.284875 6.207542 24.431810 -9.979827 -9.240800 3.336520
-2.896290 7.203212 13.251662 -5.635329 17.680590 13.048630 22.823778 -11.733397 2.764626 11.573820
-4.758952 2.009498 8.042299 8.643309 14.714583 14.842210 15.930903 -17.187529 -5.660881 12.120758
-10.671096 11.338618 1.554549 -0.061307 2.848003 23.406017 -4.760648 -22.592819 1.528371 23.134352
-6.279433 1.628338 7.576031 5.250305 18.917330 14.985408 21.862452 -10.768568 -1.890270 5.010963
-9.548675 -11.011078 1.026549 16.915127 24.964407 10.004946 33.553257 2.502517 -1.094689 -11.162803
-13.310992 8.427366 5.520953 -4.741349 11.819568 21.815460 6.896460 -13.275962 3.280951 13.908779
7.815765 -0.055588 23.715939 -10.620971 20.611082 -1.725316 45.059994 -4.177471 3.020628 13.014522
2.719542 17.015322 11.625172 -13.971231 -6.774266 10.561123 -3.335924 -21.410509 4.730763 32.405743
-10.000929 -6.822450 3.874150 7.682448 25.018782 16.062027 28.299835 -3.992013 -2.041819 -5.039351
-11.283061 1.886315 5.248193 4.747871 17.467674 16.657951 18.159349 -9.866642 0.206591 7.575225
26.484661 -12.650292 21.206858 14.532496 22.162218 -17.858217 62.851498 12.693481 -13.550142 -16.298697
3.331663 7.437066 10.814675 11.443605 6.885938 4.458096 16.196888 -19.737558 -7.370226 19.824976
2.169042 -12.489166 14.218050 5.381071 29.012894 -3.091664 55.395576 11.660118 2.491062 -10.291947
8.046933 8.385942 17.755644 -0.764356 5.706999 5.343679 15.505630 -26.403551 -5.614946 30.746315
-13.945482 -17.038221 -4.297812 32.550819 24.006891 12.664216 28.831133 -1.507663 -3.627256 -9.098702
-17.858299 6.196975 0.639413 -1.269854 7.888045 24.823761 0.342511 -11.270103 7.441764 12.162473
5.149116 7.562026 11.809514 6.246836 1.474640 7.678524 7.523249 -25.228035 -9.897350 27.239471
-1.721347 -5.731899 18.279856 -3.802434 22.523138 -0.138163 46.013767 2.317903 8.225058 8.995031
-13.067441 -4.967145 9.261957 -4.302073 23.862114 7.732074 38.435909 6.508815 7.685756 -1.215263
-11.162280 -2.043569 13.509991 -14.790091 24.858570 7.499481 41.756084 7.767654 9.004614 -3.326405
3.478976 -7.721855 17.328817 -5.824118 27.488903 -4.858248 57.022564 12.373129 4.157713 -8.232355
-9.842069 -7.314544 5.792244 13.676785 19.936285 9.808417 27.897886 -5.615362 -1.930176 3.060600
14.387766 -7.910875 20.068821 19.039257 16.746218 -11.930342 46.770180 -7.643147 -4.370805 13.818439
-2.541351 0.629307 11.083164 5.286865 18.218992 11.300907 24.700668 -13.128273 -5.234672 9.286034
-4.199449 16.084618 5.686240 -4.850107 -1.077944 17.845264 -4.845016 -24.666927 2.420281 29.436031
26.867043 -12.733059 26.778614 6.359624 25.078119 -20.947369 71.231636 13.002579 -5.632616 -7.904895
26.748362 -1.345822 27.801226 3.133210 18.914711 -15.955412 56.138332 -1.554745 -6.631431 6.561444
-5.573536 6.868023 11.858416 -10.417503 19.436611 16.196693 22.556648 -7.414330 2.247346 5.805507
17.764330 -10.957714 21.491629 2.267588 20.334551 -20.249859 62.037907 20.337389 -5.049466 -13.182736
-18.891270 -3.374810 -6.943290 15.593453 8.325044 20.171009 1.537788 -6.879681 1.494326 4.771613
0.954961 14.032295 7.446846 -2.853360 -3.236916 14.745955 -6.070039 -25.876450 -3.285903 31.185890
-8.158715 15.457726 10.351309 -12.237680 7.280034 18.827290 5.240901 -14.528805 5.446594 19.703629
-0.179186 1.103294 11.699980 -0.853179 23.833689 6.606024 38.818546 0.694004 0.833490 -4.691062
1.661643 14.307046 15.295739 -13.615597 2.812342 12.268049 5.260574 -21.470955 -0.583673 27.347973
0.935733 -2.257873 9.304642 5.762147 20.332741 5.432387 34.109051 1.589578 -2.540239 -5.149045
-12.310763 4.494241 3.118726 4.771295 9.146090 19.681625 4.640031 -16.059355 0.669354 15.014692
2.350673 8.330303 9.292807 3.099609 -2.733421 8.474772 0.558395 -22.574442 -6.537368 29.040400
-5.401140 11.903761 12.465210 -12.200851 7.420145 13.800213 10.375491 -12.409582 3.065695 18.242939
-13.382905 6.854686 3.421987 -5.292181 9.107185 19.950787 5.501953 -6.793675 2.292651 6.871077
13.410473 7.254877 12.512007 15.520198 11.125446 -0.004133 24.666979 -14.950348 -13.094499 5.691891
-14.205639 14.961126 0.173416 1.072769 1.392446 25.636997 -6.800906 -23.137920 5.734254 25.970306
-4.580819 6.399040 14.384808 -5.450660 10.299153 7.365223 20.818424 -10.703356 2.569083 18.680023
21.059717 5.860808 27.618805 -14.256415 -6.369735 -17.741209 25.045010 -11.472269 -3.652709 35.115482
-5.619740 -2.825701 16.698496 -9.644543 25.619593 6.350820 43.673725 0.111195 6.039021 4.776485
1.042197 12.289046 14.914963 -4.187717 9.288070 11.243441 14.658181 -22.407887 -0.407807 24.519468
6.544459 8.875479 18.553001 -15.177734 21.334379 10.543617 32.226562 -8.568748 -1.856611 4.239180
0.686477 -6.500731 19.003172 -0.265390 17.794760 -3.751815 42.720943 -1.800284 2.922035 14.562018
19.399233 7.816263 28.275497 -8.629107 14.489652 -5.134204 40.724873 -13.759714 -4.211876 20.052589
-21.175457 7.655159 -6.072092 9.803915 3.899861 27.207254 -6.051594 -18.504587 5.359755 16.379297
-9.512237 7.855750 8.051529 -7.264103 15.517114 15.084759 18.948683 -3.050158 5.216696 5.025713
4.794410 5.193786 15.581188 -3.904707 16.671923 4.679038 31.616005 -5.559220 -4.997898 2.542218
4.932850 11.519390 18.008833 -7.571680 5.989328 8.314651 14.291447 -23.157522 -3.977157 27.608856
-4.759448 5.295351 5.730223 12.304669 9.785523 9.403146 15.375329 -13.427052 0.676664 14.121695
-18.227962 2.339825 -6.248032 13.525200 5.769792 26.186800 -4.373810 -17.394573 0.040086 13.363095
-13.819283 -6.637650 12.913503 -5.186699 23.138407 4.237062 41.332298 4.390210 9.642325 6.272025
-4.256175 5.631617 5.517394 3.321047 3.609861 16.071507 0.815053 -18.821947 -4.714306 19.905960
-17.371487 2.068009 0.413730 -0.289326 9.822236 21.331261 4.733940 -6.442580 2.429498 6.261941
25.987614 9.567472 30.499973 -7.631976 10.142936 -7.494737 36.898418 -20.612646 -10.694118 25.727066
-9.012618 14.551011 10.170115 -7.240678 9.738435 18.346907 8.860590 -17.690777 6.515503 22.625195
-6.438474 8.147926 2.985994 5.332766 3.945434 19.356716 -1.923645 -21.491957 -4.311867 20.413040
-10.860589 7.957554 4.656370 1.602249 10.142512 17.802242 7.987359 -16.495033 1.599669 15.306685
-16.576145 -2.522147 0.079163 9.284372 16.852016 22.177235 11.742378 -11.289825 -0.049875 5.600404
-20.672363 -5.151621 -1.673185 13.533535 20.253765 21.375399 16.736834 -8.718936 2.319612 3.711449
5.522912 1.994041 15.548458 0.842797 26.234936 4.447661 44.515850 -4.251610 -0.395649 -1.294656
