6.846869 -18.122671 -17.548914 32.536041 50.594154 33.057220 18.614632 12.764406 -39.233978 -2.753677
3.586159 -14.739077 -13.144073 20.437578 33.263275 22.072172 15.262900 10.536309 -23.516142 -2.652323
-5.115419 -53.583408 -44.827805 71.293129 79.162987 81.002304 46.206841 33.411308 -42.562328 -29.291191
2.772763 -23.922356 -20.839411 30.583235 42.909878 32.483681 24.529879 17.005428 -27.386396 -6.697545
4.253868 -16.168015 -15.270529 24.885778 42.080212 26.148157 17.924126 11.391532 -30.527666 -3.701623
6.068249 -8.547597 -8.930507 16.757368 32.197041 16.265120 11.315797 6.921648 -28.585279 2.078532
5.654136 -7.273229 -7.559909 12.459523 28.699606 13.551989 10.598971 6.119260 -23.957678 2.696750
4.658092 -19.284609 -18.361769 30.011782 47.971123 32.165894 20.833735 14.173569 -33.724911 -4.837264
6.144458 -8.323681 -8.251047 14.708468 29.904127 14.311440 10.745885 7.290719 -23.904963 1.578097
2.536861 -29.193436 -26.805054 47.590977 61.577133 48.775604 27.622667 20.095724 -41.215435 -11.292289
6.347263 -11.154838 -11.370853 22.307213 39.357548 21.196203 14.068975 9.626492 -32.087723 1.851214
7.322844 -8.318417 -9.307815 18.006529 35.873554 17.255945 12.102600 7.941307 -31.038828 2.919842
5.244717 -18.789587 -18.350994 34.629562 52.734692 35.269318 20.060129 13.857570 -39.887096 -5.587998
4.615415 -4.849266 -5.231767 10.526459 23.870552 10.981510 8.370169 6.221182 -20.694216 2.724991
5.887661 -4.791168 -5.809584 12.217907 27.679131 12.261963 8.475131 6.038438 -25.581120 4.175504
5.752186 -8.222848 -8.793449 16.193213 32.234028 15.885885 11.979579 8.205641 -25.759462 1.116079
6.462492 -21.483158 -20.483892 37.205456 55.083084 37.134430 22.232101 15.829271 -40.541500 -3.759163
6.509682 -7.274691 -7.854056 13.932444 30.245216 14.065788 10.474759 6.435362 -26.580664 3.233141
-5.245071 -52.399605 -44.009876 69.689278 77.729156 79.386635 45.126472 32.706341 -41.521847 -28.918919
6.682240 -13.177399 -13.210899 23.776157 41.828899 23.021564 15.951526 10.263383 -33.475414 0.327265
4.643513 -20.930794 -19.581903 34.237915 52.034168 35.147224 21.519737 14.343021 -37.801075 -5.758444
7.351294 -10.489472 -10.965231 20.377855 38.355579 19.729345 13.822477 8.732117 -32.172234 2.192411
7.620376 -8.762099 -9.770320 19.168665 37.715473 18.153906 12.352967 8.143066 -32.311760 2.740714
5.751761 -4.994484 -5.035713 9.278676 23.986267 10.065578 8.672328 5.573762 -20.642794 3.896979
6.594353 -7.600995 -7.744981 13.347054 29.429461 13.726797 10.945703 6.951106 -24.978529 2.752558
6.326989 -10.326518 -10.596673 18.657701 35.906765 18.579912 13.131158 8.281624 -29.084541 1.363971
6.183745 -7.456096 -7.702145 13.004406 28.888964 13.051825 10.781590 6.660124 -24.487909 2.988895
6.325404 -12.107405 -12.207233 21.548185 38.656895 21.629543 14.215381 8.768270 -31.897280 0.429938
4.271687 -29.215425 -27.235857 49.193146 67.297707 50.750854 27.976929 20.285700 -47.174725 -10.364482
6.742109 -6.187983 -6.977343 12.943983 29.322418 12.732479 10.069343 6.295598 -25.903727 3.977844
5.797656 -4.945153 -6.152824 12.046055 27.658583 11.777708 9.181706 5.839015 -25.079706 3.319826
2.381461 -33.422951 -29.376780 48.144550 63.321831 51.443260 31.088491 21.389080 -40.617947 -12.553331
6.013463 -5.159386 -6.270401 9.968401 26.311426 10.469040 9.595078 5.893586 -23.157305 3.546829
5.632344 -17.650314 -16.973413 29.169359 46.916981 29.410688 19.557211 12.925316 -35.029716 -2.927781
-1.673366 -43.802589 -37.336330 62.042904 72.551208 68.502914 37.829704 28.060841 -41.312313 -23.557503
6.893621 -9.525134 -9.555387 17.681190 34.517742 16.991505 12.237052 7.946507 -27.973257 2.226370
-1.664259 -39.806797 -34.304321 55.317524 67.064842 61.497978 35.463367 25.681990 -38.272564 -20.790051
4.593232 -25.707569 -24.343067 46.500904 64.227997 47.410503 25.479828 18.525251 -46.629673 -8.481364
6.488061 -6.269428 -7.201989 12.505617 29.110086 12.384165 10.396140 6.415353 -25.497993 3.588551
3.388669 -21.779224 -20.382460 32.564686 45.981590 33.096542 22.819328 15.951752 -29.968575 -6.705415
6.467984 -12.391420 -12.325455 20.502005 38.665245 21.049898 14.813491 9.375839 -29.639719 0.247333
6.189626 -19.132626 -18.138073 33.870468 51.861752 33.974953 20.193203 13.768882 -39.499477 -3.491048
4.780625 -23.749500 -22.402403 41.154846 58.279957 41.429520 24.193626 17.106638 -41.225273 -7.259967
5.120506 -4.002407 -4.809475 8.140759 22.875408 8.961751 8.075669 5.322053 -20.961641 3.663912
4.521984 -27.415867 -25.000761 45.680141 63.052750 46.794861 26.749453 18.735552 -44.677902 -8.384820
7.569618 -9.554441 -10.154397 18.945509 36.998653 17.872133 12.974361 8.473938 -31.146559 2.745302
4.628014 -4.300472 -5.217229 9.956583 24.151693 9.824820 7.794704 5.700468 -21.796516 2.949295
5.560776 -16.543100 -16.610392 30.151703 47.771198 29.602148 19.195038 13.497684 -35.337246 -3.381856
6.330731 -7.955006 -8.833604 16.820654 33.096535 16.391172 11.329860 6.851611 -29.667898 2.573694
4.082964 -20.176525 -19.207500 35.003109 49.674633 34.383251 21.309570 15.597599 -34.250278 -6.231780
4.537355 -26.598564 -23.462942 37.295795 51.855190 39.006546 25.809227 17.523687 -35.020565 -6.756753
4.144567 -20.701321 -19.623510 33.872910 51.447720 35.602173 21.504141 14.356412 -37.294212 -6.578335
6.327572 -5.997012 -7.266129 14.287905 31.245972 13.880820 10.280400 6.525971 -27.780878 3.245288
5.659081 -20.330666 -18.833202 33.005341 50.480602 33.984482 20.484106 13.456394 -37.911579 -3.947137
2.199523 -35.402481 -30.634031 51.724895 67.535088 56.774990 30.421282 22.126280 -42.219151 -16.177536
6.815276 -7.206561 -7.554227 13.914690 29.787188 13.460356 10.574424 6.762140 -25.534914 3.793433
6.708415 -5.377907 -6.694895 13.282591 30.092396 13.087467 9.575646 5.915224 -27.433048 3.961234
4.861556 -16.455135 -15.375057 26.341572 43.202160 27.344172 17.675119 11.414922 -31.607502 -3.431880
-0.995386 -44.428173 -38.024788 62.425724 73.852928 68.282387 38.973358 27.729870 -43.452518 -20.969814
6.794439 -12.070353 -12.201591 23.476400 41.140717 22.750132 14.831281 9.642544 -34.025299 0.572499
5.269112 -4.895572 -5.731192 9.418327 24.598379 9.970716 8.778451 5.694027 -20.937265 2.501870
5.383123 -6.122011 -5.709446 10.922843 24.570776 10.928871 8.036244 5.527816 -20.737448 2.792050
6.136424 -7.255535 -8.416813 16.806852 33.545403 16.155684 10.705089 7.105125 -30.299585 3.053751
6.350781 -9.602466 -10.027254 18.894724 36.112911 18.420015 12.607237 8.308784 -29.652773 0.700229
7.397941 -12.251373 -12.281403 22.912279 41.686535 23.702192 15.395703 10.393389 -32.926807 1.136653
5.768483 -18.033920 -17.180700 27.990728 46.115250 28.266018 19.633411 12.493329 -34.070332 -2.459839
6.177771 -10.003841 -10.783926 18.714994 36.592583 18.863106 13.594792 8.245245 -30.427027 1.063483
6.301451 -4.936555 -5.984173 11.101407 27.291170 10.789223 9.048253 5.926591 -24.209465 4.160579
6.158447 -4.082038 -5.704785 11.547096 28.074427 11.359629 8.749475 5.621433 -26.073540 3.788361
7.691354 -15.507010 -15.623347 29.978783 50.134632 29.822138 18.025007 12.101927 -39.645306 -0.832666
7.424600 -11.577335 -11.855433 22.953348 40.588028 22.298803 14.127645 9.005362 -33.796352 1.342451
6.471717 -14.977430 -14.709812 26.977205 44.726894 26.994558 16.180721 10.414284 -35.517330 -1.618730
