1.801463 4.949928 -0.070992 -1.334122 8.345257 -1.934538 5.029521 1.539316 -4.187261 -7.644909
-3.898506 3.994593 2.387516 5.385368 -3.430493 -5.876041 6.055315 6.177000 -3.728923 -3.366994
-5.596449 1.744492 -5.253372 7.304266 -13.172521 -3.362247 -1.986159 -4.552752 -0.126163 -5.209544
10.471584 6.458302 -7.343899 -2.694521 -1.099075 0.230297 3.985268 -12.171331 5.064900 -7.806795
1.204830 5.351265 -6.892564 -0.955866 -13.417821 -5.360826 -0.113862 -6.319985 0.801309 -2.802124
-0.832009 1.892854 -7.256597 4.092977 -19.634342 2.196808 -3.790839 -7.695683 2.596463 0.878698
3.009372 6.641371 -2.681020 0.545316 -9.518513 3.059121 4.440686 -2.289602 -1.088493 1.530416
-4.883679 2.713263 -5.016595 4.602896 -0.517885 -6.854055 -0.165598 -4.386685 -2.962934 -9.148671
-1.663382 -1.892360 -6.403761 5.023283 -13.701063 0.249742 -1.287534 -4.899407 5.988112 -7.233951
2.167854 8.685352 -5.516795 4.502686 -8.841631 0.436739 4.943672 -6.652273 -1.428993 -0.927310
1.932346 7.244145 4.071157 2.077596 8.560410 -3.129888 10.441331 4.931721 -0.888503 -6.481381
-2.790505 2.323335 -1.905317 3.933336 6.274479 -4.616083 3.039653 -1.285470 -0.167347 -11.094721
-6.149423 6.458308 -1.872452 3.558882 -2.793952 -8.524176 3.274755 1.037880 -4.742505 -8.097423
0.905684 3.913790 -3.126636 -1.187461 -13.698439 1.160125 -2.563543 -3.176656 -2.989240 2.573931
0.639368 10.168294 -0.940638 5.467117 -1.688244 -7.802766 4.240844 0.254513 -5.624282 -1.751341
3.199936 11.008541 -1.922026 -6.521620 1.290075 -7.639764 0.315116 -1.154392 -13.362331 -0.883234
-0.077317 2.783056 -5.750761 -3.086580 -10.976086 1.481803 -0.879469 -6.002217 -3.217208 -3.048324
-1.655363 0.174233 -5.469380 6.537425 -12.477592 -0.940669 0.841326 -3.861633 5.150232 -5.900785
-0.749821 2.509518 -3.037783 7.320100 -13.397506 -1.431606 1.527641 -0.898432 5.418035 -2.267429
-1.897547 -0.697463 -6.387581 -0.329325 6.652414 -3.477053 -1.009406 -7.882125 -6.711171 -16.795406
-3.966731 8.426198 -6.255843 1.443499 -6.134691 -4.716794 2.953056 -5.211055 -3.713678 -2.973319
-2.004552 7.843002 -1.763384 0.063115 -6.928867 -2.566582 5.994307 0.351524 -2.627652 -1.770421
-0.449987 4.428424 -7.289926 6.338318 -14.657324 -2.673945 -2.626168 -9.278137 0.882493 -2.390234
3.254007 -0.402924 -4.292095 4.135031 6.330897 -0.699183 2.861540 -2.609312 -0.159654 -10.361227
-3.861037 3.524850 -4.723711 2.245842 3.934704 -3.334929 2.393184 -3.575602 -3.316311 -11.071966
-3.298195 1.163513 -0.563760 4.139710 -11.596141 -0.719134 0.194753 4.552023 -2.465452 -1.066297
-1.107590 6.898979 -2.749041 2.044193 -7.373437 -2.631402 5.321584 -2.309451 2.040736 -5.566511
20.827120 12.565104 -2.359997 1.455404 7.437971 4.704839 17.268276 -3.083327 -0.304680 10.333540
0.390266 8.228269 -1.269528 -2.672181 -8.791587 1.879904 4.902069 -0.682750 -4.376056 2.722677
-2.447023 -0.071991 -7.178128 6.286254 -20.754082 2.507374 -1.987839 -4.578264 4.263032 -0.177958
-3.351363 6.527768 -4.421767 7.648583 -1.284570 -6.312387 4.615322 -5.584281 2.756791 -9.247374
0.110581 8.404190 -5.313471 5.346916 -9.682246 -5.901143 2.815706 -5.693001 -0.285523 -0.996349
1.597588 4.137833 -5.347138 -1.204001 -18.823360 1.760953 -3.372715 -4.625031 -0.778893 5.037474
-2.610529 -1.815779 -3.989210 5.698515 -13.108520 0.117194 1.863293 0.302563 7.533055 -4.906826
-2.425158 -2.107402 0.644750 4.354610 -3.473421 1.625025 3.087614 3.679582 7.331730 -6.407032
-4.655379 5.178751 -0.221484 6.921670 -4.945730 -6.184682 1.303172 1.737932 -1.608330 -3.355398
-5.970867 -3.805019 -4.907655 6.210689 -3.863664 -7.378407 -4.160162 -6.102526 1.379025 -16.503838
6.286649 -2.630177 -5.690309 -3.327130 3.280477 -0.298685 -4.696113 -5.032765 -10.151035 -10.983660
-2.308265 5.187718 -1.261360 4.722414 6.358997 -7.620291 2.480965 -0.546164 1.412416 -8.180990
-0.338570 3.652758 -3.913994 2.183622 -17.684937 1.234342 -1.231440 -2.289818 0.331830 4.724034
-2.153167 4.598253 -2.823073 -0.580435 -4.999372 0.448993 2.031812 -1.060334 -1.166953 -3.855346
1.861931 3.865767 2.724432 -4.479165 1.843626 2.048624 5.608934 4.857238 2.846035 -4.982387
3.658822 12.265800 -4.343822 8.104393 -3.809022 -7.425098 3.227674 -3.391907 -3.132207 3.211874
1.861304 10.836913 0.697117 2.008260 -2.162293 -2.693819 9.214520 2.939658 -6.127559 2.499522
2.864406 7.318402 -3.105984 0.755946 -9.474139 1.941703 7.252549 -1.680761 0.276863 -0.204325
-3.758367 5.337268 -2.626185 -2.267533 -9.564763 -3.222637 -0.132225 -2.674280 -5.986580 -0.888835
-1.690141 2.621942 -4.732399 2.527888 -14.488819 3.069933 1.459277 -4.485907 -2.507463 0.345187
4.636786 3.581032 -0.826363 -2.887274 4.220173 -1.653489 -1.616131 2.431789 -2.742666 -7.483401
2.098061 4.721540 -5.994978 -7.640523 -7.720126 -2.375426 -5.542397 -10.615473 -1.555667 -5.383095
-0.206052 8.433441 -2.161383 5.002620 -1.667815 -6.033465 3.714309 -0.504081 -5.848126 -0.549033
-3.243029 0.808706 -4.322228 7.292659 -17.874332 1.265868 -0.141164 -1.363749 3.705997 1.087756
-0.315053 5.797917 -0.646307 4.491896 6.449823 -5.003503 4.149331 1.028407 -2.043476 -6.017375
1.369236 5.325387 -5.905144 2.171043 -11.406063 0.114342 3.398270 -6.321298 0.910593 -1.051335
1.518283 2.689575 -1.488781 0.724152 -1.902336 -1.277309 3.570170 0.067487 6.459592 -6.780758
-1.586652 2.338283 -0.853954 3.543079 0.932091 -1.283322 4.761600 2.408717 2.394516 -6.359771
0.621295 10.120673 -2.620333 9.378018 -0.260626 -11.094044 2.477669 -2.109909 -4.028586 -2.497344
-0.815535 2.169186 -3.639718 -1.400114 0.211199 1.026720 4.462345 -2.627354 3.303212 -11.084473
-1.475926 7.208010 2.593984 -0.576973 1.222458 -4.076131 5.808155 4.159110 -4.649854 -6.760744
1.187010 4.374032 -0.891546 4.708597 -0.398276 -0.559747 5.939831 0.583764 2.065563 -6.691122
-3.146882 4.094476 -4.078150 8.120844 -7.065025 -2.867290 0.556668 -3.973809 -0.920289 -3.377340
-0.771253 -2.295424 -4.224613 -0.826430 -5.052173 0.223591 -1.047444 -1.830802 1.567618 -4.960717
1.455517 2.965608 -0.266737 -2.687392 -7.955699 2.207429 0.457371 0.165858 0.417329 -0.350615
-1.544974 1.474404 -5.228112 -0.070748 -20.497227 4.267920 -4.760523 -3.375642 -2.116529 4.352190
-1.812622 2.632321 -5.037237 4.562527 -11.545212 -5.267065 0.273659 -2.582620 1.455202 -4.258422
-0.243791 5.890518 -1.326572 6.893550 -13.547675 -0.425622 3.382290 0.590228 -0.156018 3.423306
-4.097460 0.300629 -1.397838 6.218376 -19.548382 5.261569 3.726950 5.027152 1.679982 4.575376
4.568895 3.703396 -2.268145 5.022695 7.799824 -4.304026 2.584249 -1.267444 -4.241191 -8.324944
-0.760290 4.121489 1.468193 2.674248 -9.514823 -2.675159 1.227391 2.239587 -1.631884 -1.762991
