3.670338 -9.671341 0.527755 1.556328 0.202544 16.419918 -3.764084 -0.138336 -2.007620 1.328475
4.787671 -1.484061 4.850301 -2.138763 1.597093 18.750149 12.442508 -4.486790 -0.410283 3.175004
4.349612 -5.270621 2.919999 -0.841721 1.168731 17.090706 4.684538 -2.484656 -1.027288 2.333009
4.725976 -0.860604 5.371682 -2.790347 1.887565 17.825186 12.700785 -5.057922 -0.351706 3.575538
4.482933 -3.879573 4.168182 -1.846226 1.634144 18.183128 8.144746 -3.938631 -0.521249 2.946850
4.435479 -5.446616 2.692983 -0.379361 1.041003 17.701691 4.248154 -2.010930 -1.264183 2.048046
4.905291 -2.505672 4.598258 -2.215746 1.635701 18.482155 10.535768 -4.195948 -0.618273 3.174015
4.797339 -1.801165 4.981489 -2.639790 1.942876 18.006268 11.396995 -4.578057 -0.182563 3.216447
4.237082 -13.660311 -1.402527 2.922777 -0.373331 18.514961 -9.087258 1.678902 -2.972988 0.950213
4.124839 -9.758521 1.228418 1.035134 0.869316 18.130320 -2.188673 -0.935572 -1.594975 1.792718
4.980843 0.972543 5.869653 -3.336848 2.171576 18.524235 16.661795 -5.656725 0.105521 3.572246
4.211181 -6.296792 2.880291 -0.639346 1.293305 17.766422 3.702626 -2.275036 -1.126949 2.441892
4.161272 -9.891898 0.917018 1.364849 0.712622 18.104080 -2.283745 -0.512698 -1.912696 1.733714
3.721158 -13.672182 -1.496881 3.193821 -0.215364 16.860550 -10.334698 1.800412 -3.032751 0.487681
4.922431 -0.545034 5.727831 -2.643285 2.072015 19.283318 14.705761 -5.257825 -0.284169 3.605047
4.073489 -13.267286 -1.151559 2.685632 0.018882 17.932903 -9.094623 1.313844 -2.918002 0.859559
5.359659 0.130243 6.559402 -3.409868 2.040959 20.868773 16.658232 -5.946323 -0.142559 4.163843
3.282696 -12.638387 -0.871740 2.462010 -0.101134 16.190964 -9.378167 1.251973 -2.586980 0.735894
4.942008 0.098949 6.104268 -3.289132 1.821766 19.234039 15.199910 -5.502288 -0.168330 3.904376
4.145945 -6.726736 2.304400 -0.092322 1.065753 17.435444 2.530670 -1.984705 -1.287005 2.166454
4.173084 -10.566764 0.749835 1.361688 0.637678 19.118021 -3.302481 -0.589095 -1.813843 1.776447
3.812130 -12.618062 -0.562216 2.312466 0.027196 17.511438 -8.218871 0.994248 -2.522152 1.047799
4.969785 -3.389555 3.993424 -1.301105 1.149767 18.785961 9.158683 -3.406949 -1.059928 2.612642
4.510308 -5.987365 2.905583 -0.667808 1.368274 18.152029 4.516140 -2.624207 -0.918159 2.360023
4.889289 -1.750936 5.121474 -2.512264 1.587927 18.567890 11.231839 -4.756866 -0.493299 3.433794
4.769540 -2.285304 5.011442 -2.664923 1.724129 18.402466 10.808117 -4.481637 -0.486307 3.440317
3.319500 -13.478750 -1.411866 3.434721 -0.206052 16.870499 -9.866670 1.756935 -3.029927 0.479866
4.542765 -2.311990 4.942961 -1.883671 1.956479 18.855055 11.751787 -4.306441 -0.333223 3.110223
3.493752 -13.414065 -1.377470 3.262652 -0.408773 16.601265 -9.989609 1.874778 -2.887055 0.496335
4.390292 -4.764631 3.368702 -1.100306 1.457118 17.528933 6.285433 -2.906756 -0.854893 2.517847
4.277407 -6.636061 2.514237 -0.035327 1.137040 17.899673 2.957193 -1.989377 -1.169657 2.182059
4.979032 -3.094801 4.738156 -2.214781 1.663808 19.154476 9.994645 -4.160938 -0.566099 3.276117
3.972401 -7.911270 1.671121 0.632267 0.916551 17.435005 0.440665 -1.224699 -1.397027 1.878585
4.803978 -1.284158 5.870797 -3.182356 1.888440 19.009480 13.308244 -5.038585 -0.110131 3.703674
4.146852 -6.749368 2.303553 -0.037774 1.096393 17.403133 2.558791 -2.104591 -1.226497 2.178375
4.606621 -7.060257 2.594749 -0.137542 1.109456 18.727962 2.826332 -2.304675 -1.268280 2.481336
5.167637 0.277263 6.530974 -3.243329 1.945552 20.163944 16.641430 -5.926801 -0.136831 3.973832
3.693556 -12.210810 -0.781325 2.558855 0.123562 16.889053 -7.409017 0.831123 -2.558911 0.828664
3.299747 -12.513132 -0.939607 2.958695 -0.130922 16.726612 -8.401710 1.222388 -2.663176 0.715986
3.645176 -10.759114 0.018887 1.801868 0.317011 16.545183 -5.392223 0.137207 -1.872953 1.321711
4.090925 -6.842333 2.327278 0.002618 1.036080 17.678316 2.596995 -1.754182 -1.208618 2.084441
4.980988 0.580330 5.820127 -2.986732 2.044539 18.684408 16.145672 -5.518004 -0.088234 3.540625
4.095946 -5.947480 2.832765 -0.477545 1.296948 17.717873 4.013580 -2.391153 -0.991353 2.345819
4.646018 -0.369803 5.800594 -2.712923 1.829842 18.623600 14.358919 -5.127568 -0.273934 3.495466
3.242737 -13.742613 -1.550256 3.461912 -0.278564 17.103552 -10.474240 1.908106 -2.971014 0.535522
4.491595 -1.085217 5.251019 -1.984070 1.719864 18.162926 13.029441 -4.583681 -0.277983 3.215783
4.095092 -6.269072 2.582282 -0.266092 1.210204 17.479666 3.435140 -1.986771 -1.102718 2.153289
3.210610 -13.942496 -1.486805 3.436850 -0.241959 15.990376 -11.088500 1.792512 -3.150676 0.441809
3.482011 -13.983617 -1.662326 3.723275 -0.362692 16.893362 -10.596914 2.081846 -2.985428 0.348817
4.744563 -1.946124 5.139744 -2.391499 1.641888 18.717522 11.580094 -4.359609 -0.646141 3.334903
4.051925 -4.621470 3.107399 -1.099091 1.500804 16.925385 5.827676 -2.821628 -0.580786 2.455538
3.403944 -13.268055 -1.294529 3.085395 -0.241150 14.897501 -10.534132 1.630009 -3.069173 0.879023
4.283396 -6.268679 2.296045 -0.129700 1.065091 16.878063 3.026169 -1.555080 -1.132314 2.008825
4.343421 -5.129491 3.271379 -0.064751 1.003322 19.107559 6.444505 -2.719858 -1.227199 2.290205
3.271199 -14.606773 -2.081899 3.794310 -0.605460 16.565849 -12.086192 2.696767 -3.265159 0.076643
4.191333 -8.608985 1.313621 0.848866 0.730927 17.445396 -1.012435 -1.221867 -1.673429 1.795995
4.772615 0.592748 6.116495 -3.277412 1.827239 18.466457 15.958876 -5.431867 0.018820 3.630938
4.043768 -9.066551 1.018301 0.868375 0.697574 16.767950 -1.913626 -0.862840 -1.785237 1.618152
4.714813 0.439784 6.163315 -3.342497 2.005303 18.681772 16.023436 -5.692690 0.068392 3.952173
3.901510 -13.446317 -1.558175 3.428974 -0.296780 17.119984 -9.610188 2.168828 -2.934793 0.324131
3.585346 -13.342739 -1.422274 3.094381 -0.160884 16.898167 -9.760657 1.781278 -2.825523 0.536909
4.685740 -1.149925 5.292894 -2.181027 2.298032 19.051081 13.688062 -4.794486 -0.174669 3.362425
4.549901 -0.409551 5.337294 -3.219499 2.094018 17.165194 13.488997 -5.088134 0.164620 3.246150
4.967331 -0.572870 5.200176 -2.258924 1.862780 18.634150 13.937552 -4.625863 -0.412887 3.109416
4.765894 -1.341598 5.135903 -2.542434 1.998976 18.866859 12.808266 -4.891286 -0.364010 3.328112
3.054448 -14.944332 -2.274804 4.370784 -0.557783 16.587317 -12.781600 2.655571 -3.352899 0.037168
4.901619 0.512732 6.198404 -3.350721 1.891842 18.900608 16.391748 -5.361624 -0.036550 3.816809
3.947055 -13.755632 -1.353048 3.337986 -0.303010 18.451019 -9.376183 1.490265 -3.134245 0.843278
3.192768 -13.068727 -1.599366 3.292100 -0.386629 15.553455 -10.207541 1.938471 -2.909045 0.282999
3.491974 -13.753370 -1.528420 3.283540 -0.389900 16.535553 -10.683783 1.830958 -3.209925 0.425876
4.921781 -1.740936 5.215754 -2.238151 1.616370 18.954903 12.099995 -4.496513 -0.424166 3.126620
3.948227 -10.626162 -0.180808 1.838048 0.196287 16.806131 -4.459450 0.532610 -2.350991 1.201212
