7.276531 2.535928 -2.146411 -1.755244 8.154613 1.435444 2.180702 -0.839441 -1.149218 14.900721
7.231240 2.414318 -2.051790 -1.751351 8.037702 1.388156 2.081311 -0.742947 -1.209828 14.688626
7.317795 2.592931 -2.189802 -1.783178 8.282710 1.462857 2.110090 -0.805366 -1.215078 15.063451
7.283148 2.576611 -2.182104 -1.838207 8.298201 1.451805 2.111989 -0.825131 -1.219321 15.117081
7.316547 2.630051 -2.230751 -1.825228 8.309875 1.494199 2.153116 -0.864912 -1.180115 15.134767
7.337521 2.578823 -2.164743 -1.846979 8.207888 1.474430 2.131575 -0.851521 -1.184345 14.883851
7.320339 2.579159 -2.190174 -1.831912 8.272449 1.450227 2.188317 -0.841479 -1.216318 15.128088
7.362482 2.555437 -2.171944 -1.802351 8.274213 1.437509 2.091800 -0.774432 -1.240740 15.078697
7.326633 2.563617 -2.211344 -1.782254 8.160291 1.465904 2.221128 -0.846125 -1.130490 14.959682
7.122037 2.547801 -2.131194 -1.754859 8.229151 1.415420 2.034072 -0.767867 -1.227465 15.026434
7.351794 2.436773 -2.058411 -1.877429 8.050339 1.444836 2.182245 -0.819220 -1.188639 14.664312
7.282984 2.571768 -2.139097 -1.802063 8.294782 1.429255 2.114557 -0.803226 -1.238169 15.104969
7.358027 2.606605 -2.179961 -1.822210 8.245053 1.487859 2.205879 -0.858061 -1.192998 15.034748
7.355523 2.656205 -2.281847 -1.794621 8.173666 1.524056 2.343871 -0.964784 -1.058079 14.960076
7.325178 2.459378 -2.121063 -1.800746 8.039987 1.424263 2.294388 -0.886097 -1.096957 14.760962
7.296667 2.641796 -2.218162 -1.738440 8.166026 1.484583 2.299606 -0.904381 -1.100871 14.950506
7.358568 2.628296 -2.231642 -1.806259 8.290384 1.486527 2.216361 -0.864054 -1.187046 15.136082
7.314252 2.562000 -2.166409 -1.766411 8.273458 1.423495 2.153017 -0.807865 -1.213450 15.114840
7.306927 2.570436 -2.176158 -1.804514 8.192679 1.467409 2.182059 -0.843347 -1.157892 14.929361
7.302626 2.536484 -2.130595 -1.789002 8.278358 1.410093 2.041479 -0.758908 -1.269107 15.056008
7.174180 2.560567 -2.161443 -1.811094 8.173629 1.467887 2.107341 -0.831916 -1.150540 14.890187
7.307809 2.581128 -2.183122 -1.809633 8.306491 1.446487 2.098758 -0.801143 -1.245441 15.138573
7.366262 2.575523 -2.193799 -1.813514 8.293187 1.465426 2.135714 -0.816640 -1.236495 15.123250
7.190150 2.529515 -2.149827 -1.827490 8.180110 1.460059 2.096604 -0.844886 -1.143957 14.960617
7.023716 2.513876 -2.147396 -1.807464 7.968003 1.471566 2.121148 -0.842141 -1.095366 14.614685
7.238802 2.588960 -2.165279 -1.837592 8.275908 1.461838 2.117517 -0.856638 -1.205815 15.087840
7.375904 2.630519 -2.267844 -1.757835 8.202554 1.501467 2.277980 -0.890738 -1.120223 15.013281
6.955094 2.492599 -2.161851 -1.610387 7.802981 1.422216 2.314750 -0.905090 -0.965676 14.431622
7.132166 2.546193 -2.127558 -1.748903 8.227626 1.412624 2.036615 -0.760420 -1.218696 15.018853
7.263967 2.572162 -2.186910 -1.848419 8.187226 1.464363 2.149374 -0.851679 -1.157117 14.908276
7.227653 2.572448 -2.185356 -1.741174 8.231984 1.452446 2.098372 -0.794842 -1.184472 15.050296
7.045984 2.554403 -2.179749 -1.709178 8.041756 1.469578 2.147178 -0.856968 -1.112978 14.765790
7.337465 2.604752 -2.223250 -1.781371 8.310046 1.470084 2.136149 -0.814771 -1.219317 15.149486
6.979421 2.532693 -2.072827 -1.731218 8.183138 1.389256 1.943516 -0.740499 -1.267491 14.891752
7.265278 2.549771 -2.157567 -1.790185 8.272101 1.433979 2.094328 -0.780030 -1.267916 15.124670
7.236193 2.542033 -2.140208 -1.800653 8.245160 1.445301 2.059318 -0.789341 -1.216126 15.009470
7.316708 2.529200 -2.150142 -1.776922 8.039370 1.454117 2.288308 -0.882057 -1.104200 14.704067
7.459136 2.655709 -2.268411 -1.887724 8.110486 1.586803 2.365981 -0.998324 -1.074915 14.735861
7.361538 2.612695 -2.280949 -1.751962 8.001613 1.534488 2.322634 -0.932912 -1.020392 14.625711
7.211365 2.532648 -2.171360 -1.721047 8.206120 1.418521 2.126582 -0.777264 -1.194233 15.041094
7.304555 2.503166 -2.178076 -1.774453 8.110049 1.475762 2.088718 -0.767929 -1.237114 14.805517
7.064674 2.505908 -2.110750 -1.681821 8.192543 1.370545 1.907919 -0.664687 -1.290722 14.935250
7.124872 2.511888 -2.123657 -1.741188 8.062871 1.432499 2.163887 -0.852407 -1.078209 14.797672
7.328185 2.627531 -2.238260 -1.764994 8.210563 1.483066 2.246624 -0.880614 -1.120575 15.000469
7.152030 2.686429 -2.282216 -1.779803 8.002700 1.556467 2.377797 -1.053655 -0.906583 14.617383
7.308103 2.606800 -2.192508 -1.808325 8.335074 1.445632 2.132530 -0.827144 -1.208430 15.179470
7.327423 2.561093 -2.164904 -1.934552 8.312557 1.468904 2.065400 -0.826896 -1.271548 15.039243
7.203815 2.624003 -2.206743 -1.782381 8.303679 1.471574 2.064779 -0.820970 -1.216074 15.096972
7.306764 2.675388 -2.313260 -1.896770 8.316751 1.553701 2.166183 -0.913352 -1.147412 15.117588
7.349264 2.639859 -2.278225 -1.837641 8.211856 1.560228 2.252825 -0.945361 -1.077961 14.977523
7.225836 2.621139 -2.214675 -1.845355 8.057881 1.489335 2.445224 -1.077103 -0.986276 14.759771
7.275064 2.575713 -2.190676 -1.754908 8.269608 1.461465 2.083808 -0.780291 -1.224602 15.094181
7.360286 2.611726 -2.229282 -1.826609 8.297226 1.459566 2.207254 -0.862132 -1.160320 15.128003
7.308464 2.544499 -2.172656 -1.789356 8.169217 1.443694 2.217631 -0.860111 -1.164657 14.982758
7.405178 2.564476 -2.194505 -1.911301 7.972122 1.511771 2.493330 -1.079154 -0.927066 14.544348
7.110279 2.616962 -2.213567 -1.725561 8.088273 1.493968 2.221491 -0.906482 -1.066876 14.834996
7.116477 2.603477 -2.207487 -1.743433 7.988772 1.477641 2.363845 -0.997702 -0.979096 14.657188
7.259526 2.543795 -2.161016 -1.731714 8.221006 1.419285 2.142778 -0.805846 -1.187869 15.051431
7.283251 2.588806 -2.158230 -1.818097 8.305579 1.431343 2.161115 -0.850224 -1.192589 15.148761
7.227648 2.507143 -2.144156 -1.763931 7.984639 1.440882 2.273515 -0.882815 -1.074993 14.638124
7.404581 2.581248 -2.220366 -1.777190 8.199173 1.481146 2.235661 -0.865051 -1.147988 14.968552
7.379961 2.599472 -2.209442 -1.914899 8.306523 1.501602 2.141403 -0.834419 -1.244511 15.092611
7.243337 2.617616 -2.173082 -1.862380 8.361533 1.438728 2.083327 -0.831672 -1.236751 15.188450
7.335903 2.610412 -2.204074 -1.822956 8.321549 1.470875 2.162016 -0.843726 -1.215504 15.158898
7.369030 2.668052 -2.256076 -1.823020 8.327039 1.504764 2.248185 -0.920288 -1.140422 15.169457
7.136435 2.508460 -2.079261 -1.773046 8.154696 1.353332 2.150570 -0.827901 -1.177893 14.931037
7.189032 2.563767 -2.102085 -1.824653 8.262164 1.395255 2.101653 -0.840157 -1.205656 15.036922
7.131081 2.578678 -2.100346 -1.827249 8.254965 1.416623 2.086128 -0.842979 -1.184614 14.993124
