-2.614633 9.513670 0.133217 12.373695 -14.836985 10.366901 7.331620 4.320186 1.812646 -62.273327
-11.700286 -0.204101 -4.368331 9.819856 -14.317625 6.683790 6.562084 -4.775230 -7.659967 -47.559422
-3.632614 7.362954 -5.631876 7.738692 -15.318380 15.718828 16.585154 -0.900058 1.027164 -65.511375
-4.859996 6.423264 -2.208241 14.036987 -7.245650 1.561326 -6.625956 3.564341 -2.212713 -45.145527
-4.557978 7.363529 -7.284544 12.748260 -3.230927 2.922768 -5.644330 0.830870 -2.644480 -47.340649
-12.920361 -2.892446 -2.168489 11.734837 -9.817710 -1.883832 -7.255389 -2.163918 -9.349035 -27.542738
-2.053430 6.647330 -21.043032 5.321179 17.545910 -7.933562 -17.060116 -8.786097 -5.738423 -10.560849
-6.620910 1.656111 -9.425042 6.903567 -1.290396 0.406894 -4.712447 -5.062700 -6.359769 -29.983614
-7.905857 3.209170 -3.072040 13.670684 -4.003249 -4.137777 -13.008890 0.923085 -5.655567 -32.268253
-10.042101 -0.403574 -2.945882 11.115472 -3.086320 -5.203313 -14.014217 -1.282556 -7.608618 -21.047981
-11.265510 -3.199177 -10.804832 6.558932 6.307875 -10.848473 -16.302879 -10.278237 -11.902452 -2.669761
-6.450583 2.479960 -1.341738 11.805398 -5.152557 -2.762694 -11.958328 2.265543 -4.251410 -28.285137
-6.861069 0.697233 4.005814 11.824171 -13.846074 1.743647 -5.212292 4.569061 -2.073617 -33.520855
-11.457257 -0.880992 -4.310137 10.417236 0.649581 -9.291025 -16.320902 -3.591142 -9.597657 -14.615187
-6.630873 5.770503 -2.680539 13.916092 -8.390656 2.827750 -4.790826 2.608419 -3.498101 -47.549984
-7.111453 2.275126 -18.559660 6.222902 15.437771 -11.706074 -19.134460 -11.874159 -10.263021 -5.394378
-14.077445 -5.447865 0.558320 8.782189 -13.881300 0.465058 -1.149649 -4.635070 -10.304249 -27.334805
-10.290861 -0.574603 1.619287 12.827621 -6.617882 -6.352454 -14.453497 1.316644 -6.474906 -21.735619
-1.550058 7.261652 -5.108175 5.485023 -13.197186 16.398489 15.781021 0.305279 2.948684 -60.733639
-9.784551 -0.434994 -6.815304 8.560862 -0.245449 -3.167883 -8.496911 -4.975332 -9.147708 -22.177591
-2.675907 7.586596 2.134737 12.887446 -16.405783 10.027333 4.124995 6.460708 2.374633 -58.190372
-6.057275 5.336163 -12.251030 10.016670 9.978439 -7.809525 -19.540020 -3.901189 -7.022085 -20.242722
-14.568728 -7.984729 -5.431230 5.171118 -13.603477 4.357003 5.874120 -9.693295 -11.377557 -27.452753
-12.983699 -3.091581 -3.591567 10.157596 -0.422474 -9.633736 -16.752474 -5.188743 -10.247603 -9.531736
-9.236875 -0.178147 -12.713390 7.431293 9.117054 -10.239258 -18.153488 -8.596611 -10.372185 -5.929870
-7.972857 4.031974 0.449409 13.031406 -12.213881 3.083353 -2.673755 2.259311 -3.474648 -45.738266
-12.581556 0.025325 4.879628 13.807295 -16.781685 -0.329637 -0.691009 -0.506269 -6.721577 -40.462242
-8.586774 4.547715 3.811538 16.195534 -12.680712 -1.617072 -6.308661 4.382617 -3.097660 -44.465504
-6.654336 4.873552 -2.770657 8.137961 -17.278814 13.411705 17.105852 -2.005053 -1.140619 -61.044228
-11.290151 -2.007108 3.659714 12.082133 -12.561336 -2.489463 -7.608756 0.878893 -6.456155 -27.622061
0.434907 9.795510 -2.755189 9.971757 -9.626698 12.087426 3.362686 5.063302 2.338564 -57.380432
-9.979960 0.240424 -0.988424 12.282767 -5.863138 -3.305403 -11.087528 -0.146121 -7.323118 -28.357567
-8.821536 0.730500 -14.313195 7.119369 11.830523 -12.016306 -19.506306 -10.014839 -10.894817 -5.019979
-1.054768 10.371713 0.295790 11.236598 -17.569292 15.552803 11.691779 5.470200 4.331555 -70.821236
-0.540223 10.804715 -3.218437 11.578563 -9.872267 10.137354 4.353940 3.841540 2.801212 -61.788311
-8.161366 2.655133 0.609030 14.374842 -6.253632 -5.479577 -14.453209 2.935765 -4.872033 -29.828308
-9.082841 2.001333 -6.155154 5.024806 -17.500956 15.490755 21.404879 -6.336989 -4.109410 -60.431519
-11.927988 -3.797220 -0.065305 9.053968 -5.357472 -7.093346 -13.304684 -2.745613 -7.654972 -10.761663
-5.961290 3.280100 -17.781912 6.806693 15.234972 -11.687119 -20.170475 -9.501419 -8.580006 -6.226781
-9.073470 2.157425 -10.033094 9.325477 8.421290 -11.352513 -19.803503 -6.330770 -9.469911 -12.373220
-7.871817 3.499799 2.893144 14.149189 -13.246315 0.603850 -4.147726 3.250840 -2.713547 -41.902840
-7.040173 3.859990 -15.945375 8.472519 14.251884 -11.354083 -21.107273 -8.088535 -9.445042 -11.559172
-7.951185 -0.114590 -2.901385 8.209544 -11.545966 4.603758 0.498248 -1.796878 -4.369165 -36.032547
-12.818707 -3.044351 -6.479515 9.226423 0.455105 -7.853820 -14.447513 -6.590199 -11.464188 -12.123013
-5.567896 3.929897 -12.807776 7.926233 11.654799 -9.051693 -19.541166 -5.671745 -7.099020 -11.414883
-14.588626 -6.493119 1.018056 8.818757 -8.445612 -5.970757 -8.238409 -5.311083 -10.814744 -12.419314
-4.739312 3.139594 -9.045375 6.812987 1.006922 -0.877083 -5.742889 -4.134971 -3.947967 -25.176928
-9.753820 -0.092252 -11.439553 8.150330 9.231348 -12.228388 -20.029865 -8.430576 -10.637131 -4.210742
-8.976844 3.343218 -5.588697 12.465140 1.157404 -6.259077 -15.087770 -1.169428 -7.151695 -26.072105
2.027101 12.985398 -19.441584 7.984654 15.375737 -1.441648 -13.988931 -3.461484 -1.332483 -33.258091
-6.788351 5.815941 1.658422 16.112343 -11.504309 0.886298 -7.470781 5.524679 -2.525872 -48.633816
-9.001419 2.566290 -2.999578 12.412040 1.290035 -7.960144 -18.721884 -0.304030 -7.568306 -22.383144
-7.053149 3.660926 -6.864804 11.257487 -3.915780 0.501467 -6.902992 -1.646498 -4.718439 -39.869312
-7.236781 5.287563 -2.574698 12.352943 -10.530190 5.224762 -0.107184 0.188456 -3.637529 -51.733932
-3.739050 7.676843 -10.615857 10.993741 -2.219142 5.293776 -2.233248 -0.978883 -2.099001 -49.349949
-13.113719 -5.030586 -6.808183 7.305179 2.936523 -10.962792 -15.495611 -9.503684 -12.720965 -2.448269
-8.265473 1.915671 0.755064 13.121703 -7.231939 -4.926080 -11.742046 1.590436 -3.934972 -26.390495
-2.130300 8.196564 -5.165524 11.140007 -3.513164 3.576086 -5.032192 2.087545 -0.385953 -44.215916
-7.589586 4.545857 -8.963370 10.937608 5.555552 -6.865081 -16.595919 -2.929504 -7.290591 -23.520124
-8.863763 -0.879759 -11.942596 5.369871 1.077757 -2.641165 -6.387540 -8.362109 -8.772417 -17.640923
-12.374736 -4.006832 -4.121982 8.179214 -0.153182 -9.138187 -15.854873 -6.157598 -10.114207 -5.408179
-15.159056 -2.816628 1.788604 11.697223 -17.940798 2.291587 4.087002 -4.241149 -9.621724 -41.553493
-9.062683 -0.128994 -11.891505 6.517763 5.671529 -7.522202 -14.969232 -7.776811 -9.012072 -10.531622
-10.148119 -1.969561 -4.854694 8.549829 -5.884245 -1.193736 -7.651665 -3.250008 -7.409997 -23.639688
-1.916309 8.502276 -7.905076 11.696998 -0.145705 2.907017 -10.184154 2.522770 -1.084777 -44.959568
-11.414668 -0.298597 -6.197567 10.060590 3.208455 -10.619418 -18.760607 -4.890988 -10.183163 -11.033531
-8.932025 0.907764 -11.888480 7.495773 9.651408 -10.511821 -19.317419 -8.263743 -10.300086 -7.528389
-13.066690 -3.234664 -3.282909 9.246184 -1.464571 -8.206902 -13.309714 -5.974380 -11.453565 -13.488488
-15.899796 -7.427675 -3.265529 8.425373 -7.769248 -4.585227 -7.311446 -7.670038 -13.366385 -15.253305
-13.277943 -4.354984 5.505619 11.931389 -11.340665 -6.301355 -11.975493 0.437594 -8.084324 -18.805561
-3.356310 7.756577 0.138918 13.863433 -10.572127 5.149405 -3.362583 5.302785 0.051328 -51.909630
