6.676485 2.111449 10.459255 -23.721218 -4.205601 1.534917 4.898895 0.338097 0.867841 4.848723
8.455383 2.435888 13.179750 -29.094116 -5.003581 1.617696 6.127896 0.336415 1.061439 5.996204
5.744551 1.957985 8.969671 -19.906612 -3.808955 1.485193 4.004273 0.633647 0.868071 4.103157
8.313410 2.301482 13.039107 -29.193996 -4.868713 1.811045 6.184327 0.078988 0.921198 5.994841
8.121521 2.275755 12.757940 -28.128542 -4.814299 1.682398 5.963557 0.242160 0.911957 5.704589
9.011311 2.591090 14.064056 -30.635988 -5.335363 1.652969 6.452491 0.431430 1.036140 6.341425
5.016189 1.800033 7.863152 -17.419209 -3.363360 1.369022 3.519277 0.639549 0.747055 3.658391
7.506305 2.475145 11.894739 -26.826885 -4.857578 1.717463 5.411971 0.313566 1.197840 5.611696
8.805380 2.425899 14.064826 -30.954435 -5.218530 1.541561 6.726893 0.144706 0.999466 6.346989
7.480166 2.453517 11.879595 -26.214523 -4.566709 1.515599 5.572417 0.433949 0.978858 5.398736
9.019200 2.509579 14.073284 -31.470142 -5.332989 1.841189 6.583647 0.121655 1.029720 6.394732
9.078272 2.723193 14.271008 -31.362907 -5.480898 1.606503 6.506720 0.481175 1.163108 6.563035
6.926208 2.145591 10.992270 -24.457802 -4.308740 1.495027 5.160362 0.414010 0.795318 5.137558
6.720604 2.340924 10.580921 -23.536407 -4.317847 1.444126 4.759233 0.570788 1.113829 4.917274
8.840974 2.519158 13.910650 -30.986008 -5.285751 1.735154 6.529128 0.259145 1.116107 6.223625
7.827270 2.410616 12.240141 -26.843117 -4.752121 1.420917 5.665842 0.553023 0.977907 5.553186
8.393469 2.521384 13.199546 -29.687511 -5.060061 1.883136 6.282329 0.167699 1.030773 6.042208
7.353951 2.506246 11.557744 -25.492985 -4.721477 1.487072 5.092907 0.679124 1.177678 5.547966
9.932228 2.586475 15.739896 -34.594349 -5.516274 1.583511 7.486629 -0.042457 1.118198 7.274952
9.613079 2.556130 15.038472 -32.943245 -5.506851 1.690144 7.005190 0.060868 0.972851 6.773444
8.832617 2.376865 13.889379 -30.140505 -5.101304 1.502841 6.543842 0.065345 0.959510 6.148961
8.166370 2.472832 12.975761 -28.420853 -5.015978 1.523589 5.886236 0.492179 1.095698 5.911500
7.494184 2.091958 11.744728 -26.487793 -4.501994 1.707742 5.620666 0.245785 0.811832 5.371125
7.195134 2.340155 11.318945 -25.266029 -4.395791 1.504116 5.308969 0.420742 0.964135 5.213621
6.128294 2.073751 9.491234 -20.695217 -3.804368 1.361420 4.206178 0.546883 0.855953 4.408911
9.381334 2.453363 14.735570 -33.472618 -5.347468 2.020755 7.191427 -0.333673 0.888193 6.650498
7.036332 2.341328 11.036146 -24.112482 -4.420464 1.327385 4.863675 0.589498 1.064556 5.046527
10.627823 2.800347 16.652746 -36.211529 -5.860315 1.787898 7.797837 -0.065840 1.125554 7.383109
6.640599 2.344499 10.421389 -23.087946 -4.387647 1.492386 4.541587 0.744454 1.189533 4.929245
4.231505 1.802706 6.621472 -14.652925 -3.031581 1.286491 2.854123 0.632934 0.799528 3.161931
6.355065 2.172447 10.020333 -21.766956 -4.054490 1.407646 4.427970 0.555603 0.840378 4.614495
8.629416 2.576926 13.654344 -30.991646 -5.154752 1.767821 6.580711 0.174081 1.045753 6.319408
8.149315 2.527591 12.810605 -28.686954 -5.059732 1.636092 5.867405 0.358071 1.137800 5.906356
8.752842 2.614660 13.921186 -30.312679 -5.334251 1.583834 6.293220 0.485884 1.146983 6.247517
6.988186 2.220604 10.871193 -24.001841 -4.458678 1.567049 4.798644 0.525765 0.888444 4.961074
8.023339 2.360817 12.574923 -27.354227 -4.900134 1.669099 5.680717 0.457962 0.910267 5.740102
8.480505 2.526506 13.399926 -30.214651 -5.214044 1.976055 6.258011 0.305669 1.120539 6.169632
7.375688 2.364640 11.611513 -25.285374 -4.516637 1.384117 5.322329 0.559598 0.983023 5.283290
7.306585 2.473039 11.649187 -25.836304 -4.772959 1.537370 5.280594 0.762791 1.254177 5.501122
10.922624 2.603852 17.267021 -38.336044 -5.774426 2.257381 8.599527 -0.619581 0.856604 7.673626
8.167319 2.391456 12.753725 -28.365805 -4.922687 1.778563 5.972024 0.268079 0.941752 5.706176
8.364890 2.319722 13.407838 -29.916512 -4.678280 1.544621 6.780179 -0.164200 0.677502 6.263274
8.162784 2.549116 12.811738 -28.388817 -5.107502 1.624979 5.835421 0.566258 1.258415 5.951899
8.092165 2.342551 12.593765 -27.737869 -4.886051 1.751498 5.724694 0.417295 0.932503 5.796968
8.026912 2.646171 12.654236 -27.329536 -4.956994 1.393366 5.545300 0.539282 1.252665 5.932194
8.150505 2.445488 12.812796 -28.576635 -5.064650 1.823250 5.848374 0.381663 1.041203 5.867302
8.136027 2.414262 12.809993 -28.135263 -4.862214 1.611527 5.885510 0.317570 1.050479 5.740567
5.285481 2.216906 8.473783 -18.541946 -3.773150 1.201526 3.619548 0.979963 1.103514 4.121803
7.928926 2.424517 12.580297 -27.701546 -4.905089 1.528615 5.785900 0.451153 1.077549 5.710157
8.238005 2.540579 12.887852 -28.145243 -5.069505 1.795197 5.700459 0.553089 1.212582 5.881383
8.206255 2.428358 12.740561 -28.026302 -4.998113 1.694440 5.840964 0.506756 0.983639 5.694478
6.956528 2.346201 11.027471 -24.544575 -4.474382 1.435306 4.959655 0.563290 0.996301 5.231150
7.280181 2.294751 11.639711 -26.992048 -4.326848 1.874310 5.770694 -0.113631 0.933901 5.573170
6.414192 2.305349 10.091863 -22.627628 -4.217786 1.474969 4.474282 0.629963 1.091766 4.791328
7.894032 2.518194 12.577380 -27.937283 -4.922532 1.545825 5.806956 0.506667 1.113206 5.927487
7.574307 2.425166 11.898438 -25.976700 -4.622069 1.357844 5.358535 0.515251 0.968181 5.451604
7.521309 2.230038 11.771721 -26.526711 -4.600119 1.733508 5.570877 0.203748 0.910249 5.304966
6.995780 2.332269 10.931961 -23.749382 -4.472177 1.354596 4.799032 0.775080 1.003480 5.031672
8.775638 2.445011 13.781122 -29.929028 -5.029660 1.532768 6.415362 0.158673 0.927871 6.210421
8.171558 2.327891 12.722904 -28.211029 -5.040256 1.816197 5.849754 0.327909 1.016708 5.712876
6.513562 2.287693 10.130157 -22.921726 -4.293093 1.526795 4.558733 0.632308 1.105388 4.708974
7.475754 2.353374 11.724642 -25.979942 -4.664289 1.528391 5.422989 0.508822 1.019562 5.509174
7.593747 2.128007 11.932451 -26.668947 -4.463489 1.435349 5.791004 -0.053360 0.676317 5.484036
9.555914 2.443130 15.122025 -33.288002 -5.437299 1.833239 7.265129 -0.050490 0.893879 6.765380
9.458584 2.596688 14.961782 -33.132534 -5.554813 1.797472 7.072545 0.126332 1.103529 6.639194
7.035872 2.380485 11.013859 -24.346699 -4.470734 1.420240 4.960264 0.712958 1.073943 5.198668
6.803302 2.325789 10.567307 -23.783436 -4.304797 1.447398 4.804524 0.510028 1.091582 5.008509
8.380392 2.634691 13.314703 -29.736866 -5.067131 1.528611 6.147264 0.395419 1.131410 6.228661
7.720325 2.587047 12.218853 -26.875059 -5.002800 1.472770 5.437041 0.823499 1.252858 5.729225
7.274229 2.496578 11.345685 -25.555206 -4.610979 1.520216 5.150995 0.543441 1.109874 5.320681
8.262598 2.506757 13.039389 -28.626814 -5.065863 1.487847 6.007126 0.419489 0.990223 5.965254
8.632857 2.440949 13.742118 -30.118942 -5.289301 1.449532 6.441947 0.471387 1.093132 6.317304
