2.171282 28.113636 0.295100 33.870678 6.537954 -1.749746 40.325394 27.247763 9.141222 -12.675829
4.935265 23.111088 11.832141 27.107071 6.402467 3.651036 34.610588 7.492567 12.154972 -16.830019
-0.670892 30.259121 6.168862 31.258333 2.360231 1.932093 40.202717 36.161381 17.159363 -32.819901
8.423559 17.809851 0.403903 28.527876 11.132013 -0.587695 33.122215 7.190692 4.779306 -1.946748
11.649481 11.251359 -7.512423 26.714893 11.920641 -3.567673 35.549427 24.003304 5.376191 -17.806019
8.510544 14.605107 15.463015 21.326630 8.498612 5.983528 26.272348 -10.529766 12.226655 -13.797401
22.193817 -19.248896 -14.840939 -0.695229 17.322615 -1.917702 9.877649 7.278961 -2.985268 -17.070023
11.952383 5.954902 -1.320285 19.849653 11.238667 7.172739 21.407722 4.590427 -0.255526 -18.009695
10.360772 7.631844 -3.966449 23.236515 13.788109 0.123779 24.037205 -4.293544 0.970290 3.005636
13.279764 0.529870 4.159389 15.698136 12.992382 4.228913 19.615158 -11.028016 4.989549 -12.648672
22.435476 -14.900968 2.949777 0.415200 13.948680 9.690490 5.225232 -15.559525 -5.111462 -6.950166
8.158458 8.982841 -2.946210 22.992573 12.317534 0.557316 22.298700 -3.863822 2.078918 1.401733
-2.641859 23.492743 -0.912171 28.999821 8.157936 -2.978077 25.583656 -1.356846 9.595180 14.112876
22.360191 -3.722904 5.930390 11.988915 16.377918 8.162934 15.515713 -16.798977 -0.146211 0.676175
6.806921 18.783409 -6.654473 30.759737 11.104189 -5.178544 37.443024 20.822685 6.614047 -4.162327
26.077812 -23.778126 -11.056172 -3.675503 18.009548 1.847708 7.298440 0.473213 -7.553009 -14.335340
2.370667 22.328735 18.511147 25.028395 4.157346 11.829805 23.700497 -11.784299 7.591406 -8.611894
11.712558 5.986003 -0.296418 19.947170 13.443453 2.252714 20.621960 -12.504499 0.370153 13.093564
-2.875031 29.218967 3.221633 31.334152 1.869991 1.588274 37.201817 36.778004 17.318159 -33.948727
18.176189 -5.483005 -1.858627 12.490022 13.969336 2.305743 23.377237 3.582151 1.703114 -20.201525
-3.258775 32.089188 -6.308745 36.967911 8.592817 -9.014380 36.924484 16.213461 8.749382 19.558233
21.524536 -17.004301 -15.432783 9.793704 18.470840 -7.214263 21.821936 9.384349 0.769926 -18.793036
-0.887430 22.501347 24.088230 21.294718 1.994250 11.990196 21.829567 -12.357510 17.616264 -21.831053
18.039093 -6.030064 2.993436 8.104652 14.408339 6.051275 6.406173 -23.499481 -0.954187 14.985000
26.042812 -19.813148 -5.358403 -0.046693 18.499395 4.000049 8.058403 -9.758047 -3.549641 -8.347729
2.444762 25.503277 1.343196 30.534601 9.190434 -3.016461 35.017876 9.655741 9.926386 5.052085
5.046578 26.067150 12.835532 28.491684 7.799466 3.696799 31.765514 -5.830898 5.563951 11.078967
5.789271 26.255873 2.800079 31.398834 8.190504 -0.306634 33.656631 7.436113 -1.092429 18.491024
0.771523 33.590870 17.024948 31.108660 1.144623 10.169453 37.106949 17.550331 10.299723 -20.341139
5.593935 15.193736 5.835466 23.988800 9.955084 1.885264 24.764486 -9.865151 6.803234 5.272207
2.804178 14.323050 -17.140572 30.325933 12.768914 -14.804928 35.125797 27.967112 13.103622 -9.084291
12.574478 5.311107 -3.012184 22.021830 13.610564 0.517233 26.865925 -2.548732 0.061558 2.752505
24.947832 -19.502090 -7.412128 -0.337464 17.782530 5.347886 5.271628 -11.431905 -7.479237 0.709000
-3.723562 32.651215 -12.846180 40.171474 7.986479 -11.216208 42.908882 38.833565 12.081389 -0.592636
4.300646 20.643208 -18.628796 34.695305 10.829823 -9.797400 39.809395 43.334846 4.229838 -6.479616
11.241735 8.186316 -5.416489 24.099550 14.174973 0.784679 22.887684 -6.170004 -5.333973 19.279312
0.374734 29.964767 11.835619 27.538372 0.071667 9.978198 36.201313 33.532990 12.953984 -33.864456
10.216963 2.383320 3.935087 11.029136 11.124687 4.589026 7.880734 -22.647287 4.055562 17.005968
28.645409 -24.466309 -15.544421 -2.224772 20.838877 0.585043 7.095435 -1.152604 -9.503431 -5.332751
27.349800 -12.111535 -2.902210 7.936148 19.275930 7.100313 12.317655 -13.552922 -6.433562 5.765142
7.309987 20.316505 -0.860252 29.759052 10.085200 1.684397 30.634020 4.080577 -3.299316 16.494751
29.687115 -23.618700 -12.453127 0.971052 20.316896 1.463712 11.928140 -0.396041 -8.456307 -11.281272
5.600183 18.109592 3.897673 25.361357 8.284496 3.245380 28.098951 3.964129 7.426545 -7.387023
20.093975 -7.986869 4.497590 7.344514 15.160123 7.993571 11.400843 -17.836571 1.469732 -7.667139
22.357643 -21.531088 -16.053511 1.741922 19.030455 -2.770065 9.117576 -2.032632 -3.859680 -5.188833
13.873498 3.536916 12.032824 12.150990 10.562537 11.187274 12.412977 -20.899384 1.334249 -0.166448
15.792934 -0.075733 -5.615704 16.272940 12.561152 3.282217 21.259136 8.852923 -2.768595 -14.609390
23.251896 -13.135863 1.545573 2.305105 15.846272 7.913281 5.463674 -18.017643 -3.388573 1.775636
17.467081 1.152501 -1.834086 17.696257 16.123022 -1.433000 26.753757 -1.400038 4.258576 -4.799351
17.265562 -15.209027 -35.205170 12.194049 19.888020 -21.540287 22.939442 31.070620 1.315406 -1.250784
5.673932 20.109406 -7.291289 32.781330 12.311499 -7.960127 35.701290 10.428091 2.522779 15.770674
21.945217 -10.705705 -5.878205 12.881932 19.241011 0.626506 21.512024 -6.994486 -0.169108 -5.066251
10.812076 11.693263 -5.524405 26.993650 11.994091 3.141668 28.108637 8.730754 -3.020109 -4.192276
6.989728 18.066076 0.397583 27.317509 10.072374 -4.357527 36.989578 17.470839 12.667913 -14.282597
14.029872 4.495088 -18.081772 24.978977 15.359255 -8.500306 32.952042 26.757664 0.681259 -6.584447
15.802456 -6.795607 11.159536 3.956198 10.203642 10.930921 3.682038 -25.130108 1.938177 -1.534133
8.974905 13.188542 -2.583229 22.851238 11.107054 1.748657 21.489353 -2.949294 -4.190777 23.509352
10.955084 6.908826 -16.217802 25.261580 14.714363 -5.884375 28.734095 19.525021 -1.620074 1.059358
23.494465 -10.194278 -4.809406 12.083232 18.031080 -0.133341 24.578083 2.363301 0.456940 -15.970300
13.027690 0.021500 3.283419 10.392251 10.243816 10.584344 13.010095 -6.316314 0.369622 -12.622966
13.471172 -6.223237 5.654587 5.585132 10.755160 7.243791 3.154960 -24.141071 1.642302 7.280297
5.039896 25.192097 16.897690 25.506514 5.068468 8.159127 30.705021 -0.758297 8.146784 -7.236985
21.201500 -12.327776 -1.761335 5.896194 15.082134 4.927499 9.744557 -9.782886 -1.426074 -8.512316
10.540095 4.819980 5.374310 17.027990 11.425389 3.524919 20.881233 -8.001789 7.744647 -14.312338
12.120189 -0.539748 -30.883450 26.384869 17.734291 -18.030033 33.174068 35.878231 2.196942 -5.890379
26.922142 -7.596078 3.421316 10.335998 19.116547 6.709785 14.173569 -17.185829 -1.012128 4.343087
25.584969 -18.149010 -6.309777 2.896342 19.607491 3.268960 9.364866 -12.294206 -3.891337 -0.559665
17.622633 -2.042478 9.386681 12.310538 12.512271 10.490541 15.985093 -16.385445 1.931986 -12.835425
9.334518 8.029141 18.801117 15.497302 7.542970 13.064416 15.068983 -21.884083 7.674036 -14.703634
4.632986 12.503241 1.282316 23.937595 11.642902 1.442392 19.668083 -19.207844 4.086501 22.446966
4.247452 22.370461 -8.004226 33.918449 11.002695 -3.686241 35.448566 17.529701 1.314864 8.105545
