-1.786048 3.433121 -4.371983 1.289869 -18.787830 1.394869 2.749263 -1.545512 -1.181085 -0.210301
-1.399578 5.246753 -2.359801 -2.283444 -16.207182 -2.766392 6.776365 -0.553518 -1.622509 2.065354
-2.637609 1.571146 -4.707981 1.457703 -20.211084 3.915146 0.979745 -0.610120 -0.553920 -0.181393
-0.191178 6.171427 -2.769187 0.070401 -13.868046 -3.415306 6.804243 -2.023094 -2.376715 0.211392
0.978354 3.022427 -7.080434 7.197018 -15.204782 0.198459 0.954452 -4.699740 -1.555375 -6.469657
-0.205007 8.424549 1.848930 -2.626267 -5.389126 -8.433902 12.786376 -1.996366 -3.595616 3.109946
6.017100 1.866229 -7.678608 12.185322 -2.155841 -1.847315 1.762120 -8.904574 -2.282543 -10.318723
0.892815 3.440733 -4.283327 6.403474 -7.387835 -1.586497 1.748241 -4.779017 -1.370751 -5.632452
1.995035 7.767313 -2.051937 2.719582 -6.251192 -5.963448 8.672021 -4.434557 -4.020673 -2.447407
4.477764 7.625629 -1.088937 5.120856 -0.437400 -7.899132 11.006246 -6.528212 -3.543386 -2.626931
5.102094 7.274320 -3.656841 7.598643 1.625809 -6.944383 9.078240 -8.143524 -3.446073 -5.609850
1.426634 8.216656 0.819258 1.014183 -4.519649 -6.824658 10.814428 -3.398144 -3.451052 1.616445
-0.001068 8.325102 3.941203 -4.426835 -9.837479 -4.058965 11.462876 0.052380 -2.616785 9.820797
2.704185 7.870545 -0.210385 1.603665 2.168545 -8.489774 13.433505 -4.933293 -4.486650 -1.881796
-1.079527 3.769359 -5.403622 2.227669 -17.421675 -0.774401 3.037249 -2.337033 -1.467708 -2.780670
5.882680 3.185189 -8.008626 11.218330 -1.913334 -3.269334 3.784070 -9.100001 -3.143133 -10.826551
1.159735 8.959515 2.145373 -2.117611 -6.057193 -6.337822 11.873120 -1.877064 -3.853441 5.270224
1.220406 8.564602 1.896047 -1.192656 -0.900142 -7.886355 13.473430 -3.198100 -3.824731 2.200718
-3.033035 1.438276 -4.240465 1.989630 -20.256571 4.930260 -0.232678 -0.865138 -0.345183 0.280747
7.743095 2.662086 -6.205400 12.054266 -2.269355 -2.785433 2.869774 -8.465326 -2.413531 -8.023004
-3.534396 5.261885 -0.680089 -4.289561 -17.778677 -0.522249 6.549310 0.864408 -1.339857 5.096264
7.373350 2.632908 -7.599964 13.168161 -2.019506 -3.305046 2.777568 -9.384676 -2.930105 -10.064563
3.005518 8.379140 6.098394 -3.865488 -3.922719 -5.381574 14.530126 -1.073452 -2.605754 11.122163
0.720042 7.670269 1.928724 -2.143837 3.192765 -7.616818 15.314456 -2.911889 -3.973108 2.817521
6.479685 2.747569 -7.547520 13.200282 -1.312322 -4.619401 2.486022 -9.634307 -2.253834 -11.099831
-1.173961 4.383492 -2.878573 -1.010216 -17.130623 -0.710950 5.729518 -0.628340 -1.487004 1.538410
-1.872807 6.639094 -0.394639 -5.243277 -13.457829 -4.250199 9.176061 0.116874 -1.812059 4.206610
-3.100618 6.067131 -2.005835 -5.265407 -15.359043 -2.865136 7.038356 0.236209 -1.217137 2.654402
-3.692459 4.380032 -3.375996 -3.268337 -19.130968 -0.503033 4.681272 0.044600 -0.887616 1.509402
2.377225 7.575127 1.280588 -0.851843 -8.083076 -5.532729 11.037816 -2.110104 -3.007957 4.635505
2.400615 1.407871 -5.194056 7.882610 -15.999582 2.349735 1.311258 -3.712568 -1.068929 -2.500598
2.266214 6.935164 -1.404112 3.080762 -6.788797 -6.212504 8.488989 -4.537659 -3.279377 -1.035858
6.356505 4.712809 -6.979503 11.631743 -0.613815 -4.375367 4.817101 -9.721283 -3.268336 -10.256128
-3.223893 0.959835 -5.182478 1.914523 -21.781340 4.924809 -0.314306 -0.712121 -0.264399 -0.744223
-1.570951 0.102972 -6.484265 5.747902 -20.319101 5.056980 -1.913484 -2.580922 -0.291930 -3.945890
-0.407070 8.695605 -0.783213 -1.091395 -5.793303 -7.541654 10.169652 -3.237442 -3.866588 -0.724405
-4.023173 0.755495 -5.147030 -0.287942 -21.102753 4.708088 0.356728 0.345641 0.462850 -0.453029
2.117878 7.319911 3.863862 -3.762685 3.425660 -5.817008 15.877464 -2.041934 -2.838241 5.961192
5.900639 3.835020 -7.016932 11.721916 -0.446386 -5.246823 3.818836 -9.414377 -2.773339 -11.109697
2.934382 6.699404 -3.475425 5.467138 1.121980 -7.868452 9.856765 -6.945828 -4.449618 -7.705811
-2.702436 6.010562 -1.397227 -2.846835 -14.813393 -2.544740 6.506597 -0.720391 -1.842113 2.458998
5.583559 3.980226 -7.108325 11.606411 -1.008116 -4.900816 3.900879 -9.363812 -2.825310 -10.886882
-2.498816 6.522739 0.895227 -3.653334 -12.842622 -2.807124 8.156888 -0.375899 -2.176016 5.006265
3.790507 8.014158 -0.207174 3.433856 2.240216 -8.324097 13.555112 -5.638083 -3.879330 -1.882553
6.926291 2.333145 -6.904590 11.898161 -0.575285 -3.689957 3.778687 -8.737008 -2.656877 -9.758860
3.377503 5.680859 -3.906663 6.165243 -0.017431 -6.425438 7.235806 -6.766846 -3.552478 -7.591901
1.239096 7.123259 0.530670 -0.456661 1.784116 -7.745612 12.589177 -3.963141 -3.723449 -0.859379
4.017364 3.814346 -3.374365 9.907887 -7.450254 -0.751226 2.253127 -5.976562 -1.957712 -4.240237
3.959844 6.731318 -3.455361 6.512563 1.251967 -7.362099 9.865270 -7.087575 -3.872569 -6.783686
3.600661 4.959412 -4.681734 5.183274 -4.253628 -6.353051 7.388995 -5.515112 -2.774881 -6.849021
5.115833 -4.448985 -10.937206 12.423931 -7.418598 1.305139 -1.356056 -7.444942 -0.776349 -12.043104
-1.853659 5.613932 -2.518579 -2.649420 -16.495268 -3.057771 6.696971 -0.614688 -1.591986 1.931017
5.878291 4.530964 -6.361845 10.969119 -1.635887 -4.712883 4.536754 -8.874645 -3.372706 -9.784227
-1.279986 5.960765 -3.686583 1.781645 -11.812954 -3.214024 4.033256 -3.502861 -2.499699 -2.744340
-0.022188 2.803199 -4.597472 2.090570 -16.340998 -0.809904 4.000798 -1.695547 -0.917109 -2.076101
1.619120 0.942304 -8.359482 8.929655 -15.925030 1.010386 -1.097990 -5.329300 -0.826913 -8.907913
4.183207 9.494553 1.915065 -0.473859 3.698210 -6.840559 15.781446 -3.831993 -3.957403 4.938400
-2.024385 7.115640 1.039173 -4.188301 -4.280532 -6.944704 11.183481 -1.501199 -3.656561 0.135041
-0.094703 3.413771 -5.005544 3.766357 -14.233099 -0.933930 2.380007 -3.322780 -1.011591 -3.759395
5.706841 2.577119 -8.220769 12.766875 -2.060520 -4.039554 2.528722 -9.409695 -2.407499 -11.866715
5.896887 6.418431 -1.137991 3.724189 -1.310539 -3.944075 10.083861 -5.315684 -3.914766 0.021708
4.774163 9.090631 1.560933 1.835990 2.897068 -6.694485 13.573895 -4.864868 -3.225394 4.643265
-0.791722 4.955070 -2.402698 -3.018668 -14.974436 -3.020218 7.624814 -0.237320 -1.270627 2.102937
4.479296 5.756666 -3.557724 7.734976 0.697477 -7.562674 7.974041 -7.500558 -3.077480 -6.927156
0.838412 7.848416 2.227933 -2.117381 2.739428 -8.205907 15.049293 -3.074740 -3.822523 2.458739
3.864489 -0.421230 -10.564881 13.955570 -13.460880 0.975831 -3.753347 -7.786374 -0.719602 -12.887786
3.614396 7.466526 -3.338668 5.386951 0.758880 -8.252110 10.597499 -6.886208 -4.952918 -6.798825
4.298064 6.574509 -3.177289 7.446912 1.417426 -7.382775 9.192953 -7.538026 -3.234061 -6.139048
5.019363 8.392576 -2.055025 5.561227 1.563058 -7.054835 11.301036 -7.125646 -3.836710 -3.099704
3.619456 9.000962 2.700835 -0.658515 1.948143 -7.766580 15.352745 -3.814985 -3.918572 4.273538
4.084008 9.701479 3.564394 -1.834748 1.301548 -7.926258 16.295076 -3.171603 -3.702797 6.094588
-1.494274 5.429005 -2.799166 0.382449 -16.071951 -0.662101 4.665879 -1.792122 -1.940950 1.354772
