-8.162345 7.210468 1.275578 -12.188097 7.675942 -12.414481 -1.559185 0.728347 2.142620 -1.610627
-7.392605 5.950546 0.976368 -10.062035 5.835548 -10.841881 -0.199381 1.794911 1.590567 -1.335381
-13.907441 18.199293 8.995651 -23.394018 28.206955 -7.202289 -12.648355 -26.784882 18.337019 4.076620
-12.537359 16.173140 7.820534 -21.383394 24.877958 -7.805646 -11.618845 -22.983276 15.853659 3.277226
-13.979134 18.552319 9.196269 -23.962875 28.819555 -7.882131 -13.277803 -27.094040 18.296814 3.860841
-7.524691 6.422791 0.889512 -11.041961 6.483186 -11.455584 -0.729953 1.659676 1.960135 -1.409151
-12.809453 17.040668 8.466120 -22.539059 26.644505 -8.146120 -12.538145 -24.492252 16.207401 3.066633
-13.528074 17.487497 8.786109 -21.918152 27.057108 -6.706884 -11.604662 -25.471920 17.144745 4.111030
-8.239614 9.803158 3.915921 -15.572612 15.023790 -9.493586 -7.132662 -9.555634 8.029887 -0.333587
-9.969744 11.837873 5.446198 -16.927925 18.534521 -7.725734 -8.902447 -15.995228 11.734985 1.611645
-8.482008 7.560393 1.121670 -11.798032 7.007424 -12.425508 -0.780218 1.459382 1.634367 -1.539680
-12.238636 16.034569 7.692538 -21.083115 25.067799 -7.841661 -11.552459 -22.414040 15.245260 2.807653
-10.224279 13.179701 6.117787 -19.450333 21.119925 -8.844293 -10.564782 -17.496946 12.580644 1.097741
-12.523649 17.186075 8.576963 -22.425858 26.839319 -8.366695 -12.510629 -24.401579 15.986250 2.967542
-8.694376 7.213345 1.412334 -10.949233 6.386008 -12.479404 -0.003656 2.131243 0.933195 -1.369329
-12.351932 16.695011 8.371480 -22.056889 26.187325 -8.382458 -12.073433 -22.848957 15.577263 2.573651
-14.525627 19.778954 10.084115 -24.989817 30.689747 -7.900331 -13.795271 -29.100994 19.106070 4.365402
-16.159702 21.928530 10.898484 -26.262165 33.800880 -7.364336 -14.369375 -32.174698 20.668756 5.597789
-7.680996 6.637157 1.026357 -11.889199 7.301291 -11.939331 -1.466877 0.974726 2.356060 -1.603325
-14.880190 19.432175 9.666710 -23.807808 29.819963 -6.571846 -12.529572 -28.447741 19.219219 5.261753
-8.044865 7.347058 1.402421 -12.794952 8.574143 -12.308029 -2.367360 -0.285955 2.963801 -1.509766
-15.637438 20.747149 10.245349 -25.763725 31.975424 -7.294143 -14.085512 -30.869404 20.610720 5.340113
-15.215739 20.225813 10.475780 -25.435888 31.241911 -7.211423 -13.701124 -29.945923 19.839352 4.921844
-6.854243 6.160748 0.995952 -11.065235 7.064351 -10.747108 -1.746156 0.524087 2.609061 -1.437976
-8.762609 6.538125 1.184273 -9.276309 4.585266 -11.491718 1.743065 3.602490 0.293000 -0.828191
-12.204277 15.602678 7.342292 -21.365599 24.063728 -8.256886 -11.743006 -22.205418 15.627896 2.722623
-13.427873 18.449827 9.599719 -23.611919 29.090279 -8.008413 -12.805326 -26.543360 17.408541 3.528849
-9.816331 7.327714 1.582865 -9.165015 4.451526 -11.906022 2.605109 3.973129 -0.344139 -0.397384
-8.169572 9.500477 3.757199 -15.486115 14.972921 -9.180434 -7.612446 -10.552567 8.818863 -0.043577
-7.780202 6.527135 1.063778 -11.419336 6.709580 -11.872999 -0.896250 1.694576 1.879876 -1.514215
-11.842957 15.490595 7.333046 -20.586794 24.173344 -8.227077 -11.312238 -21.250023 14.435738 2.418150
-7.808722 8.148935 2.057847 -12.790977 10.088924 -11.150938 -3.565486 -3.010463 3.829283 -1.013565
-18.216877 24.710146 12.952125 -28.985481 37.883446 -6.463770 -15.216926 -37.324043 24.385578 7.433636
-7.932976 8.474377 2.754134 -13.773511 11.705372 -10.270406 -5.410325 -5.838016 5.950078 -0.659628
-14.892746 19.424284 9.805611 -24.287624 29.717968 -7.449121 -13.200874 -28.404114 18.711636 4.949097
-6.148097 6.123442 2.075530 -10.721510 9.229412 -7.837893 -4.085009 -4.671032 5.336549 -0.487297
-7.589723 8.777926 3.090599 -14.638430 13.012348 -10.544069 -5.866728 -6.489027 6.153874 -1.026009
-9.900603 13.229365 6.460167 -20.031963 21.020880 -9.082303 -10.154802 -17.189213 12.448177 0.969693
-7.901136 6.484784 1.034673 -10.905460 6.239929 -11.916036 -0.114745 2.262407 1.430497 -1.517335
-9.526518 12.056033 5.463745 -17.531693 18.988527 -8.890595 -9.147196 -14.863680 10.514760 0.703608
-8.040003 9.150322 4.857157 -13.941977 14.301381 -6.762063 -6.120289 -11.362715 9.169348 1.087589
-7.235886 5.477615 0.975991 -8.931933 4.829486 -10.059786 0.654056 2.486766 1.140806 -0.863410
-7.891546 6.593484 1.170108 -11.459743 6.820516 -11.943806 -0.908784 1.340335 1.897770 -1.540945
-12.999760 17.371773 8.754125 -22.893255 27.411692 -8.264202 -12.569915 -24.536869 16.783791 3.106011
-7.792056 6.900497 1.291970 -12.020433 7.875136 -11.911952 -1.687723 0.532211 2.488061 -1.544675
-17.028236 23.221748 11.531413 -27.829426 35.723171 -7.513922 -15.225953 -34.332668 22.261261 6.099535
-12.929374 16.441742 8.410805 -21.992907 24.956587 -7.416616 -11.439421 -23.712540 16.352551 3.767577
-13.988680 18.125628 8.818363 -23.176256 27.422173 -7.189227 -12.475097 -26.603092 18.350063 4.680525
-8.425419 9.477080 3.559532 -15.147836 13.965618 -9.867738 -6.500345 -8.650931 7.700775 -0.183423
-8.143130 10.094275 3.904262 -16.488026 15.719568 -9.748529 -8.198158 -10.837414 9.190807 -0.203966
-10.710068 14.814074 6.851000 -20.320150 23.127069 -8.726500 -11.285160 -20.114250 13.184707 1.769858
-12.274474 15.768717 7.589026 -20.893257 24.551477 -7.715180 -11.257150 -22.391302 15.571855 2.881570
-13.633948 18.530899 9.235530 -23.780624 29.055988 -7.977008 -13.006908 -26.615795 17.545120 3.625630
-12.245321 16.212109 7.908062 -21.899599 25.565533 -8.278340 -11.952672 -22.735203 15.364569 2.584385
-8.365865 7.199405 1.188733 -11.041542 6.561436 -12.098348 -0.142117 2.075457 0.992799 -1.544418
-9.599883 11.849340 5.440713 -17.658140 18.689503 -8.897834 -9.302965 -14.792553 11.090986 0.869822
-9.546992 12.544497 5.464813 -17.532099 19.257938 -9.329739 -8.862823 -14.559394 9.989624 0.706127
-7.617255 7.991127 2.440168 -13.346724 11.069568 -10.609694 -4.594438 -4.236885 4.741978 -1.065438
-13.803616 18.794714 8.965606 -23.545155 28.981697 -7.921482 -13.194288 -26.779861 17.447441 3.850623
-7.923209 6.967237 1.380940 -11.727427 7.516576 -12.061082 -1.449053 0.763529 2.123117 -1.590957
-10.115079 12.951904 6.509093 -18.900539 20.167278 -8.724173 -9.247849 -16.164062 11.716121 1.124868
-9.379105 11.542321 5.313476 -17.249454 17.440598 -8.074670 -8.459587 -14.562273 11.018717 1.079877
-17.327833 22.948563 11.420355 -27.538776 35.167839 -7.158723 -14.947269 -34.415257 22.719868 6.737786
-16.421616 21.768152 10.744256 -26.632782 33.484558 -7.572198 -14.683684 -32.418106 21.152859 5.712234
-14.946980 20.535145 10.347178 -24.988102 31.611288 -7.573004 -13.879827 -30.019171 19.443235 4.851771
-10.874546 14.752675 6.561938 -19.743801 22.712540 -8.821189 -10.666113 -19.189360 12.498456 1.744823
-8.449113 10.250233 3.765983 -16.292521 15.355238 -10.177235 -7.746197 -10.174669 8.164562 -0.313523
-9.213214 7.180390 1.088294 -10.822746 5.528491 -12.779401 0.967086 3.315984 0.552530 -1.317764
