-0.981028 7.499275 -17.699921 10.123175 -24.726852 -5.228219 -16.618998 -2.320771 -1.339963 12.384885
-3.804281 10.630929 -12.413409 4.917810 -20.782665 -9.914641 -11.629206 -1.111776 -1.153366 9.975452
-7.060368 14.162807 -4.743529 -1.554512 -17.232075 -16.893766 -7.011842 -0.501676 -0.902040 9.639213
-5.416314 12.014152 -7.046390 1.068644 -19.400013 -13.658249 -9.750208 -2.534553 -2.087327 10.557045
5.113154 0.118230 -28.590445 20.969786 -31.514530 7.087420 -27.343691 -6.557424 -3.078792 14.658252
11.724389 -8.131776 -43.401947 33.086826 -37.604969 22.010515 -36.255486 -9.538386 -3.938971 16.034904
10.946549 -7.087026 -39.515480 30.203650 -35.608788 19.460070 -34.370338 -9.487710 -4.113193 15.920527
-0.749139 7.076528 -16.087904 9.734560 -24.354340 -4.549517 -16.982283 -3.884274 -2.792491 12.150669
7.094128 -4.135515 -29.789444 22.859940 -28.025978 12.562878 -26.547676 -6.633236 -3.660185 13.540535
-5.884441 12.162378 -5.828109 -0.000925 -18.611233 -15.114655 -8.871146 -1.603364 -0.852090 10.798815
5.812981 -1.501437 -28.464125 21.433754 -30.031937 8.623853 -25.368032 -5.147161 -2.631718 14.559434
9.043154 -5.479547 -35.319885 27.598398 -34.468204 15.222931 -31.556421 -8.621098 -3.400564 15.906355
-1.682740 6.886753 -15.466836 9.304726 -24.433393 -5.926865 -16.684164 -3.791691 -1.915519 13.008295
2.987215 3.067501 -21.959763 15.351450 -25.440712 2.447676 -21.336557 -6.429542 -4.429496 12.059834
9.998940 -5.196970 -36.422253 27.832062 -35.921738 16.588034 -33.045498 -9.069690 -5.444100 15.670372
5.939136 -1.255460 -29.173605 21.198919 -31.351789 8.660288 -26.997753 -6.406642 -2.840404 15.005135
3.741065 0.181140 -24.198303 17.723902 -28.399662 4.802763 -22.922918 -5.295695 -2.321163 14.425531
10.239940 -7.369218 -38.313507 29.776798 -35.005970 19.326571 -33.591385 -8.845483 -4.352843 15.880083
-7.387404 14.486726 -3.280359 -2.762618 -16.480339 -18.012415 -6.188597 -0.636667 -0.766639 9.571624
-0.600465 5.879612 -16.851452 10.556204 -24.828201 -4.675861 -17.253355 -3.789040 -1.606739 13.247101
-4.054868 9.637311 -10.633877 4.534940 -21.264194 -10.517240 -12.836647 -2.862130 -1.430328 11.766826
7.288891 -3.455431 -33.387253 25.257467 -32.693253 12.465381 -30.261049 -8.375784 -3.600502 15.322712
3.466414 3.652337 -26.930264 18.729095 -29.317822 2.330831 -23.535723 -2.969864 -1.703865 12.881397
9.177253 -4.431998 -34.698402 27.126738 -31.129139 14.557007 -29.753374 -7.383873 -3.972113 14.359804
6.767689 -3.047506 -28.426773 22.029474 -28.308590 10.573804 -26.089556 -6.228544 -2.873871 13.880707
5.749425 -1.316042 -25.950293 19.391249 -27.987427 7.508544 -24.075666 -5.958004 -2.466498 13.212667
10.808482 -7.190176 -39.048286 29.894547 -34.847549 19.504984 -34.086678 -9.061139 -4.252676 15.385292
9.956347 -6.216990 -38.279583 29.503481 -35.330524 17.737162 -32.819908 -8.152173 -3.110530 15.765934
-2.847023 9.001186 -14.123483 7.266877 -23.371511 -8.143249 -14.785847 -2.583709 -1.524788 12.570182
11.051810 -7.131571 -41.338348 31.968100 -37.275894 20.057714 -35.829166 -9.604649 -4.354783 16.300863
10.038098 -5.794297 -41.532368 30.944586 -36.992634 19.181168 -35.376186 -10.194415 -4.476598 15.631042
-6.190005 12.200361 -5.070010 -0.340298 -17.285824 -14.711191 -8.111160 -1.420425 -0.755994 10.036415
9.916728 -7.429629 -41.147926 30.894434 -35.913177 20.229055 -35.769562 -9.769124 -4.390242 16.051529
0.521108 4.181678 -18.713879 12.744688 -25.787472 -1.693783 -19.358088 -4.712558 -1.892080 13.375116
-6.772288 13.142733 -4.615327 -1.317127 -17.537216 -16.295237 -7.600672 -1.094019 -0.686730 10.404850
10.113198 -6.503154 -36.776619 28.474854 -32.835922 17.782972 -31.009321 -7.535312 -2.932592 15.002848
-6.729581 13.465877 -4.646728 -1.522378 -17.358145 -16.559622 -7.301675 -0.887607 -0.800717 10.143257
-5.603086 12.020898 -7.724752 1.451460 -19.317802 -14.017236 -9.653194 -1.287860 -0.767960 10.849014
11.754716 -8.308631 -41.523331 32.318333 -36.483688 21.338852 -35.354496 -9.262875 -3.964729 15.921377
0.272296 6.593484 -17.076036 10.507491 -25.049862 -4.002629 -17.902159 -3.829631 -2.616443 11.895475
9.087011 -4.599864 -34.515594 25.835495 -33.123878 14.723277 -29.531286 -6.433110 -2.394626 15.014692
-1.285426 8.030844 -15.404264 8.871556 -24.178188 -6.418290 -15.750751 -2.760008 -1.881135 12.013284
-3.653224 10.046865 -9.556538 3.648000 -20.702658 -10.861619 -11.636642 -2.487647 -1.330373 11.320485
4.191048 1.521188 -23.790863 16.619619 -27.250809 4.503366 -22.865259 -7.122564 -5.068764 12.688006
-5.057786 10.860423 -8.073453 2.280810 -19.685955 -12.657020 -10.585925 -2.060698 -0.977418 11.232853
9.765127 -6.300241 -35.916794 28.322931 -33.566570 16.313177 -31.009945 -7.393166 -2.644423 15.325653
7.934157 -3.532498 -35.754375 26.727688 -34.909470 13.625102 -31.675695 -7.503150 -3.202594 15.525297
-2.778734 9.706168 -13.425763 6.605949 -23.014561 -8.709641 -14.573397 -2.630377 -1.983944 11.796027
10.038895 -6.933729 -38.051109 29.665442 -35.090355 18.002886 -33.568996 -9.061137 -3.754473 15.745380
-2.582718 8.958076 -13.006320 6.551428 -22.301628 -8.810905 -13.890969 -2.407472 -1.812791 11.643113
-4.746670 10.893564 -8.166670 2.261822 -18.940279 -12.103539 -10.130220 -1.900967 -1.278674 9.933104
-6.733768 12.343640 -4.207296 -1.044431 -17.288963 -15.487592 -7.682059 -1.810036 -1.076116 10.123484
10.535840 -7.949075 -41.970261 31.908571 -36.646828 20.893625 -35.822601 -9.496795 -3.908466 16.057711
1.027049 5.393520 -21.428555 14.422646 -27.529449 -0.447222 -20.691536 -4.317057 -2.445214 13.403259
-4.401770 12.614675 -11.912910 4.463764 -20.586506 -10.816318 -11.233333 -0.571418 -1.910650 9.666646
11.093650 -8.189857 -39.050369 31.050732 -34.322403 20.159498 -33.351967 -8.834779 -3.904932 15.641356
9.504730 -7.296878 -40.214001 30.915556 -35.412128 19.834576 -34.529358 -9.367968 -4.163104 15.862255
0.137852 6.106379 -18.762909 11.524818 -26.207638 -3.662727 -18.993193 -3.731881 -1.849283 13.207230
-6.887483 13.118621 -3.891282 -1.788042 -16.858707 -16.538939 -7.057221 -1.090197 -0.657417 10.064360
1.695483 4.068510 -22.601437 15.555578 -27.775703 0.290604 -21.699709 -4.129014 -1.837807 13.160517
8.481133 -4.370532 -35.645374 27.031548 -34.211979 13.224674 -32.354336 -8.144231 -4.310267 15.458716
10.535775 -6.446165 -37.216476 29.160128 -32.185272 18.011343 -31.544107 -8.178885 -4.115866 14.682861
9.876308 -6.532832 -38.688416 29.832167 -35.862213 17.971968 -33.283562 -8.391294 -3.632638 16.122936
-1.565493 8.400129 -15.518958 8.235632 -23.827303 -6.635404 -15.631997 -2.515254 -2.030724 11.896121
1.966622 2.577073 -21.390148 14.415421 -27.143934 1.057458 -20.537933 -3.793041 -1.161898 13.333384
7.285532 -3.936482 -31.869072 24.303331 -31.669439 11.940894 -28.528471 -6.771437 -2.656912 14.765480
10.134418 -6.380702 -39.290276 30.038099 -36.727676 17.626482 -34.469238 -8.525816 -3.205602 16.251928
9.808669 -6.953089 -40.750507 30.446459 -35.651073 19.871920 -35.819176 -9.991565 -4.682794 15.393660
10.093320 -7.654953 -41.975014 31.838156 -36.656849 21.012190 -36.021790 -10.107014 -4.550508 15.795760
1.921773 3.606520 -22.971088 15.744440 -27.961208 1.096960 -21.510050 -4.095779 -1.954254 13.731688
8.054996 -4.829030 -34.361946 25.824165 -32.567917 14.395942 -29.657598 -7.514129 -3.156516 14.695032
1.561929 3.294017 -21.662243 14.907613 -26.725193 0.502206 -20.906233 -5.262443 -2.001487 13.609706
