-1.707573 -12.393443 -2.763173 0.619566 -0.428559 -7.334796 0.292935 -2.313753 -10.310933 1.510001
-1.705663 -12.374866 -2.748256 0.613808 -0.436250 -7.308259 0.297959 -2.294133 -10.307632 1.515859
-1.750777 -12.682038 -2.824078 0.632413 -0.441244 -7.497350 0.300788 -2.352231 -10.556888 1.548293
-1.691028 -12.232501 -2.726686 0.611844 -0.420832 -7.225102 0.294934 -2.262374 -10.180863 1.490214
-1.815859 -13.152244 -2.916986 0.647234 -0.470264 -7.767098 0.310893 -2.431545 -10.949329 1.610311
-1.730779 -12.614245 -2.813262 0.638815 -0.430475 -7.458969 0.310537 -2.353175 -10.505729 1.542614
-1.662954 -12.006580 -2.666199 0.589420 -0.428428 -7.095520 0.277474 -2.225208 -9.986665 1.462799
-1.571464 -11.267718 -2.501128 0.549919 -0.398688 -6.657086 0.256694 -2.073381 -9.375093 1.370523
-1.866017 -13.445310 -2.987708 0.657244 -0.480071 -7.950028 0.302520 -2.486333 -11.176916 1.633488
-1.802519 -12.971085 -2.889382 0.634946 -0.458108 -7.689058 0.282361 -2.410827 -10.775753 1.565120
-1.778716 -12.893933 -2.874711 0.643838 -0.445116 -7.627672 0.309856 -2.402809 -10.736301 1.572774
-1.623591 -11.722933 -2.609200 0.580928 -0.410118 -6.931469 0.273592 -2.174565 -9.750639 1.427660
-1.755624 -12.679492 -2.810178 0.623520 -0.451391 -7.487135 0.301762 -2.343966 -10.554324 1.549601
-1.562324 -11.247994 -2.491814 0.549628 -0.402334 -6.649650 0.255660 -2.080916 -9.358196 1.368605
-1.732311 -12.521608 -2.781220 0.617235 -0.444298 -7.408515 0.285815 -2.323427 -10.410568 1.522599
-1.764657 -12.702344 -2.822654 0.621292 -0.451520 -7.509035 0.294033 -2.351671 -10.568182 1.547644
-1.844119 -13.326818 -2.952463 0.651975 -0.478363 -7.861974 0.319109 -2.458786 -11.102116 1.635077
-1.566777 -11.286778 -2.500062 0.553051 -0.404506 -6.670330 0.257943 -2.093658 -9.397108 1.378767
-1.865580 -13.478750 -2.994568 0.670355 -0.472141 -7.961548 0.326978 -2.497589 -11.232495 1.650008
-1.726084 -12.546184 -2.800733 0.642421 -0.426598 -7.443291 0.285714 -2.357751 -10.441297 1.522833
-1.812835 -13.109366 -2.918802 0.652414 -0.457736 -7.760507 0.303290 -2.439515 -10.910426 1.596609
-1.691675 -12.153275 -2.709772 0.600332 -0.421712 -7.188248 0.275843 -2.242378 -10.108542 1.473875
-1.838580 -13.295993 -2.962899 0.662258 -0.463622 -7.869954 0.311282 -2.475031 -11.064243 1.618194
-1.693176 -12.189812 -2.705241 0.595434 -0.435587 -7.212773 0.277937 -2.260998 -10.133972 1.480419
-1.655696 -11.904322 -2.649090 0.587396 -0.416505 -7.042112 0.276355 -2.203604 -9.902096 1.446289
-1.856150 -13.446111 -2.980847 0.665678 -0.477687 -7.938554 0.327512 -2.492446 -11.202339 1.650821
-1.552195 -11.193063 -2.485333 0.551081 -0.392137 -6.606781 0.269998 -2.063088 -9.322504 1.368374
-1.805265 -13.122119 -2.928985 0.657838 -0.449689 -7.763303 0.316758 -2.446870 -10.927210 1.603069
-1.496952 -10.768512 -2.387900 0.528383 -0.382057 -6.357262 0.254321 -1.983722 -8.963777 1.314517
-1.633628 -11.751598 -2.598847 0.568971 -0.426181 -6.942900 0.271941 -2.172432 -9.777843 1.431589
-1.592336 -11.551727 -2.569986 0.575927 -0.404210 -6.844529 0.262288 -2.158692 -9.607468 1.403122
-1.715544 -12.357225 -2.741705 0.607467 -0.439802 -7.297704 0.288402 -2.279544 -10.283743 1.507599
-1.577610 -11.397437 -2.545821 0.572838 -0.386966 -6.743976 0.263029 -2.112738 -9.480860 1.383217
-1.809433 -13.065951 -2.894418 0.638012 -0.472662 -7.720876 0.303631 -2.421375 -10.875847 1.597323
-1.622235 -11.776465 -2.618991 0.587539 -0.410463 -6.960142 0.283133 -2.187538 -9.808935 1.441396
-1.727345 -12.511534 -2.794107 0.626153 -0.428292 -7.409721 0.293969 -2.333726 -10.410351 1.521246
-1.826517 -13.082929 -2.895589 0.631397 -0.478060 -7.725717 0.293223 -2.406377 -10.882948 1.592272
-1.810386 -13.025327 -2.886511 0.632241 -0.470887 -7.693457 0.303278 -2.402538 -10.841057 1.590860
-1.756238 -12.640472 -2.800643 0.620863 -0.453208 -7.469995 0.294044 -2.337865 -10.527170 1.545503
-1.926834 -13.933948 -3.100539 0.692491 -0.489571 -8.244228 0.327110 -2.593233 -11.604223 1.701033
-1.825595 -13.253621 -2.950438 0.661711 -0.464968 -7.849847 0.305980 -2.474802 -11.025608 1.613104
-1.839173 -13.308492 -2.965078 0.655761 -0.468802 -7.876146 0.311332 -2.477042 -11.061007 1.617155
-1.705607 -12.306366 -2.743408 0.610511 -0.426512 -7.283031 0.284147 -2.283944 -10.238157 1.496691
-1.683037 -12.210916 -2.713964 0.609818 -0.430074 -7.227440 0.278754 -2.274316 -10.161711 1.487308
-1.607975 -11.603134 -2.577354 0.573628 -0.409263 -6.868453 0.261437 -2.157814 -9.653090 1.410129
-1.747801 -12.657710 -2.822719 0.631712 -0.439524 -7.496236 0.292603 -2.355837 -10.532188 1.540047
-1.694016 -12.279628 -2.738948 0.617149 -0.421716 -7.275023 0.285413 -2.292040 -10.216736 1.492310
-1.482544 -10.608775 -2.332999 0.503791 -0.396059 -6.243752 0.243346 -1.933662 -8.827896 1.298287
-1.715114 -12.306771 -2.727592 0.595329 -0.445121 -7.269941 0.279928 -2.266380 -10.234028 1.497359
-1.614070 -11.717502 -2.605630 0.588426 -0.405286 -6.925026 0.278992 -2.172237 -9.759831 1.430268
-1.754718 -12.751707 -2.847908 0.643040 -0.433971 -7.545011 0.306238 -2.376093 -10.613558 1.554075
-1.520902 -10.959177 -2.425319 0.535971 -0.391675 -6.469958 0.259413 -2.023146 -9.124137 1.341480
-1.754848 -12.531890 -2.764010 0.597372 -0.460282 -7.385811 0.299561 -2.293252 -10.436855 1.532845
-1.564536 -11.271678 -2.509653 0.557718 -0.393262 -6.665797 0.257598 -2.083843 -9.372106 1.368312
-1.676181 -12.004078 -2.653199 0.582059 -0.435840 -7.081525 0.279742 -2.204671 -9.997106 1.468852
-1.671014 -12.081899 -2.685842 0.598297 -0.424407 -7.145870 0.283012 -2.243234 -10.051652 1.471971
-1.725329 -12.564027 -2.803592 0.629793 -0.430579 -7.434336 0.304287 -2.344435 -10.455905 1.532975
-1.614604 -11.687051 -2.594110 0.578474 -0.413601 -6.896002 0.276041 -2.156028 -9.731026 1.430858
-1.762373 -12.731236 -2.853065 0.639644 -0.430113 -7.552206 0.286938 -2.377923 -10.577497 1.534419
-1.798287 -13.008768 -2.900139 0.650833 -0.451491 -7.697314 0.301440 -2.418622 -10.823935 1.583266
-1.614890 -11.648824 -2.580132 0.567660 -0.418268 -6.884353 0.270195 -2.152652 -9.692817 1.422690
-1.623879 -11.747095 -2.620273 0.587518 -0.404338 -6.958239 0.269884 -2.186969 -9.771436 1.425564
-1.894943 -13.788412 -3.073771 0.697783 -0.472157 -8.168071 0.328627 -2.582665 -11.482808 1.683422
-1.920621 -13.936901 -3.093423 0.699719 -0.494686 -8.239001 0.321292 -2.593511 -11.608145 1.702778
-1.824095 -13.199759 -2.938902 0.654560 -0.462059 -7.796844 0.311399 -2.440585 -10.983321 1.611624
-1.557685 -11.184527 -2.487711 0.546969 -0.393045 -6.609787 0.257141 -2.062040 -9.298877 1.358463
-1.618291 -11.723064 -2.604368 0.583127 -0.413225 -6.935271 0.276219 -2.182829 -9.755477 1.431434
-1.580523 -11.358207 -2.519964 0.555131 -0.405141 -6.716010 0.255894 -2.097910 -9.442343 1.379178
-1.549973 -11.166789 -2.470510 0.548446 -0.401976 -6.592288 0.256142 -2.058568 -9.294867 1.364044
-1.495977 -10.741778 -2.375963 0.520972 -0.386725 -6.337374 0.250460 -1.973862 -8.940453 1.311733
-1.661537 -12.024753 -2.668837 0.597052 -0.426291 -7.114419 0.279708 -2.236534 -10.006347 1.465357
-1.787728 -12.922501 -2.873041 0.644694 -0.454849 -7.641161 0.304631 -2.403359 -10.758595 1.578902
