10.462875 4.911094 2.935464 0.875501 -1.038003 25.412537 5.096402 4.169339 -1.288741 -8.448291
8.985207 15.881557 -2.792404 8.071780 14.077793 11.638365 17.797943 18.144556 8.314602 1.065871
8.340269 15.094810 -14.367592 3.603523 27.158964 6.984006 20.033237 33.588223 -0.004225 4.616021
10.654362 16.063301 6.410171 4.675044 6.875380 14.971354 14.033436 12.399003 2.702391 -18.799385
7.230258 18.719591 -13.795427 4.827504 30.531551 3.796747 22.788486 36.143875 1.830381 5.158997
6.730589 17.358452 -18.056540 2.601965 33.166328 0.171310 22.962605 39.329395 0.317002 6.274685
6.134768 19.580847 -9.973150 6.623660 26.456877 -0.452893 22.727846 31.605045 5.089691 5.468642
11.434584 12.124834 -0.776056 5.502707 8.204030 20.287226 12.843617 14.341762 3.275996 -3.545240
6.034890 17.462791 -16.267628 2.079306 30.683178 -1.247335 22.263355 37.003834 0.961569 4.047586
9.449463 17.473902 -5.970536 7.241516 19.534561 9.983654 19.756887 25.195297 5.416418 1.421610
9.826951 6.708661 3.827711 1.831849 -0.547158 22.512140 6.581672 4.614647 0.521120 -8.746902
10.958166 6.112252 2.379190 0.912556 -0.225942 23.213148 5.992379 5.907010 -2.242872 -9.982545
10.324676 14.210790 -1.189047 7.819907 10.467955 17.809959 15.368209 15.332667 7.130741 0.866717
5.537919 17.852560 -13.821735 4.106341 29.554291 -1.693773 21.996265 35.584393 1.372248 7.182444
9.738213 16.601271 -0.700659 8.739372 12.569693 14.748644 16.912214 16.640259 8.156543 1.162708
9.598812 14.121379 1.253743 8.133329 8.673867 17.153395 14.024247 12.760908 7.477484 -0.416101
7.780305 10.204782 -14.692321 1.109762 24.490442 9.366654 14.267991 31.108326 -5.031240 2.828802
7.863643 15.477151 -16.469820 2.967161 29.676762 4.977746 20.936256 35.249538 0.575239 5.584870
5.987513 19.320890 -12.535733 5.774908 27.750814 -0.816257 23.583290 31.756489 6.468618 6.338381
12.749050 2.829984 2.921185 -0.917880 -1.843067 30.456522 2.590512 4.078494 -4.015245 -11.091324
11.479401 13.462470 -3.094097 7.979327 13.091342 20.955433 15.190863 18.401117 4.391208 -0.633539
8.215675 18.259466 -3.102545 8.932458 17.312454 8.079000 19.585526 22.305853 7.991843 2.654215
9.383680 13.325268 -13.870608 3.621282 25.073858 12.010469 17.805731 30.704807 -0.465255 3.505488
10.102299 4.995430 4.232808 -0.029242 -1.825641 24.629015 4.092571 3.454718 -2.350718 -10.160858
11.761374 5.464046 2.667945 0.603800 -0.551401 26.716654 5.626638 5.156076 -2.009335 -9.861238
5.505972 15.421620 -14.232149 3.724248 27.216339 0.530223 19.801003 32.044506 2.028781 8.595186
9.894282 16.485935 -3.120723 8.766010 14.276243 14.806595 17.942610 18.512825 8.866152 2.143550
4.693908 27.508013 32.970955 14.985616 -6.920074 -5.585938 18.279863 -5.142400 20.413813 -41.913410
7.078416 18.382324 -5.893499 8.784162 21.233404 5.533254 20.185238 25.670628 6.858406 5.117782
5.512570 19.135885 -18.479654 3.044572 34.438808 -4.306123 24.929773 40.183559 1.970153 7.569410
12.206584 10.820710 2.680743 4.543850 3.790151 24.390722 11.708444 9.943741 2.728858 -9.640917
9.888162 17.666475 -6.366751 8.297523 20.630667 12.566959 19.977396 25.688608 5.998192 2.788445
5.687331 17.232998 -17.116350 3.607211 33.033661 0.021684 22.403744 37.830677 0.879505 8.676851
5.522698 17.861063 -17.218012 3.217994 31.492519 -2.718719 23.350374 36.563892 3.008595 8.333008
3.754166 16.667986 -14.393251 2.510010 27.195824 -5.125623 20.808167 31.296013 3.197510 6.693196
10.060673 16.482012 -3.136999 8.003181 14.837399 13.420295 18.102081 19.955021 7.186226 0.956177
11.309922 6.506421 -6.456056 -1.903290 10.714354 17.186558 9.442201 19.470058 -5.939840 -9.616281
10.862144 4.381449 0.973312 1.017832 1.761697 26.246233 3.757619 6.148127 -3.432629 -6.304503
11.190418 6.676174 2.778684 1.841993 0.037642 25.660788 7.262438 5.364816 -0.325978 -10.045125
6.149680 18.772051 -16.408655 4.422925 32.893383 -1.100180 24.040802 37.939144 2.849780 8.225950
10.031618 13.563457 -5.720672 5.788967 14.972303 15.772116 15.718328 20.256956 3.851290 0.544360
6.632679 13.972224 0.084130 6.656602 9.622766 9.853006 13.640597 11.861425 7.301346 1.274507
10.210402 16.734833 0.610266 9.715065 10.870486 17.234346 17.563492 14.586570 10.358936 -0.539853
8.871618 16.952282 0.053033 9.697026 12.286949 12.004379 17.631958 16.162132 10.767484 1.688071
8.237310 18.344595 -5.083511 8.410324 19.458248 8.254642 20.242479 23.467457 8.811110 4.284224
8.642603 14.021452 -10.679867 5.695309 23.139835 12.516209 17.034842 28.261353 0.916151 4.850688
6.978862 14.481776 -16.579771 2.706559 29.083351 3.869518 19.510155 34.517189 -0.186329 5.910289
8.698040 6.861732 3.522184 1.622798 0.409427 19.100344 5.005393 5.081105 -0.909605 -4.984406
9.619150 9.375690 -12.264778 1.993139 21.199404 17.113684 12.054045 27.286198 -5.603834 1.626802
10.211932 14.240866 -0.680611 8.819360 10.189867 18.735476 15.096987 14.397794 8.138882 0.316463
5.733027 18.384272 -17.031675 4.087197 32.967659 -2.281687 23.929783 37.711853 3.240581 9.288112
10.399353 7.182944 2.787455 2.903391 0.582716 23.303623 7.947599 5.685153 1.247351 -7.688279
8.004424 17.369148 -13.142499 5.176212 27.420761 5.311857 21.771450 32.928837 2.537987 4.716681
8.240158 14.794737 0.073863 7.052625 10.885746 11.923191 14.739290 14.890839 6.047353 -1.266064
8.470286 12.919417 -0.475047 6.106850 8.369109 13.635084 13.424318 12.608280 5.795002 -0.221805
10.442359 15.659190 0.913214 8.771749 9.662456 17.578674 16.356384 14.196954 8.562519 -1.164051
11.270472 7.181588 1.029056 2.221475 2.395360 24.323584 7.617977 8.205175 -1.139954 -7.972239
9.200093 12.203323 0.794679 6.007642 6.765588 15.856009 12.249889 11.419134 5.098071 -1.639894
9.707005 14.788014 0.154875 7.459694 9.636634 15.293653 15.095090 14.112156 7.060700 -1.272179
9.878168 11.848112 -10.402839 3.737206 20.274061 13.469971 15.277833 26.717979 -0.786489 1.875342
7.946175 10.324347 -11.589444 1.811301 19.576115 9.691147 13.974812 25.498734 -1.914420 2.140994
5.841485 13.025022 -13.341452 3.240727 25.178162 4.262104 16.929150 29.512972 0.442614 7.206086
4.630665 17.608446 -16.984875 2.748470 32.718674 -5.080743 22.527142 39.076488 -0.020543 8.513410
7.076779 16.244194 -12.118761 4.468474 25.417316 3.798262 20.304110 31.039522 2.462259 6.003624
6.341446 19.005745 -11.247381 6.490439 26.732126 -0.103288 22.864653 31.354803 6.257937 7.880882
4.433300 20.444414 -16.715401 4.801530 33.966888 -6.801567 25.687716 38.803215 4.615408 10.613955
10.137531 6.234715 3.543568 1.997386 -0.788976 23.418814 5.943803 4.728073 0.161192 -7.569337
4.828257 18.940138 -12.628880 4.551167 28.628025 -3.883806 22.467674 33.586433 4.102363 7.560294
