6.738052 23.504549 16.061281 -3.471667 -24.621805 -7.087846 8.589845 23.018169 -9.646218 -10.833737
12.981644 12.435584 18.567476 -1.042163 -1.305058 -13.979052 7.755446 18.683186 -19.225140 -16.106123
-25.917336 28.783207 7.715922 26.207373 7.034253 5.523942 -20.892168 2.536031 6.661921 -6.964477
-23.006189 24.425215 0.864149 21.799625 -3.855848 10.828648 -20.992022 10.746971 15.071971 -1.098572
-24.912977 33.729931 -1.962944 21.926853 5.058734 17.591148 -18.100370 -6.072666 2.443010 8.400491
-6.264635 17.799131 18.780493 4.436792 -2.800317 -18.462069 -5.448590 10.895231 -3.768095 -22.228258
-15.184523 27.838053 -10.021471 7.810668 19.727787 24.569002 -12.415198 -14.404022 -12.374848 24.169649
-17.917612 26.906668 4.420890 13.825717 23.286201 3.055733 -17.749443 -3.570835 -6.458201 3.569607
3.390587 30.167582 5.910069 5.416769 8.675392 -4.346287 4.051481 -1.719458 -13.208898 13.190845
-9.763026 26.982134 10.285462 13.202053 17.468697 1.778213 -13.146808 11.360882 -4.179128 -0.964491
18.620218 11.484975 5.223557 -24.774426 -66.471497 -4.337181 29.850319 27.153719 -22.849146 -15.567526
-17.060858 28.659964 -0.207134 20.253210 24.028435 24.864229 -19.948483 7.231740 -7.020616 15.777866
-8.562895 36.069408 4.168151 4.047929 0.302064 17.594849 -4.752895 8.864666 -18.667328 8.830535
-17.414537 38.332615 -17.115091 3.514209 -18.286854 12.729411 1.190160 -37.557289 -9.605701 34.263950
18.708902 18.312664 16.469591 -11.730335 10.553087 -13.111447 12.466109 9.684731 -33.282669 1.891184
-16.080462 37.458275 -9.272668 13.553732 3.069206 9.190682 -5.201159 -21.483139 -0.676390 30.967331
-25.101873 33.398373 -9.928941 19.342007 5.962520 21.486629 -15.877711 -16.290459 0.482670 19.538876
-25.654509 23.627142 -11.833287 25.241371 11.590366 52.552021 -26.508390 14.998957 0.778651 26.706184
9.644103 17.315191 15.871919 -3.612943 -8.001150 -16.365644 9.517065 13.029975 -10.790495 -11.315752
-35.613064 31.712395 14.822948 33.244175 3.738137 4.548290 -29.363897 10.977689 7.397834 -12.086867
7.319734 29.294115 6.296931 -7.612543 -31.385561 -1.470072 13.851575 11.149073 -17.600964 -0.203064
-33.738956 32.291531 -1.024144 26.985563 14.395647 20.563904 -29.523954 -1.068230 7.230458 0.578932
-30.622595 27.103479 0.896816 20.684246 24.143150 20.690010 -29.374231 -0.355368 -2.618422 -1.914619
6.972026 14.299531 16.979830 2.169673 -1.200447 -23.682480 4.644543 8.245041 -1.782295 -19.786762
18.028059 7.399796 17.356335 -5.461955 1.599989 -22.991604 13.606915 12.793442 -20.541832 -18.843847
-29.961973 29.978424 -5.842589 9.216667 -1.209555 24.009491 -20.710213 -12.313618 -4.284120 0.707913
-19.711489 33.276096 -16.780130 19.607880 -0.118292 20.769077 -12.404149 -15.769105 5.466992 34.960041
19.527338 17.731558 13.947873 -9.766918 -4.892687 -26.574699 20.986200 2.919202 -18.705856 -5.286486
-5.510113 26.345123 14.414445 8.720695 -3.520436 -5.212111 -4.685957 17.821930 -1.502213 -11.486668
12.957675 15.407816 14.667785 -6.689119 -6.314627 -11.099330 9.909912 16.233826 -18.333288 -8.914165
1.421942 31.405849 3.750154 5.662838 -2.021092 5.610405 0.438066 12.755676 -8.853225 10.614358
-6.336428 26.804422 5.239284 3.111784 -46.682163 -2.771328 4.558999 8.418684 4.728412 -11.005576
-60.059322 18.615240 -19.565313 48.504475 32.624660 49.410431 -54.851692 -18.923780 26.128969 15.809613
-3.365840 17.898701 10.597613 2.031147 -37.088108 -5.528069 3.434452 15.535547 4.915805 -21.681948
-2.577966 2.948774 -4.306992 -2.841875 16.376701 21.767672 -6.470323 -1.079803 -10.912014 7.648626
-0.723881 13.962661 22.928553 8.207568 10.913027 -18.682796 -4.810510 16.976028 -11.792272 -21.852243
16.663116 20.594671 18.511036 -6.281518 -9.426023 -9.202024 12.849145 26.160355 -20.363447 -5.802488
0.482119 21.337519 2.737904 -11.998331 -21.250963 -12.210386 10.126748 -9.698353 -14.678267 -8.851144
11.413241 8.796865 15.416282 -4.785480 -0.938518 -21.343000 10.429462 6.366212 -15.463433 -15.439235
5.001958 15.587743 -0.507119 5.947623 -3.718303 17.613644 -2.016368 26.433655 -0.498061 13.249077
-6.636158 -9.496981 18.108067 16.571085 -40.696556 -0.343331 -0.223879 20.725462 22.373129 -43.445656
1.603917 9.948926 16.586565 5.255980 7.139661 -10.194223 -3.638514 13.328265 -10.298387 -18.965300
0.453430 -1.458161 21.630270 10.082960 0.226953 -13.860373 -3.521680 21.315247 1.522807 -29.621033
15.787625 22.896927 18.143116 -4.113925 2.982459 -13.642023 10.831409 19.569626 -18.564821 -3.759122
-4.824286 26.851944 1.155339 10.864573 10.823505 -6.505785 0.399778 -13.830963 -4.958726 10.169435
17.557537 9.735593 9.894723 -11.319782 -6.835603 -23.387241 18.653563 -0.838991 -15.436707 -8.591775
-32.103943 28.747425 -10.295605 20.670540 11.668385 26.355026 -26.268091 -11.917409 3.796690 13.823467
-20.993685 10.398450 6.982976 6.013477 6.839681 9.409153 -20.743757 8.262797 -4.580519 -19.745981
-12.823794 12.749349 7.495670 14.782583 -31.314148 -4.285868 -6.709197 10.136036 25.390009 -18.549078
5.018597 12.062861 6.214967 -5.723973 3.295183 -13.510653 7.489792 -7.817942 -10.836474 -3.837703
5.506643 16.541285 7.076365 -5.309156 -19.029100 -20.005718 12.445576 -4.715944 -3.132905 -14.226529
2.363786 9.955928 7.979502 -11.348999 -51.643127 -18.591549 16.561684 3.313646 1.066737 -27.065748
-11.535818 23.476198 8.479800 12.487499 -0.950863 -5.990245 -7.846160 4.887549 7.248677 -4.494689
-12.072603 22.601414 -8.561404 5.235848 26.007812 25.604172 -11.615110 -12.710308 -17.635035 24.298796
12.377411 16.814554 9.507609 -4.193070 -15.963405 -13.375341 12.453640 10.980595 -7.198207 -5.311017
27.339813 4.888339 9.478024 -29.675808 -17.818375 -4.200747 26.850433 14.279673 -37.861931 5.269302
0.448087 40.247444 4.919942 7.964126 -6.783329 -4.359818 5.697616 3.146389 -5.683100 8.688457
-9.398411 30.751822 -4.315805 4.439379 -27.258499 -5.043038 6.302871 -19.931738 2.090968 10.999764
-10.804240 15.895471 -3.283785 7.769957 23.729183 20.219006 -14.202217 0.274925 -10.557012 12.238293
21.745644 17.111490 14.279269 -10.796878 -0.905752 -12.061741 16.269464 16.303555 -27.885288 -0.826033
-5.564406 9.158135 -2.242948 0.998716 9.159571 11.031771 -9.162416 1.720792 -4.389363 3.880044
-6.487241 5.516654 -1.326015 8.207706 22.622746 16.565926 -12.295090 1.538276 -5.703670 9.883853
-56.456463 17.004740 -14.882533 46.683361 42.622242 48.918911 -53.714287 -13.913615 19.031387 13.560239
-30.610064 20.020472 -8.016207 28.316824 15.643227 32.036095 -28.394964 -3.087824 11.280068 11.393321
-48.105568 24.648058 -29.501554 36.295086 -3.648065 34.297718 -28.706305 -46.702511 27.721161 40.434925
-9.781065 30.411909 -7.875149 1.309494 -32.470352 41.201191 -5.060189 24.107040 -12.081523 21.555908
-5.297095 18.797430 6.468750 -3.877977 -7.578856 -4.205127 -3.359644 6.736922 -0.478801 -11.626276
6.371302 13.426423 20.909456 -2.514057 -23.699043 -13.198678 8.623003 25.217289 -5.148496 -22.376825
