18.121958 4.751368 -3.786325 1.943709 0.000225 4.544961 4.265745 4.280091 17.038467 -10.898293
3.867121 -0.113341 0.107944 -11.187605 -4.972894 18.400732 19.972754 0.560045 12.483478 2.207628
5.730742 -9.617952 9.121572 -25.173094 9.962869 26.944435 28.039186 -12.727054 2.876155 9.593124
6.028025 6.372569 -8.813382 -8.198631 1.847285 7.115820 6.986629 -12.541670 14.167989 -16.242300
2.594649 -5.159510 -0.157434 -21.702242 8.420136 23.559320 25.870779 -15.337049 2.523650 -1.361444
-7.363133 -14.600611 12.337153 -33.561501 12.684981 29.887974 30.663689 -22.418228 -7.500167 13.933552
-4.561157 1.641452 0.500114 -14.204370 -0.657686 21.977230 24.488115 -14.493649 0.194528 -7.040365
17.058861 0.720074 1.938242 -7.018631 4.680093 14.024136 14.328895 -4.920303 11.376867 -7.334438
-4.237020 -2.875782 7.436182 -23.550714 4.681560 20.989885 18.375303 -28.634811 0.711171 -2.734694
3.517142 0.735082 0.312315 -14.248228 1.532196 19.782944 22.120825 -11.868919 6.178310 -5.989319
13.315494 6.994341 -4.873246 0.950964 -3.830466 7.615353 7.130048 2.838716 16.072660 -12.152941
19.627522 2.671123 1.783076 -3.003561 3.855772 7.467430 4.692059 -6.587364 16.158947 -11.708426
17.546545 -2.157415 -2.343536 -10.643273 4.671105 16.744900 20.305216 3.021092 14.482207 -1.076317
-6.094755 -5.741100 8.557010 -20.658375 7.985861 26.792877 27.902079 -20.662228 -10.070356 -1.105951
11.077507 -0.610049 -5.889188 -7.872487 1.106798 16.111183 19.961477 3.333437 12.473835 -4.392478
14.446510 1.032960 -5.734365 -3.810225 -0.516491 14.892828 20.122776 7.694731 13.599121 -5.367541
9.475168 -11.918764 12.838733 -24.059351 18.321724 22.413828 21.779905 -19.026573 -4.073035 6.360344
-1.994556 -6.562041 8.070371 -25.174652 3.701605 22.599358 20.153276 -16.970734 3.352664 6.999979
-7.349783 -5.451295 2.488307 -22.566545 0.251059 27.406807 30.342371 -13.776978 2.102370 5.601316
35.895367 -5.106635 4.671222 -5.386244 22.576916 1.514081 -0.546588 -0.488512 20.763968 -5.441127
19.056877 -4.483368 -2.409801 -17.099241 7.004976 17.607719 22.023602 4.131685 19.008877 4.257800
4.889113 2.425904 -1.912185 -11.648085 -0.175101 19.646812 23.455595 -7.590538 7.276435 -6.891094
7.818725 -9.872139 6.680678 -25.290777 9.418914 22.056126 22.772074 -8.632699 7.540971 10.996208
21.223587 3.590627 -1.515471 0.656701 3.215949 3.791877 2.143880 0.347304 18.009632 -11.485388
23.318321 2.817843 0.053230 -0.764953 4.706851 6.861680 6.406419 0.037906 17.552597 -11.004385
-2.545518 -12.467758 9.862699 -22.002960 11.341569 26.351051 28.177073 -11.348256 -7.803948 11.274420
11.265962 -4.358761 -4.183506 -15.022505 2.097787 19.241190 23.413618 3.964901 15.131729 4.508359
-8.123240 19.248810 -29.204281 -6.411089 -26.803785 8.848831 13.591225 -1.036294 20.895424 -18.076250
1.280851 -2.789075 -5.289384 -18.076475 0.239740 24.842356 32.022335 -4.385510 6.121071 1.395641
-11.522774 -12.602499 13.150252 -33.047096 7.782424 33.713306 33.673759 -25.533714 -8.201483 12.364851
17.600487 4.097803 -2.964181 -9.336383 -0.539662 15.108908 16.533302 -2.935684 19.276779 -8.153202
9.760575 -4.836033 -3.125985 -18.509218 4.365371 22.119184 26.770830 -1.097340 11.586251 3.342815
-8.651983 -15.302006 8.206017 -33.408566 12.030368 32.699459 36.697186 -20.493387 -9.146488 13.045836
-6.179601 -6.827435 8.476129 -28.728683 1.854609 25.492050 22.927010 -22.025328 2.477867 9.425379
-6.024065 -3.190039 8.888150 -17.796898 2.416270 21.053509 18.364651 -23.511448 -3.220666 -2.501024
5.876974 0.004476 1.102515 -12.498359 0.104144 20.217466 22.882595 -5.720373 7.571410 -1.817656
22.653738 -0.955510 11.371856 -18.648645 8.003209 13.683771 5.301836 -34.975784 9.775969 -10.520241
30.371267 -8.669489 4.433895 -8.163651 27.238575 1.600122 0.451577 2.371691 14.482669 0.165241
16.321848 3.981686 -3.638093 -1.624088 0.967356 8.196041 7.672654 2.061173 17.837030 -10.380474
-9.828151 -13.162500 8.385708 -32.313675 8.117423 34.012058 37.480381 -19.885418 -7.666118 12.571560
8.797392 -3.645355 4.467887 -15.907482 4.691728 18.058887 19.866449 -7.375677 9.860278 1.559238
2.165894 0.419875 -4.226214 -5.543283 1.080823 9.922766 10.566891 -1.837661 9.800517 -5.707138
13.843639 -1.407202 -11.133285 -9.386250 -2.235599 16.471775 22.823635 13.521586 20.410809 1.225343
7.154344 1.607837 -8.673762 -7.901132 -6.959530 17.455349 22.969839 9.505979 14.831029 -0.599440
3.219811 -0.991351 -3.550655 -13.658590 -1.471565 21.682270 26.072945 -2.220688 8.464731 -0.979563
10.595309 -11.493029 1.722916 -21.686487 14.673137 21.914173 26.276079 -4.870546 3.030443 7.680787
-1.199060 -14.480459 12.773745 -28.795141 12.431254 26.579081 27.082655 -15.117861 -3.850577 15.744924
13.907920 1.131188 -2.221661 0.900486 3.825223 4.319339 4.318870 0.891065 12.031539 -8.841482
17.278326 -19.616653 9.440480 -27.256475 36.972439 15.137529 15.501577 -11.741256 -0.698836 9.935781
15.685448 -2.858779 -8.086368 -9.058616 0.744123 14.978184 20.709942 14.742878 18.178932 3.098730
-8.899557 -11.470945 8.881374 -28.861792 4.733156 31.378920 33.725319 -13.813583 -4.043475 15.835647
18.798241 4.158396 -3.614857 0.737501 0.982732 7.642520 8.675261 4.798364 17.033619 -10.375664
4.857299 -8.036886 3.293497 -26.795698 7.708455 27.746861 32.079044 -13.224684 6.855899 6.728645
5.060388 4.032688 -1.647089 -6.119397 0.034989 11.406217 11.811764 -7.840997 10.312371 -9.989288
10.279638 4.215698 -0.912762 -1.714339 -1.080823 11.283230 11.278797 -1.224682 11.590102 -10.187225
13.851091 -0.567455 -8.813018 -7.407857 -3.165931 17.247366 22.816519 12.444808 18.711679 -0.429520
17.536272 3.331517 3.493663 -4.519264 3.627616 9.307878 7.715239 -7.642608 14.238750 -10.318663
9.604393 4.423068 -1.626186 -2.203735 -1.341441 11.092309 12.093018 -2.194414 10.261177 -9.843288
11.929382 6.419732 -4.163091 -0.597758 -3.194155 9.977981 10.608526 1.599702 15.077595 -11.211998
11.476045 -6.325460 9.034641 -18.073240 8.868902 19.078415 18.679773 -7.810586 5.544391 5.336507
4.138897 -4.606870 12.089514 -16.555338 4.683185 15.866096 9.467779 -15.364843 5.025993 3.524828
0.557071 -10.260610 7.764704 -18.486246 10.183024 19.670780 21.454983 -4.606019 -2.719007 11.130835
-6.996664 -11.656112 14.057792 -25.395857 13.240720 28.617935 28.642733 -24.518757 -14.236904 6.839550
3.481901 -4.671130 4.571159 -17.466463 5.280427 21.752613 23.274736 -10.009105 3.135617 2.960871
-5.002903 -7.920975 4.230361 -21.106016 1.855197 28.281136 33.058380 -7.505051 -1.485433 9.730719
-12.658445 -12.526505 10.990189 -27.076805 6.690693 34.424477 36.843731 -17.952061 -12.318398 11.890598
16.793585 5.291662 -4.479268 2.734410 -0.631991 5.153018 5.617000 5.974545 15.479962 -10.734447
-5.783244 -0.683797 5.072309 -13.850904 2.592320 21.461788 22.179770 -18.598701 -5.056227 -7.181382
