-7.282244 -19.248175 15.297017 -20.558102 8.706429 12.184325 -5.123318 9.590616 19.093979 -19.381002
-4.738442 -9.088254 4.873236 -18.368467 17.300928 10.793530 -9.915679 9.511495 13.932313 -16.721136
-9.165508 -15.028893 9.176269 -26.510275 4.109975 15.986001 -10.062777 19.574562 17.521414 -20.558849
-3.738337 -14.532433 12.301225 -15.525164 13.067746 8.693971 -6.255260 3.755046 15.639933 -15.689140
-2.360136 -14.916540 15.588258 -18.289057 1.613222 11.204094 -10.592481 8.070754 16.111431 -13.166247
-0.196862 -5.303710 4.385693 -12.587734 19.292727 6.226889 -10.380919 1.943848 11.032248 -11.731081
5.991675 -4.035114 11.814206 -4.213163 3.555645 5.495807 -11.784894 -3.157030 3.844877 2.162408
2.605299 -7.328840 11.696460 -11.146572 3.903766 8.584921 -12.216577 2.235783 9.343555 -5.797235
1.784891 -10.401630 11.957982 -10.007898 12.956531 5.334394 -8.771792 -2.773005 11.712196 -8.816632
4.072817 -4.278332 6.470464 -6.532244 14.386139 2.633343 -10.144243 -4.362061 6.582878 -4.509585
5.490471 -3.638616 10.826203 -3.733661 5.914887 4.826211 -10.788751 -3.478563 3.518841 1.447073
1.899513 -9.566428 11.127047 -9.821472 10.564964 4.591687 -8.288573 -2.615477 10.867422 -7.838551
-1.187732 -10.997055 9.521344 -12.035249 15.031154 3.722638 -4.873516 -1.082159 13.451696 -12.908552
4.506579 -4.075119 8.251016 -4.426653 10.904474 3.068680 -9.405578 -4.228879 4.888011 -1.631860
-3.995853 -15.659738 14.010660 -16.003340 10.540159 8.780652 -6.229775 4.366784 16.620148 -15.386744
5.905753 -3.825720 11.692531 -4.052935 4.512153 5.294477 -11.389421 -3.441391 3.401052 2.220069
-0.850673 -6.644916 4.854522 -12.126115 16.556149 6.867626 -8.652136 2.186144 11.171866 -11.646445
3.720887 -6.297013 8.737206 -5.279721 14.631039 2.433664 -8.627184 -6.330914 6.813640 -3.656678
-5.490405 -10.981108 7.023836 -21.694920 4.256102 11.806430 -10.701503 14.114424 15.698834 -17.829531
4.206184 -4.450529 10.127261 -6.407187 3.894335 5.953985 -10.383449 -0.387510 5.159938 0.213551
-4.358981 -16.956722 14.414030 -17.071714 11.392467 8.720983 -5.310678 3.905550 18.328213 -18.235907
5.992520 -3.816259 11.322145 -5.397408 3.997605 5.425057 -12.174596 -2.639173 4.107457 1.712177
-0.506620 -4.428586 2.138621 -14.439165 17.445868 7.922921 -11.701062 5.239336 11.000384 -12.555620
5.456863 -3.891997 9.372819 -4.117400 10.275433 3.529041 -10.639319 -5.128092 4.379497 -0.486684
5.673063 -3.753467 10.843853 -3.912600 5.148300 4.752918 -10.839913 -3.578365 3.444543 1.700987
-3.288562 -11.629831 8.767351 -14.747569 16.270575 6.930362 -6.506614 2.441515 14.522848 -15.411898
-3.602894 -11.758164 8.237935 -10.863023 18.454168 6.920778 -3.644553 1.060551 12.191315 -12.960412
-4.106515 -15.845270 12.793384 -12.243226 14.621826 7.340749 -2.704345 1.315043 13.815418 -13.017085
-8.071695 -13.995020 7.350076 -23.334358 11.006605 14.557663 -8.711177 15.149807 16.150896 -19.306490
-0.410127 -6.850629 4.995639 -9.493886 18.160152 3.205946 -6.182014 -1.991219 10.185415 -10.375633
-1.808594 -14.446597 15.727923 -18.100552 1.263857 8.012638 -10.185424 4.857725 17.417330 -15.443516
2.676976 -7.222788 8.548385 -7.795469 14.033018 3.027676 -8.526320 -5.119362 8.301009 -5.781483
5.832819 -3.941734 11.546167 -3.834732 4.671026 4.905506 -11.128661 -3.683933 3.604203 2.191104
-6.587231 -19.745970 15.947585 -21.496483 6.099037 11.878297 -7.477812 8.835413 19.495052 -19.514185
-3.419124 -19.970768 20.788137 -19.717270 -5.492548 11.749648 -8.955047 7.905798 18.204451 -13.091366
1.399405 -11.140463 12.291434 -7.468859 14.877743 4.074709 -6.387121 -5.334758 10.586476 -7.727978
-8.546843 -13.022254 6.358025 -24.453667 6.631956 15.362695 -10.434048 17.828165 15.599331 -18.677156
4.509154 -4.005216 6.979110 -4.683159 12.423223 2.024188 -9.442393 -5.576919 5.048100 -2.646982
5.946552 -4.051477 11.887589 -4.041869 4.089390 5.183217 -11.493373 -3.582891 3.666901 2.296512
5.865415 -4.021894 11.325912 -3.820936 5.540953 4.411618 -11.208249 -4.256341 3.635524 1.992134
-1.290908 -12.672375 10.366153 -10.474933 15.485325 6.002399 -4.350595 -1.618760 12.327590 -11.561766
6.085687 -3.982981 11.934300 -4.126910 3.994308 5.335423 -11.699313 -3.616456 3.554702 2.486495
-2.106209 -8.134312 5.522879 -15.042637 14.207541 7.914485 -9.399676 3.929402 12.946153 -14.659051
5.612467 -3.488040 9.937539 -4.393867 8.035367 4.581381 -10.945587 -3.823460 4.212205 0.338131
6.126595 -3.871196 11.551053 -4.108785 4.420230 5.127723 -11.715040 -3.583696 3.751652 2.177995
3.539698 -3.378393 6.927254 -4.503507 13.152387 3.349739 -8.937678 -3.587044 5.006889 -2.698152
2.649523 -6.310064 10.691567 -8.549207 2.747635 7.144669 -10.076537 1.420775 7.653550 -3.369173
5.633626 -3.887505 11.331014 -3.887952 5.539124 4.720847 -10.951985 -3.860707 3.543840 1.647633
5.177002 -5.395190 9.723480 -6.472579 12.404472 3.661920 -11.212731 -5.016720 6.562855 -2.615795
6.082423 -7.358453 18.574383 -9.300877 -5.908693 7.598281 -15.277709 0.512249 7.314660 1.902740
-3.278493 -15.226639 13.333054 -12.758248 14.420601 6.789056 -4.107182 0.579556 14.554939 -13.597633
6.198492 -5.038975 10.408689 -4.648890 10.200741 3.184989 -11.397155 -6.461008 4.782360 0.154587
1.130456 -10.397262 11.582322 -12.846473 8.488588 7.596304 -10.808047 0.720710 12.170945 -9.470800
-3.470083 -12.129626 11.623456 -16.853008 10.034157 8.971400 -8.950471 6.226671 14.781950 -14.558715
-0.600374 -14.862256 17.288414 -18.175575 -2.761063 11.114849 -11.635761 7.131997 15.842049 -11.594410
5.376853 -3.553172 10.387238 -3.860604 7.535854 4.615878 -10.635290 -3.677457 3.774458 0.634682
2.546110 -9.300716 12.718853 -6.432554 12.099473 4.748013 -8.049130 -4.690264 8.776354 -4.196617
1.715866 -12.595789 15.377845 -11.254876 1.357931 7.545113 -8.714536 0.169799 11.841428 -7.233991
5.619137 -3.889214 11.122843 -5.159014 4.413683 5.027473 -11.360222 -2.926411 4.274025 1.672200
4.744515 -4.532338 10.986272 -4.271682 4.457999 5.102509 -10.363765 -2.613359 4.609079 0.903851
5.310113 -3.959528 9.224448 -4.153880 9.873079 3.731182 -10.580204 -4.645672 4.438550 -0.650310
-3.677535 -8.903101 4.889187 -14.917674 20.949919 9.016349 -7.871696 4.999149 12.785370 -14.847933
5.646080 -4.112756 11.429160 -4.417594 4.773482 5.272499 -11.310822 -3.266006 3.921333 1.176835
3.043941 -4.270505 5.996094 -8.327533 14.056102 3.869809 -10.160030 -1.935266 7.595629 -6.210797
2.527490 -13.806648 18.232380 -13.399724 -3.011134 7.176558 -11.759905 0.428084 14.561697 -8.851463
5.377771 -3.987632 10.106628 -4.113542 7.843327 4.199033 -10.532259 -4.196095 4.282902 0.193286
5.723104 -3.929063 11.182498 -3.871342 5.247485 4.723329 -11.068513 -3.814845 3.668494 1.804084
5.040691 -4.094790 9.890626 -4.295810 8.572317 4.559195 -10.691542 -3.232927 4.548314 -0.116105
2.482376 -3.617955 5.361456 -7.757048 14.486750 4.753470 -9.853440 -1.323607 6.973727 -5.990655
1.995196 -6.699178 7.032966 -6.422501 17.196894 1.905138 -7.147154 -5.866825 8.241106 -6.702847
-2.511270 -16.334059 14.271385 -14.624159 10.854611 7.901599 -5.693661 1.372739 16.082258 -15.061588
