-3.939311 -3.501231 -9.376380 -5.892521 -13.550950 22.723440 28.684450 -1.517233 9.617477 -1.929542
-9.438265 5.694625 -12.412982 -4.766474 -18.077406 19.603807 21.089876 -13.648714 15.887537 -12.812715
-28.722088 24.877947 -13.960683 -3.197314 -17.534403 36.557518 45.843334 -56.027763 -6.519477 -1.965071
-21.650606 24.564577 -17.401627 14.934425 -28.317238 29.910044 27.744368 -44.126724 9.453964 -34.741871
5.789033 -14.947333 -11.647683 -1.807696 -7.578671 20.040968 25.613729 4.831112 10.440317 -2.966270
10.275573 -16.185381 -20.193810 0.983685 -11.046861 15.342250 23.205259 19.887157 12.614004 2.741411
13.002440 -15.625153 -10.502927 2.718767 -8.875389 13.677960 18.785475 18.982712 7.684005 0.337674
3.538179 -9.462080 -8.081702 1.635987 -10.324862 20.115616 20.114098 -5.266129 12.427464 -16.725843
11.648124 -14.013820 -6.029650 0.333775 -6.713873 10.261950 12.388918 14.305686 9.862744 -3.936728
-4.305307 14.204930 6.177739 5.686626 -25.062943 31.485106 34.041718 -12.025382 -0.966966 -13.341980
8.710672 -10.375886 -3.119369 3.784726 -13.931331 19.473488 20.464811 7.021857 10.590276 -14.198229
9.380240 -7.278384 -6.043471 8.500031 -16.321594 17.395411 15.868496 4.959930 12.458522 -20.519487
-2.904728 -3.992671 -8.124779 -4.973069 -12.266244 22.650909 27.404291 -7.924701 9.834539 -5.474637
5.274906 -16.990553 8.693626 -9.887679 1.169429 5.122190 -2.616891 3.010192 18.776394 -19.734299
3.642267 -20.039080 -2.943943 -10.314333 -2.612556 9.602958 8.527190 8.408648 21.547935 -13.086758
6.228958 -1.828021 1.127920 6.895569 -19.006989 14.537106 11.585698 9.062411 12.722411 -19.530373
-5.856150 17.995661 -2.428790 26.107075 -34.367790 23.761936 14.667186 -11.633206 14.797421 -49.675964
10.919803 -14.432180 -14.079309 -6.125913 -6.697405 7.841378 15.664168 19.751766 10.206542 9.938522
-25.132969 24.109224 -11.025170 -2.489325 -17.483871 36.861282 47.119602 -51.857735 -9.628869 1.956456
5.814095 -0.228287 -0.639294 6.028481 -19.688854 25.909708 30.270794 4.415913 2.565420 -6.414804
-3.658281 8.413234 -7.349597 -0.703111 -22.835316 24.916004 29.068621 -3.565501 7.717532 -3.440308
10.822595 -1.911089 -11.790576 9.398909 -23.226046 19.930429 22.597137 15.692968 10.280224 -7.006559
10.087876 -27.712948 -14.279523 -8.832258 7.748131 19.457785 30.183786 3.731150 3.765663 12.764505
10.039804 -29.849485 -2.432427 -7.888164 5.215360 6.807642 4.011596 11.130658 21.143528 -16.530794
9.086155 4.955375 5.428076 16.917763 -25.363964 11.250210 0.175005 9.926944 17.857109 -38.094265
9.841332 4.207786 6.437140 10.305750 -23.691780 16.649073 12.148321 11.589777 9.246535 -20.410868
8.857596 -4.408652 -10.102068 22.398445 -22.305157 6.583210 -2.179040 13.428498 25.752205 -45.657627
9.002631 -13.209304 -21.928493 -4.545343 -9.151617 14.912168 24.771265 14.306228 10.992473 10.854513
-0.311856 -0.926552 -12.268083 -0.719653 -13.338089 29.413664 39.270226 -8.237990 -0.951922 6.460688
11.719426 -25.602982 -9.377404 -4.804226 -1.266328 6.422871 6.282606 16.991047 20.886457 -11.077847
14.412724 -22.727001 -11.262282 3.162112 -5.208994 8.276809 8.717073 16.705330 17.759598 -13.424459
-19.700304 44.226757 0.879898 18.015041 -43.913143 35.800606 32.362709 -31.339882 0.427528 -30.445433
23.856070 -21.706461 -6.061941 10.314844 -5.926369 1.935663 -1.289985 32.896408 17.943195 -16.151773
0.753138 17.699144 3.837133 16.709282 -33.775051 21.721418 13.837144 1.003090 11.303516 -32.651798
-10.805650 25.828049 -4.549390 3.362472 -23.246284 34.038048 42.793549 -29.932747 -13.429989 6.616175
12.950316 -16.951330 -0.845757 1.906243 -11.065964 12.303885 10.508737 16.110992 17.233212 -17.891802
-7.411793 17.211771 -4.977058 5.472232 -18.145775 33.646294 41.494736 -29.910383 -12.185177 1.305423
-12.307014 8.896017 -8.634713 -2.081151 -17.918304 33.565598 41.869205 -21.012056 0.005992 -0.890362
12.714336 -16.890650 -3.510829 4.189389 -12.193569 12.286346 11.580319 18.197323 17.101305 -17.496117
-1.467987 -3.038105 5.913144 6.292115 -15.301057 21.959444 14.447178 -15.835524 16.476406 -40.581429
11.834432 -16.888277 -4.269051 3.133481 -5.896519 14.157837 13.559272 8.850673 11.494327 -13.044928
-5.007015 -7.778711 -10.559473 -5.737514 -10.995976 23.330233 26.727024 -10.369655 14.640871 -11.547463
-5.285340 14.725235 -2.689106 13.614260 -28.821785 23.989334 18.087515 -13.293733 11.850759 -33.813278
5.829941 -31.520391 -5.696663 -11.313713 9.795605 3.418532 -1.803168 3.498376 26.561092 -20.002729
-14.187440 23.479481 -5.792071 6.147460 -33.482819 33.635590 36.007099 -16.570740 4.790572 -16.043715
8.268456 -18.338076 -7.716338 -8.370745 0.689594 19.065195 30.086435 7.845532 1.415564 15.212896
-0.647710 -2.425799 -5.882908 1.788215 -12.135725 23.683542 24.726307 -11.495292 7.202224 -14.089374
8.876805 1.706988 -8.495357 7.085797 -26.473232 14.660083 12.837944 17.451805 16.739738 -15.127514
3.333857 -3.825724 -0.242872 4.090452 -14.450739 24.382030 25.512993 -1.882348 4.820685 -13.224018
-6.791975 15.920933 3.944948 6.261405 -29.488110 25.922205 21.622065 -5.986734 9.800070 -24.478882
-13.537881 36.812656 -0.383218 15.737640 -42.918678 31.438910 26.849016 -14.815486 5.424349 -26.952967
19.147467 -22.518827 -14.719666 8.430012 -8.064909 15.685627 21.534563 22.096697 9.780316 -3.570833
1.759448 -6.301384 -22.792145 -0.958659 -9.970453 24.113615 32.778854 -10.028123 6.092927 4.049486
-8.128859 -8.164259 -26.254564 -10.335433 -0.224609 27.406839 40.257973 -29.750090 1.720593 11.305918
13.359733 -10.344286 -9.202904 17.091900 -19.137321 7.352977 -0.598445 20.485699 26.138901 -39.198174
24.482889 -24.767109 2.954883 0.012460 0.586209 -3.881112 -8.327248 36.773521 20.199957 -9.246015
0.768208 -1.024013 -2.432205 2.332446 -17.710836 20.211382 19.419193 -1.883272 10.850472 -17.373949
-12.480486 37.515163 8.239512 13.256419 -35.724003 36.986855 37.528370 -25.041014 -9.724394 -14.392943
-0.845434 -11.459782 -10.149790 -5.233319 -8.180935 20.706541 24.238661 -2.540899 13.175363 -8.374001
11.783526 -27.248831 -8.391159 6.136015 -2.238002 4.876410 -3.370454 9.719096 30.115503 -37.488922
11.862709 -15.461994 -0.427267 0.570021 -7.547380 7.828334 6.293216 20.583241 14.267450 -10.799387
9.750512 -18.366636 -9.981486 -3.746739 -4.476074 17.688391 24.614952 10.479638 9.136954 2.297716
-2.109421 -11.460839 -4.180112 -6.567194 -5.336345 19.036371 20.806402 -6.938330 12.262133 -11.402184
0.633925 0.793710 0.201587 5.330406 -19.175690 17.017954 11.629571 -2.642046 14.907197 -28.135416
4.968120 1.440539 -7.973041 7.684571 -22.370468 23.285948 25.615828 6.182422 7.340221 -10.745462
2.203326 -10.679676 -12.239938 -1.922500 -13.527878 17.857784 21.490118 9.234971 16.387110 -7.862183
15.297626 -18.758684 -12.305036 10.404331 -9.691377 5.138344 2.955777 23.222235 20.025784 -21.141287
21.766247 -24.790800 -11.853251 5.118204 -2.374979 4.205484 7.482975 30.801426 12.336062 -1.952331
5.471306 -12.034956 -8.556623 0.507663 -10.085637 20.999468 23.766157 1.327139 10.900138 -10.096893
5.791118 -5.670932 -1.648383 3.933307 -16.021143 17.463694 15.629204 5.008584 12.979113 -18.312105
9.139229 -2.368383 -5.303843 3.172685 -17.221598 22.308435 28.249865 9.975068 3.089327 2.306924
