7.941268 6.042115 6.358339 4.793525 -3.875123 21.872980 6.232274 -0.922980 6.554986 -2.331278
7.943330 13.580695 -6.929752 4.497567 11.805257 7.890840 18.816435 14.521692 12.600464 1.113519
10.360568 11.132151 -14.767607 2.742973 23.015337 14.621583 17.043661 30.017586 -0.370901 3.364655
9.647905 15.650800 10.140466 2.428787 5.897386 14.136754 10.221908 12.084184 -4.610366 -27.058645
9.121141 17.456339 -5.530464 4.596099 22.995266 12.649719 18.178457 30.465008 -2.978848 -3.899921
6.414694 13.272346 -18.706070 0.243295 31.612896 2.506374 18.706385 37.614906 -3.739226 3.219044
6.644877 20.257755 1.639746 7.439094 16.782646 3.643347 18.348579 23.534973 3.743371 -3.187726
12.728569 8.301970 -1.836766 -0.289189 5.594268 23.933075 9.692438 14.052798 -2.087004 -8.958275
7.488237 11.655238 -12.553476 -8.303569 21.162334 3.925579 14.898492 29.588463 -8.587436 -14.328158
10.655307 16.619823 -0.990766 4.503132 13.829843 11.936556 17.121250 21.180145 2.965962 -7.741163
7.201762 10.619192 7.438392 4.841686 -2.645308 14.385680 10.955854 0.528372 10.702835 -6.879568
10.680357 4.838910 0.585924 -5.355172 -1.249683 20.366251 5.236262 6.260484 -4.798629 -15.133272
10.410358 10.388389 -2.899946 4.955589 8.563063 19.178139 13.317366 13.505509 5.954309 0.983558
5.196790 18.171751 -5.369369 3.157474 22.669819 -0.830978 18.786444 31.229372 -0.756295 3.752431
9.330261 15.558854 3.943815 7.944672 8.391791 15.683053 14.202736 12.881679 6.333262 -2.580650
8.327291 12.037326 5.573436 11.966072 4.162909 20.827904 11.710090 7.613414 10.300255 5.774470
6.718688 5.745653 -11.332788 2.014553 20.103230 14.518031 7.652819 27.663900 -9.853424 8.537946
8.142897 8.686069 -17.107960 -1.013176 24.110989 10.880685 15.002775 28.961164 -2.944411 -0.216971
5.796088 18.580219 -9.215460 3.260240 22.050779 -1.338160 22.458448 25.069815 8.374990 -1.726631
13.589842 -6.468192 1.147822 -1.458524 -5.303988 41.350704 -6.839460 -0.820997 -11.845333 -7.102131
11.858021 8.506896 -5.360185 7.618244 11.727663 26.474491 11.326925 16.084394 2.091759 1.564035
7.650313 18.245213 1.764071 6.833250 12.048136 7.017194 17.315067 18.143442 6.740900 -2.339616
10.295362 7.991165 -15.105795 3.485229 22.423401 19.543854 13.554746 27.013090 -2.259549 3.152484
7.792807 3.107857 7.113531 -0.096072 -5.928469 21.726471 1.574333 -1.996638 -0.328900 -7.904790
11.759880 4.635969 3.949752 0.256468 -2.908211 27.494141 4.882055 3.318986 -0.476303 -9.235333
2.778202 13.008899 -11.329901 4.829960 21.423227 -0.695070 17.801188 24.767984 6.567334 16.536905
9.312641 11.981296 -5.004405 7.033655 12.233628 16.755199 14.983532 14.981659 7.898568 2.477540
3.381289 27.355244 33.967491 14.873571 -5.550855 -7.894950 17.611324 -5.041943 20.980541 -38.326378
5.511730 19.974096 1.752596 13.069020 17.014669 5.351278 17.868452 21.243368 8.164922 7.830564
4.476689 16.316067 -19.211586 -1.684348 31.816822 -6.291520 22.773670 37.390053 0.565999 2.023614
13.347484 11.376998 2.005622 1.771829 3.723955 22.942619 12.443001 10.872869 2.259868 -14.142334
10.214899 15.891787 -3.824219 9.802917 17.682558 17.011024 17.234549 21.969725 5.194203 0.719371
4.124264 16.715595 -12.591180 6.547386 31.211252 2.063588 18.821417 35.354988 -1.693935 11.049212
3.800693 12.434136 -18.566689 -3.258648 25.104267 -3.131298 19.105116 28.404619 1.948514 2.090947
0.595552 12.010962 -11.909320 -7.945013 17.177364 -10.507132 15.326964 21.327902 -0.859001 -4.892230
10.513388 13.431763 -4.867692 4.063308 12.314473 14.436264 16.702597 18.071722 5.931119 -2.122910
14.883632 1.122490 -8.430941 -12.206388 7.343328 23.992729 4.928969 20.128498 -16.830503 -23.300451
8.232913 -2.810558 -2.996619 3.405027 3.896517 32.105228 -3.820179 7.049838 -10.263568 6.431292
9.218450 7.848462 3.069864 0.745685 -0.607258 18.978642 8.343366 2.953072 2.695947 -10.230186
5.310509 17.490826 -13.423550 6.500929 29.167755 0.705881 21.687449 33.182007 4.677083 9.303840
10.048681 7.968384 -8.089500 0.622513 11.277538 18.833939 11.675175 17.038107 0.505981 -1.710699
2.356232 12.588384 1.630633 1.801893 7.006919 1.528564 10.395562 7.712936 4.451228 -3.403492
9.538731 15.475806 3.301610 13.173123 8.338153 19.747730 16.502542 9.400719 13.842685 1.246427
7.500366 18.025406 4.375304 14.311426 9.322697 9.350732 19.141617 11.990092 18.574497 7.185145
7.160023 18.308685 -0.584538 8.977706 14.573920 5.659203 19.234468 18.084362 11.783529 3.770677
8.233133 11.305619 -7.031276 9.291998 18.826382 18.361828 12.527806 23.661135 0.493759 10.533401
5.623405 9.053401 -18.807228 2.316271 27.202000 6.309146 15.369608 31.370562 -0.184192 11.876914
4.441022 5.538215 6.025291 3.256192 -1.029207 17.611900 1.764688 1.355354 -1.262580 2.880558
7.474114 3.488171 -9.933272 1.956337 19.449795 26.013859 1.892780 25.767815 -17.208279 6.649171
9.994632 10.065401 -0.018495 12.420856 7.272950 24.433247 12.633732 9.571906 10.914750 6.749919
3.713944 16.412426 -17.930887 5.516922 32.626842 -4.168233 22.720903 34.732708 6.420089 13.229516
9.491174 8.325128 5.016507 5.237997 -1.324848 21.869381 8.845139 2.651601 6.206139 -4.253417
9.151752 13.933859 -11.125298 3.887186 21.224556 11.682656 17.717936 26.829153 1.941850 -0.112030
5.970682 12.308723 1.597330 0.918751 6.776756 9.166093 10.398798 11.248597 0.261139 -7.600445
6.374383 9.745080 -2.105710 0.491722 3.576319 9.761600 11.520301 7.681730 5.919748 -1.688647
10.860753 15.054328 4.426200 11.527049 6.163831 20.778244 15.645958 10.355107 11.742746 -0.295016
11.063362 6.315195 -2.090759 -1.266068 3.315756 22.959604 7.724628 10.242640 -1.720183 -7.837473
7.742717 11.405196 1.049122 2.070502 3.775182 12.037425 11.111396 9.376433 4.618752 -2.513429
9.092026 12.289614 1.348836 3.362929 4.534122 14.543539 12.508440 8.961576 6.198135 -6.010306
9.414650 7.618512 -10.520046 3.274718 16.958138 16.808924 11.644524 23.580256 -1.838095 5.352932
6.079640 4.478746 -12.469656 -3.523449 13.460784 9.514848 8.872880 18.498310 -3.765317 0.783200
2.643507 9.428632 -9.879079 5.690667 20.029119 4.953222 12.354199 22.219786 2.325650 16.703526
2.433711 18.846539 -10.705191 1.910285 31.263903 -8.470968 20.190563 40.202141 -4.544263 9.120455
8.431229 12.664628 -9.417244 1.384677 18.109924 10.100888 16.408442 24.571331 0.839179 0.420715
5.207390 21.431368 -6.390072 9.322011 23.153803 -3.679740 24.149450 26.735262 12.411476 9.289668
1.495022 22.684685 -14.835976 6.159555 34.018547 -14.375414 27.859312 37.124588 10.322239 14.690063
8.187931 6.934785 8.225245 7.548188 -3.668752 23.219284 6.402699 -0.195256 7.548330 0.728948
4.121183 20.936201 -1.557023 2.768228 20.245811 -6.062429 19.717312 28.055218 2.263148 0.836862
