-0.262641 -21.724134 -18.109974 8.623919 -27.217093 0.079004 7.175861 2.621096 9.923789 9.970114
-3.351981 -14.345318 -11.956017 9.111343 -23.210920 -0.323989 8.225586 4.402830 6.988827 4.840277
6.150048 -60.888992 -41.977634 2.608940 -34.100956 10.698155 -1.895280 -2.666794 23.096910 30.319918
-13.593436 -19.510836 -14.058807 5.648744 -33.094254 7.193717 8.477570 3.027620 7.093544 6.963719
-1.356333 -21.372375 -17.834055 8.774536 -28.199081 0.311791 7.548613 2.985203 9.926919 9.922250
-4.306611 -9.845671 -8.045207 9.114812 -19.675215 -1.582623 8.321500 5.575834 4.925040 3.119134
-4.208316 -6.865415 -5.781759 8.896171 -17.079184 -2.142387 8.718019 6.440084 3.500527 0.897550
-1.520390 -16.091095 -13.389515 9.278229 -23.922552 -0.898982 8.127084 4.321908 7.786816 6.485911
-4.288866 -7.727869 -6.642917 8.733269 -17.986845 -1.703627 8.388060 5.999096 3.959782 1.613471
-2.287935 -32.766029 -26.329882 6.154233 -34.069447 4.600564 5.161846 -0.278802 13.603648 17.298872
-3.648114 -15.787774 -12.910571 8.572601 -24.719530 -0.162209 8.054162 4.290122 7.476691 6.741479
-3.720215 -11.260140 -9.480652 9.134340 -20.947929 -1.285244 8.305768 5.357265 5.773838 3.786470
1.919589 -27.515417 -22.486904 8.043677 -28.580271 1.034081 6.164824 1.790463 12.300226 13.900068
-2.848832 -6.746086 -5.976498 9.045475 -15.944838 -2.882464 8.488317 6.515589 3.734862 0.961297
-2.143650 -9.932428 -8.422928 9.290531 -18.640226 -2.283531 8.295513 5.729351 5.141587 3.097733
-4.944109 -7.510934 -6.404952 8.783194 -18.403425 -1.473048 8.757515 6.161916 3.783147 1.311413
-7.218432 -19.386196 -15.826291 8.075329 -30.420164 2.596855 8.433011 3.189111 8.667709 7.989262
-2.839689 -6.597608 -5.726933 9.005893 -15.580041 -2.991760 8.445781 6.627234 3.627415 0.793897
8.992109 -59.841286 -39.359379 1.842327 -30.028589 11.566880 -3.244189 0.042284 22.671913 29.077501
-5.526061 -21.093782 -17.326008 8.082024 -30.753572 2.037096 7.829468 2.771689 9.428142 9.615755
1.472912 -27.106173 -22.017544 8.658723 -29.359591 0.481115 6.581621 1.479268 12.076208 12.901687
-5.372065 -12.500778 -10.232290 8.750731 -23.089098 -0.133037 8.415125 4.955443 6.163367 4.216059
2.969474 -16.977549 -13.821889 9.003237 -20.777205 -2.168184 7.346482 4.519596 8.123258 7.297122
-3.313800 -6.767447 -5.859965 8.927940 -16.123343 -2.656352 8.407928 6.432301 3.686049 0.967185
-6.849844 -9.787186 -7.762302 8.135404 -21.432961 0.371540 8.577019 5.336830 4.590765 2.666125
-4.374518 -9.384705 -7.822158 8.907387 -19.570429 -1.417838 8.361859 5.575646 4.743173 2.755708
-6.548204 -9.916834 -7.770320 8.335167 -21.048174 -0.049034 8.486013 5.290529 4.649429 3.070787
0.827288 -15.931571 -12.753355 9.602400 -20.702658 -2.362230 7.702331 4.564831 8.099034 6.413260
6.808263 -35.537827 -28.372610 7.643145 -29.825340 1.961237 4.273558 1.315349 15.351457 18.430119
-3.237365 -7.918713 -6.927300 9.157318 -17.441675 -2.470338 8.440565 6.164254 4.214921 1.678454
-3.349206 -7.837279 -6.913232 9.166710 -17.508421 -2.339212 8.462243 6.285533 4.237509 1.542328
-7.598846 -43.795383 -33.598785 6.173856 -45.244347 9.050965 6.002049 -2.282002 16.082514 21.467653
-3.618659 -6.455750 -5.594569 8.961703 -16.227304 -2.616379 8.668132 6.720118 3.462576 0.672252
-8.087913 -19.671988 -15.599055 7.101965 -30.329908 3.553519 7.497200 2.287894 8.466379 8.587267
10.398798 -45.980377 -34.110210 5.927127 -28.718676 4.862332 1.122826 0.635817 19.242428 24.151770
-2.666226 -10.587575 -8.864877 9.194683 -19.448324 -1.858198 8.168215 5.467582 5.432385 3.610735
6.962677 -43.350578 -32.665825 5.671258 -31.469812 5.280256 1.460696 -0.082558 17.820116 22.572361
3.974218 -41.156368 -33.300014 6.700170 -35.062569 4.206867 3.280570 -1.259287 17.340830 22.382856
-4.301379 -9.283185 -7.866714 9.107878 -19.716963 -1.610198 8.574209 5.819916 4.688322 2.647247
-2.116523 -18.577353 -14.981859 8.225731 -26.238142 0.647565 8.052769 3.751812 8.107524 8.029205
-3.582235 -11.311390 -9.267930 8.981819 -20.952604 -1.209817 8.205071 5.321336 5.598062 3.905244
-0.039830 -24.046232 -19.550756 8.054661 -27.783056 0.900667 6.787637 2.242527 10.713409 12.008333
-5.382624 -21.296919 -16.824936 7.359071 -29.521473 2.654473 7.095320 2.133732 9.289438 9.998444
-2.490242 -7.652593 -6.722067 9.250014 -16.751287 -2.861390 8.487341 6.369618 4.137491 1.556005
-5.748593 -45.978386 -36.504150 5.694414 -44.127823 8.566766 4.025041 -3.510421 18.616936 24.134865
-4.766721 -12.407181 -10.451401 8.972133 -23.122705 -0.504332 8.557495 5.054334 6.088145 4.362947
1.539221 -14.066530 -11.807880 9.375233 -19.488979 -2.432152 7.716546 4.936758 7.086390 5.641367
-2.683062 -17.710562 -14.760382 8.689445 -26.238697 0.195502 7.839926 3.693508 8.453765 7.777747
-3.587274 -10.995278 -9.171858 9.273335 -20.229540 -1.595301 8.201381 5.310203 5.741742 3.546449
-2.669746 -22.771215 -18.862459 7.620525 -29.768438 1.878585 7.182344 2.250184 9.952542 10.799580
-2.186613 -23.514263 -19.131018 8.144721 -29.926702 1.058698 7.404671 1.977600 10.453441 11.111255
-0.317088 -27.024393 -21.911253 8.537308 -30.033197 1.103444 6.543514 1.137145 12.112567 12.952516
-1.402031 -10.969065 -9.449301 9.685067 -19.632998 -2.527846 8.459458 5.902911 5.656381 3.619847
4.868042 -33.064774 -25.548933 8.569892 -29.443056 0.948348 5.062379 1.959702 14.547912 16.534883
8.459901 -43.188461 -32.607475 7.233546 -30.293966 3.488836 2.312537 -0.468561 18.223608 22.127672
-5.809163 -8.202396 -6.782248 8.618935 -19.389914 -0.855281 8.561749 5.897591 4.139167 1.903788
-2.149201 -6.741755 -5.951478 9.138277 -15.364441 -3.365072 8.450304 6.686889 3.753796 0.944114
-3.428831 -17.961569 -14.484253 8.550105 -26.241148 0.408830 7.638381 3.437602 8.436244 8.135189
-2.237849 -41.815853 -31.316360 4.382535 -36.987041 9.227065 3.234106 -1.903924 15.721614 20.800859
-4.566592 -15.816149 -12.895850 8.786392 -25.063728 0.051934 8.154490 3.848993 7.499865 6.450244
-2.286008 -8.303484 -7.381013 9.310429 -17.567406 -2.635685 8.517127 6.237044 4.373973 1.860559
-2.710662 -6.642644 -5.883623 8.863634 -15.701732 -2.898338 8.388654 6.527873 3.666420 0.933854
-0.885097 -12.670113 -10.871300 9.463871 -20.362864 -2.004752 8.065734 5.167635 6.574004 4.723507
-2.584493 -12.574354 -10.661361 9.138430 -21.145363 -1.217291 8.181270 4.727921 6.193080 4.477057
-6.238118 -15.116346 -12.337904 8.201370 -25.763729 1.238753 8.228978 4.037663 7.169029 5.823950
-4.696418 -15.448045 -12.525824 8.838320 -25.258966 0.037543 8.438066 4.268034 7.298100 6.264229
-4.492819 -11.872677 -9.919024 9.211473 -22.204660 -0.887304 8.614530 5.155337 5.861031 4.114861
-2.207334 -7.238569 -6.257182 9.196827 -15.878452 -3.174244 8.548117 6.536293 3.882344 1.224270
-3.275146 -7.120347 -6.320256 9.144238 -16.887707 -2.571826 8.490373 6.479943 3.879356 1.207910
-1.150639 -21.427729 -17.563944 8.438353 -28.112526 0.523766 7.527559 3.135492 9.587770 9.641529
-4.464899 -13.432665 -11.143427 9.047096 -23.144518 -0.603258 8.402816 4.523589 6.509021 4.832559
0.311305 -20.369455 -16.665216 8.730982 -25.106026 -0.353428 7.247128 3.275416 9.494262 9.346025
