-12.522395 12.727605 11.693542 13.222788 22.246899 13.478246 16.391741 -11.474746 3.442391 15.638387
-7.434968 7.815152 7.233822 22.910378 9.335429 1.732831 12.822752 -18.426302 2.734276 21.258827
26.369938 11.170185 29.057955 -30.673903 -15.161142 11.795269 43.716099 -7.019448 -10.788156 16.653809
19.590338 12.831409 36.348137 -42.562565 -10.326679 13.286019 43.547943 3.394113 -14.107300 15.564997
16.909208 6.639171 39.008621 -39.641945 -4.782622 1.755978 54.209732 -0.361974 -26.660456 18.707211
5.589520 6.060391 13.913752 8.858212 0.525181 13.178787 20.746662 -3.331019 7.174565 12.525020
5.787240 4.304884 31.704830 -26.592316 -7.724184 -6.888758 42.230991 3.608425 -24.931723 24.437765
14.453801 7.104442 30.803547 -15.096702 -12.912171 1.937507 36.316891 5.700054 -9.506924 22.083321
0.563431 15.489371 24.193092 7.610823 8.854083 0.093480 32.629520 -1.908026 -8.756255 28.098289
13.961343 12.706984 22.729568 -14.475892 -17.255621 4.883065 31.185711 2.864085 -2.657347 25.686386
-39.742256 3.874989 -1.899960 22.791246 46.449154 19.783026 0.176234 -24.666842 11.394642 7.425300
7.506610 5.364129 37.375237 -37.390739 -8.597680 -7.686481 47.306999 2.039964 -27.457172 29.920593
-4.742635 7.711541 29.907574 -14.455495 9.969367 3.075603 40.706863 -10.996165 -12.257545 24.206039
-0.278567 6.906910 35.928947 -9.332259 25.865881 1.819966 49.530628 14.957874 -28.202620 6.156920
-10.946265 6.974280 10.999578 27.997396 4.189314 -3.017766 18.337400 -8.226274 -0.847893 30.762451
13.448876 12.046055 41.287323 -17.923460 10.255308 -3.003489 53.735077 23.930113 -30.713263 15.319669
17.677149 9.711369 36.634655 -37.221519 -7.391187 1.064457 51.566906 8.380500 -26.693771 17.731791
-1.552216 0.404596 38.083748 -58.260166 -0.693229 -6.780460 44.077099 -4.009143 -35.841740 23.637747
-5.973769 8.078730 8.188040 18.601044 10.969258 7.634237 13.229871 -7.378476 3.092235 15.876435
37.627480 11.003544 39.747219 -49.170059 -25.656822 14.157808 55.776493 -2.901703 -14.074360 17.221106
-17.133900 11.954577 19.564718 8.472677 32.964146 11.234494 27.311420 -13.433098 -5.202900 16.594818
21.301245 11.543165 38.343853 -45.112904 -14.763401 9.532372 55.765835 -2.339253 -17.935337 20.419857
22.975555 4.426527 33.269333 -40.093620 -27.010612 2.821030 48.550709 -2.381976 -15.258205 22.383175
3.119795 13.374159 10.841539 18.967218 3.276568 7.313496 16.984932 -4.386290 2.866544 20.277645
-6.569966 10.742405 1.395648 30.667065 7.555841 4.959065 7.318255 -15.372252 6.418453 21.120651
10.218055 3.739883 33.003201 -41.520546 -10.203778 8.366467 53.887218 -9.449162 -16.727247 12.916180
7.696203 14.080591 41.045425 -37.482227 3.737490 -2.733531 47.521267 22.313305 -31.998528 21.144035
-5.665544 11.588783 12.047782 28.907644 15.550277 2.925559 18.787430 -1.931514 -3.171258 21.637636
5.405826 14.613276 20.804880 -5.320133 2.303313 11.177686 27.513245 -3.857656 1.528318 18.370932
-12.953084 6.960335 9.097104 21.368513 14.807752 3.786255 13.676147 -12.360801 1.317165 21.180227
-5.695661 10.411943 31.548536 -9.606951 14.079429 1.879005 38.005615 -3.071125 -15.167368 23.899029
-7.440307 25.913275 13.779272 -0.737726 32.238445 34.266117 21.464432 -3.566241 3.609275 -0.745339
33.205540 5.921177 37.178463 -67.067574 -30.248831 3.128712 54.554325 1.578182 -31.924547 13.603433
-3.776025 15.358938 11.216012 0.481779 23.207907 25.546534 18.843819 -16.471676 5.627198 2.424738
-0.274899 -5.616598 13.146031 -17.877844 -8.981305 -10.917081 15.391760 -9.133080 -21.647255 16.932945
10.569366 7.561869 6.546591 10.290288 -9.913874 6.661992 13.084102 -8.659153 7.483420 16.275761
-16.152103 11.167099 7.554814 21.259710 16.915545 7.291281 11.806980 -14.615770 4.378539 23.571718
-7.759555 1.444152 14.628469 15.296165 17.412071 11.502759 25.191082 -7.967186 1.398502 5.631980
-5.891327 5.172826 3.853404 26.128077 9.606248 6.509103 9.636940 -9.069479 4.745604 14.924521
-14.129108 9.047709 23.063221 -26.781740 11.624270 1.148126 23.264633 -5.783283 -16.042013 25.228214
41.790482 11.635654 -11.229122 -15.333018 8.065241 26.911669 1.480578 -44.544689 -14.652959 -26.474777
4.563848 2.292804 6.009020 4.691230 -4.682632 2.660592 11.000978 -15.518045 2.080621 12.297220
21.739523 8.171428 -4.566014 2.540268 -7.067133 8.139513 1.883315 -18.191967 4.646295 3.997611
-10.010582 13.018083 10.662315 23.516134 9.639721 4.177199 15.335719 -9.594708 3.925005 27.496880
13.703068 12.790831 25.031630 -1.768532 0.391338 3.761866 36.682373 6.958453 -12.745055 20.415817
-5.348009 8.524801 4.896091 26.894684 12.074863 5.193000 9.801880 -4.818393 0.531045 16.244759
13.271153 11.323304 35.304283 -41.226231 -10.115666 8.911938 47.367939 5.526715 -19.168417 20.507507
11.632165 -4.742103 20.805382 -29.033442 -18.623100 7.800856 30.018246 -12.410216 -3.348382 7.939991
19.468122 24.007627 10.171799 -19.763470 9.684869 31.334570 16.605846 -8.556166 -3.265413 -6.653387
1.990105 5.228147 12.053148 9.763324 -0.138582 2.463739 17.562710 -1.873476 -1.612118 16.757242
-1.697270 13.147182 9.566774 16.456524 17.091129 16.919643 16.337072 -7.697888 3.959317 6.515671
-8.818670 10.360454 -2.025987 12.586990 25.184734 32.823765 5.108262 -8.590911 9.898218 -12.112029
16.008051 17.815090 23.994423 -12.703362 -5.857734 13.294669 28.298763 10.085311 -3.341894 15.930145
-1.540665 2.656271 24.373314 -16.388674 -9.064345 -10.392689 30.677181 -0.869590 -19.239595 30.310478
-13.249911 14.129618 10.448423 19.687733 25.639263 8.868324 14.012031 -6.830251 0.319712 17.391884
-30.286821 -3.904503 -2.418961 22.507711 17.329094 -5.274089 -2.701580 -19.041107 -2.594619 20.064507
1.880551 22.473999 25.301769 5.259838 17.655075 11.424605 36.974964 -3.254268 -6.351628 22.293194
4.793221 15.582708 22.485218 -0.820508 19.545830 16.197163 31.258633 9.726394 -9.888245 1.339830
4.969055 3.564671 21.276665 -22.264351 -18.698866 -6.000253 26.417425 1.292071 -15.979723 28.162411
-17.104918 8.222315 9.257302 27.554438 15.488637 -0.538253 14.576056 -13.166055 -1.327367 27.981403
2.226284 2.511757 14.973434 -13.225995 -11.235787 -3.835767 15.721703 0.559196 -11.482528 17.394156
9.228457 0.274788 15.565960 -21.822229 -14.663150 -7.435865 19.183048 -4.675752 -18.867981 20.001869
36.091248 3.959314 35.591995 -62.287884 -35.108471 -0.354105 53.967545 -4.094457 -31.069202 17.928247
18.469528 10.456872 28.496914 -46.563648 -14.030026 4.523724 41.152081 -5.390925 -23.598257 19.070181
21.305548 9.439504 36.709038 -41.726509 7.453870 1.041786 49.979866 27.159912 -41.314018 -2.488104
-36.927929 5.411736 25.722130 -30.549093 34.307888 6.919250 26.042128 -18.587486 -16.019060 21.373035
-6.210895 3.444937 13.616487 -1.219199 1.053587 10.762210 16.056627 0.037900 5.079297 8.787773
-10.553863 7.367764 3.580032 15.255403 13.639901 13.850946 7.139202 -12.493729 8.473086 10.004279
