-2.448162 -39.550037 10.833197 -5.499598 2.236023 61.807705 -25.725069 38.029991 -65.447212 -0.991375
-8.641435 -26.699263 10.834997 -7.440519 6.030236 30.927025 -28.875959 42.165577 -64.332916 7.939540
49.840870 -64.143585 -12.452992 -6.811913 13.148607 219.233627 45.774620 -24.201904 -4.053862 -55.221569
4.820083 -41.665703 7.423886 -6.226544 5.026494 88.155968 -12.797750 27.115355 -52.277359 -10.764725
-6.033443 -33.909359 11.586901 -5.810684 3.213672 47.827816 -28.619902 40.718105 -65.504692 3.631405
-10.223981 -28.579973 12.366019 -6.690427 4.870494 29.489462 -31.453825 45.025673 -68.448875 8.957938
-9.992517 -25.672384 11.732613 -7.197414 5.826862 26.191795 -30.030890 43.442299 -64.820732 9.555765
-7.835110 -29.660971 10.928942 -7.036270 5.260475 35.337646 -28.850130 41.562717 -64.363548 6.577996
-10.121751 -25.073586 11.462343 -7.356991 5.908333 25.209297 -29.748148 42.726997 -64.198692 9.840776
46.364544 -61.964771 -10.426963 -6.874674 11.445589 216.278458 42.665798 -19.945126 -8.165963 -53.672825
-9.692407 -27.420645 11.569463 -7.062382 5.200500 29.471334 -29.879339 42.406761 -64.862404 8.575113
-9.907321 -28.002951 11.728909 -7.186254 5.556625 27.869362 -30.666389 43.997471 -67.021645 9.099641
23.089310 -57.381443 2.020170 -3.605034 4.621349 154.927872 7.305236 10.402274 -40.174950 -32.783306
-9.109287 -23.506613 10.233715 -8.018007 6.676938 23.466204 -27.828400 40.801556 -61.218544 9.626270
-9.460836 -24.526365 10.724041 -7.960863 6.566161 24.533323 -28.935232 42.026478 -63.156643 9.492663
-10.338192 -25.399490 11.592399 -7.425402 6.297617 25.439987 -29.932756 43.179554 -64.783257 9.574010
16.325850 -56.937237 4.440981 -4.778059 4.099082 139.952469 -0.797773 18.043400 -48.498669 -26.245045
-10.041216 -25.889013 11.565159 -7.055103 5.729990 25.722946 -30.130926 43.729923 -65.526367 9.688064
50.064743 -64.509636 -12.465433 -6.852134 13.085282 220.214401 45.865417 -24.137398 -4.193842 -55.380627
-8.035846 -32.737576 11.925549 -6.608501 4.053874 39.710693 -30.402119 43.309902 -68.276550 5.932967
28.828194 -59.468586 -0.551071 -3.167524 5.923095 171.898941 14.893628 3.270536 -32.933952 -38.353695
-10.118363 -27.942827 11.836517 -7.195081 5.469202 28.896597 -31.105885 44.273930 -67.251694 9.085680
-9.616411 -27.995916 11.416409 -6.963645 5.504321 28.840750 -30.803675 43.798901 -66.934715 8.911567
-9.640909 -24.604050 11.271137 -7.659983 6.140918 24.930822 -28.933867 42.189171 -63.066982 9.657406
-9.387265 -25.409563 11.188307 -7.682598 5.981366 25.523191 -29.008413 42.813602 -64.407494 9.458558
-10.246033 -25.403364 11.755164 -7.045002 5.614277 26.454941 -29.937405 43.312164 -64.644417 9.406439
-9.754506 -26.129833 11.583364 -7.414462 5.757005 26.593140 -30.006586 43.512596 -65.539009 9.430983
-9.999893 -29.072107 12.476165 -6.406109 4.588127 31.961248 -31.409407 44.573151 -67.999130 8.532166
44.280403 -62.141163 -9.210426 -5.974310 10.369299 209.738846 38.335938 -17.028137 -11.704869 -51.822060
-9.921733 -25.616995 11.348545 -7.183419 5.742078 25.483627 -29.925470 43.214920 -64.810081 9.618978
-10.143771 -25.608908 11.465940 -7.323443 6.089750 25.160328 -29.914026 43.264240 -65.157768 9.569298
48.581261 -63.969334 -11.554239 -6.693900 12.388955 219.361862 44.382835 -22.603640 -6.074677 -54.703335
-9.918413 -26.046938 11.334024 -7.345684 5.970912 25.531836 -29.785389 42.872089 -64.682213 9.489456
-3.036030 -37.604198 10.925974 -5.996773 2.598734 60.494907 -24.693794 36.787056 -63.219433 -0.270288
49.445633 -63.503216 -12.191728 -6.855324 12.577016 218.403107 45.257736 -23.591948 -4.298628 -54.615986
-10.005363 -26.388367 11.694399 -6.686078 5.528370 27.150606 -30.215389 43.452721 -65.497108 9.318146
48.540848 -62.726463 -11.628087 -6.064574 12.229450 215.768143 44.150562 -22.792372 -4.844722 -53.843456
46.345551 -62.387104 -10.601400 -6.793405 11.452209 213.050613 41.277058 -19.589481 -9.010184 -52.945065
-9.817244 -25.277304 11.020979 -7.530202 6.286002 24.722250 -29.509266 42.894825 -64.281334 9.550057
-2.012791 -35.506176 9.984845 -5.210646 3.717223 64.558846 -21.547926 35.427109 -59.144009 -2.412359
-9.632930 -25.746510 11.345907 -6.883201 5.522651 27.021467 -29.186977 42.195896 -63.337971 9.242693
5.491189 -45.846256 8.185465 -4.643615 2.960526 94.281090 -15.115570 29.922251 -58.029682 -11.921459
25.843693 -55.083332 -0.279636 -3.406480 5.486461 163.692520 14.883451 4.304864 -31.305977 -35.626427
-9.640697 -23.608429 10.790428 -7.889141 6.735575 23.058336 -28.575161 42.167568 -62.530815 9.709980
47.198132 -63.052063 -10.990784 -6.817995 11.872801 216.137955 42.573658 -20.846531 -7.928017 -53.860950
-9.959765 -28.134939 11.827829 -6.960815 5.290124 28.534056 -31.025715 44.289074 -67.419212 9.105906
-10.024046 -25.641592 11.302059 -7.142469 6.208591 25.497841 -29.997217 42.969349 -64.869324 9.331087
-4.822198 -36.564888 11.143200 -5.677405 3.394262 53.323280 -27.112707 39.388676 -65.417648 1.192503
-9.793316 -26.650045 11.412704 -7.106581 5.569620 26.560684 -30.008451 43.513763 -65.762260 9.230864
10.743757 -45.190502 5.418824 -3.165428 3.665141 113.124214 -4.519749 20.909988 -46.481216 -19.078190
6.777168 -44.905472 7.881271 -5.619617 2.873636 99.925499 -12.152247 27.092672 -54.284496 -13.610483
19.812450 -55.532261 3.586050 -2.883408 4.436521 147.292343 3.360337 13.538169 -43.360126 -30.082352
-10.213737 -27.731794 11.816458 -6.767648 5.463867 27.585667 -30.888002 43.931347 -66.868980 9.106522
20.598372 -58.663235 4.000112 -2.892831 3.487118 151.823349 2.570916 14.269826 -45.261623 -30.552439
47.414925 -61.823952 -10.916384 -5.757325 11.810291 213.573746 42.749611 -21.938572 -5.845887 -53.300632
-10.019472 -27.347214 11.780949 -7.271664 5.479027 27.426016 -30.624002 44.082211 -66.664513 9.412511
-10.225759 -26.904629 11.774885 -7.072704 5.584867 26.469252 -30.711748 44.003078 -66.570045 9.628436
-5.771235 -33.663021 11.798067 -4.974978 2.391238 50.468914 -27.728056 39.854694 -64.061684 2.668715
49.126144 -63.013462 -12.314232 -6.998961 12.767315 217.884613 45.529617 -23.868996 -4.193429 -54.649006
-9.611441 -30.403799 12.553271 -6.569950 4.561491 33.119385 -31.479095 44.699490 -68.938408 7.818521
-9.734153 -24.383160 10.861338 -7.591865 6.511195 23.849718 -28.758194 42.142483 -62.945347 9.678921
-9.792220 -24.420517 11.133620 -7.306159 5.839314 24.475460 -29.208300 42.144043 -63.408871 10.103760
-9.938209 -27.617321 11.584219 -7.228347 5.611761 27.222504 -30.754545 43.928669 -66.854080 9.184075
-9.917960 -26.028570 11.313641 -7.013259 5.865129 26.271324 -29.965561 42.931145 -64.764824 9.324652
-8.724591 -26.493536 10.889009 -7.954658 5.995800 27.758093 -28.718309 41.985668 -63.753185 8.862191
-6.108474 -33.891552 11.604921 -6.091907 3.257017 46.350815 -28.689640 40.842846 -65.650002 4.156177
-9.623286 -27.594950 11.692479 -7.017001 5.551101 28.850021 -30.348928 43.440189 -66.043785 8.601924
-9.910055 -25.616655 11.194322 -7.580773 6.238562 24.990498 -29.914410 43.024422 -64.824348 9.631948
-10.264302 -26.273163 11.511164 -6.966829 5.882468 25.516304 -30.228039 43.505390 -65.581451 9.491062
-9.248538 -31.502975 12.281363 -6.586562 4.240628 35.879612 -31.580313 44.530941 -68.973152 7.357035
-10.304553 -30.009954 13.002049 -6.589234 4.236613 32.408367 -32.231457 45.512424 -69.816414 8.758524
-9.075931 -32.390430 12.733828 -6.369577 3.692410 38.261314 -31.755322 44.651287 -70.056755 6.984099
