7.676306 -3.655519 4.385641 3.136411 8.578156 -1.930753 -6.970799 -5.933533 -6.245975 6.623672
1.825242 -1.284285 9.988646 6.862464 9.296388 8.700332 3.962142 -11.463860 3.282079 1.181075
-9.752192 6.105846 15.454779 9.369588 17.485405 8.954453 13.680694 -12.497951 7.609222 -7.865359
-0.362742 -6.497123 0.937135 0.447174 16.343269 4.368682 -9.159837 -11.060191 1.998376 -7.895327
-9.758780 -0.997540 11.158175 7.283700 18.632530 11.041121 5.573823 -15.120597 9.288363 -9.573508
-16.948980 10.024632 17.270649 10.430633 16.783569 15.767600 18.848902 -16.255466 14.860910 -14.953232
-4.857994 -2.941290 7.933418 4.500067 13.110829 12.125550 -1.341898 -16.041946 8.505255 -3.196541
0.314719 4.796645 6.403410 4.526151 16.682127 0.532178 0.498145 -8.896733 -2.304525 -0.381251
-9.036386 16.793978 7.400404 5.228640 16.817181 10.175977 9.270135 -13.847540 7.731256 -14.067872
-3.981323 0.174114 8.065486 5.414847 15.911147 9.990739 0.732869 -14.548066 6.573297 -4.051509
10.222381 -2.482593 2.291178 2.561162 8.625506 2.817836 -10.336778 -10.522573 -5.599105 6.700714
6.029352 11.459375 0.279843 0.930730 15.498120 -0.226469 -5.158721 -8.241513 -8.099545 -0.325109
0.135156 -1.833683 10.867397 7.268912 14.633887 2.784840 2.078115 -9.069799 -0.773853 2.033752
-7.662457 8.606178 9.858507 5.653304 12.700231 13.462832 4.624140 -17.588932 9.858555 -3.731814
0.366328 -8.015875 7.948916 5.653316 12.730916 6.724661 -2.958862 -11.602887 2.283416 1.265111
1.760259 -10.732373 11.007847 6.703663 9.610225 3.180740 -2.208240 -9.112226 0.339714 6.356073
-12.431149 9.090582 13.939021 7.343425 13.935652 5.267476 11.490951 -9.673474 7.945108 -7.112797
-10.304323 7.189653 13.836155 8.168344 15.719220 8.557336 12.993900 -10.987300 8.404538 -11.692758
-6.094679 -1.015412 11.383852 8.105172 11.185332 16.359743 8.610719 -16.004843 11.414121 -7.793832
-0.296661 -2.384915 7.222566 3.052376 21.461298 -15.315914 0.390625 1.780997 -14.100747 -1.145519
-4.515093 -7.114488 13.590086 7.775929 15.443036 3.586860 6.028687 -8.070732 2.846503 -3.485569
-1.062452 -3.162581 7.337023 4.949123 12.317822 9.415668 -1.880831 -13.976632 5.164585 -0.102676
-11.753255 1.410369 16.771454 9.990337 17.624235 7.987284 13.776844 -10.587607 8.669522 -9.915520
6.787877 1.567410 2.456985 1.775751 10.702861 -3.552022 -6.230000 -5.099039 -7.720031 2.689956
6.009082 1.366998 4.279438 3.119078 16.392826 -3.521152 -5.274762 -6.846108 -8.995023 4.508646
-7.222267 6.862075 15.024373 8.620253 5.489397 12.572448 11.803437 -12.972106 9.192922 -0.952345
-2.770742 -5.936009 12.419615 8.039440 12.030435 7.026940 5.394177 -9.570075 4.048066 -2.291686
10.921857 -40.334801 -6.844815 -4.863477 -0.309507 20.650763 -21.881958 -17.402521 7.586397 5.137151
-5.413676 -7.886187 11.048995 6.239138 8.851572 13.425655 1.343453 -15.275279 9.170363 0.489558
-13.652390 14.180615 14.788103 9.613398 14.722047 19.228441 17.921518 -19.382452 15.396737 -13.424987
2.379557 -3.394024 5.665734 4.273090 19.192181 2.170493 -3.949735 -10.976173 -2.919559 -0.892425
-7.184617 -9.776847 13.359909 7.942402 15.002821 8.048977 5.421132 -10.829970 7.255556 -6.287786
-16.597553 2.066489 17.254629 10.462605 14.339944 16.738661 15.092943 -16.749199 15.165366 -11.748767
-8.672392 9.796499 13.014981 8.179518 10.597065 12.695596 14.020795 -12.764696 10.596868 -11.256747
-1.603425 15.226895 4.173556 2.726380 6.527606 10.959397 4.432630 -12.730691 6.645849 -7.485797
-1.241866 0.738556 9.900541 6.468814 13.326570 6.876500 3.260427 -11.738881 3.328648 -0.615675
-4.426948 21.039715 3.996012 3.086955 22.263590 -0.783195 5.643672 -8.277183 -2.582025 -7.703557
-5.066328 -0.819680 10.607882 4.892137 12.391755 -8.484244 4.578864 -0.031241 -2.907631 -2.579420
5.305969 -0.973507 3.691561 2.556581 10.839641 0.135877 -4.940285 -7.127818 -4.603965 -0.253068
-12.638618 1.944257 16.633904 10.200317 12.346931 17.606562 14.624248 -17.033480 14.343808 -8.677984
-1.901223 4.525234 10.366321 5.790287 12.642619 4.873331 5.978913 -9.190090 1.694821 -2.141275
2.124279 1.139111 3.315244 1.423072 3.418720 6.419386 -3.554950 -8.636039 1.991390 -2.343755
-0.943923 -19.205385 12.116421 8.176628 11.838864 7.022870 0.386586 -9.370409 3.321018 1.453328
1.752649 -13.010599 10.207027 7.138186 7.483355 11.191406 -0.492330 -13.113824 4.822492 7.014486
-1.202561 -7.261406 10.812134 6.963008 9.827308 12.464241 2.186725 -14.069880 6.144034 1.328583
-9.865222 -3.191730 15.840326 8.691925 13.321565 6.380399 8.077291 -9.979761 7.163918 -4.803597
-13.182069 9.709457 17.879364 10.425357 11.501944 12.079616 18.212164 -12.521277 11.292003 -8.289235
2.937402 -0.202993 4.516512 2.500979 5.294312 -1.416983 -4.239405 -4.207998 -2.475870 2.456483
-15.215879 5.812777 14.759514 7.085607 16.590286 0.626873 10.148377 -5.941067 6.038303 -11.101510
-1.291028 -10.890786 13.382550 8.246748 10.848653 3.190361 3.207745 -7.045594 1.639551 3.013770
-13.032103 4.252911 17.369625 10.800219 10.874737 18.755648 17.590967 -16.969610 15.356069 -9.851568
5.312932 -3.738334 5.122252 3.742122 10.605227 -0.354533 -4.518524 -6.764482 -4.259255 4.356070
-7.845335 0.561807 14.219805 8.451609 16.254587 10.857234 10.771585 -13.173018 8.129683 -8.550709
0.467144 2.982219 3.269410 1.911723 9.272235 4.800926 -3.101352 -9.486547 2.898538 -4.589806
4.600236 4.491237 4.245917 3.327390 7.655801 4.532349 -2.124841 -9.391174 -0.822525 2.263347
2.774900 -13.971704 9.436705 6.458111 13.499424 4.969431 -3.961006 -10.726535 0.055008 5.345428
1.976839 5.224881 6.324236 4.253869 14.812634 -0.466487 -0.537387 -7.876694 -3.643175 -0.485757
4.047319 2.131873 5.076060 3.831096 10.067002 4.149150 -3.782829 -9.771667 -0.753454 2.842139
4.093040 -2.316417 5.165851 3.637779 9.771459 4.710364 -4.242348 -9.449756 0.451421 1.644353
-6.467568 5.969620 13.317033 7.108483 13.912074 4.418372 9.252128 -9.122423 4.634083 -4.408716
-3.972013 10.261391 9.069740 4.520913 8.976036 3.339051 8.437231 -6.988655 3.721213 -5.274904
-8.305433 0.869143 14.311967 7.222645 4.959548 8.397479 9.525191 -9.000798 8.788639 -3.623191
-14.372982 16.689724 12.339037 7.433772 13.362803 17.794062 11.666375 -20.759485 14.532615 -8.169452
-6.084723 3.884736 11.486763 7.324533 14.651383 7.445003 7.395300 -11.763968 5.996418 -5.843935
-5.985808 -3.826167 13.415304 8.924009 9.217699 17.258375 8.044606 -16.987671 11.261720 -1.671872
-11.867809 8.347314 16.466942 10.482521 8.442771 23.185106 16.069674 -21.572721 16.533346 -5.913263
6.782145 -7.167385 5.946120 3.898126 9.177466 -2.593663 -7.700056 -5.455524 -5.139032 9.294486
-3.921511 6.310956 6.151639 4.330455 10.787953 14.512774 0.351789 -17.947277 8.498480 -2.346085
