5.634497 -1.278588 -0.528547 -7.867143 12.472839 -4.849375 7.280735 4.026999 1.280224 3.782796
1.618515 -10.180802 -5.771049 -3.453985 4.261279 -7.747096 8.609641 4.117441 2.557287 3.088729
4.860690 -14.411659 -7.345551 -6.374544 6.349027 -9.342633 12.343195 7.062824 -9.169902 3.650019
-0.697849 -8.014099 -5.989226 -2.510214 5.453328 -8.807256 8.599126 4.923408 6.203619 3.943584
1.794524 -18.863815 -11.233943 -1.685588 0.747568 -11.104017 12.298551 6.524983 -5.718880 4.043734
3.299461 -18.656475 -10.966656 -2.403733 0.853970 -11.287866 12.636306 6.536075 -8.714758 3.759944
0.575278 -18.995893 -12.051127 0.535036 -1.615646 -11.092854 11.448003 5.459748 -3.740072 3.479035
5.262852 -2.046235 -0.082555 -8.135648 12.065641 -4.536294 7.761267 5.266095 -0.673458 3.082084
4.032308 -14.745367 -8.067660 -4.617629 3.911076 -9.805783 12.006257 6.162971 -9.667607 3.374411
0.495304 -15.075960 -9.673507 -1.739063 2.176957 -11.182618 11.715825 5.454258 -0.835834 3.967839
4.894529 -1.384398 -0.468506 -7.305068 11.696423 -5.052764 7.003829 3.985363 4.177335 3.736906
5.303171 -1.122460 0.059221 -7.647221 12.798443 -5.510699 8.062045 4.750699 1.819349 3.608373
4.283639 -7.736081 -3.220561 -7.006985 9.823838 -7.163439 9.936398 5.675653 -0.010574 3.812378
2.377128 -19.057432 -11.206824 -1.602950 0.479515 -10.834739 12.151818 6.489250 -7.170254 3.665858
0.471305 -10.117679 -5.518005 -3.203158 5.968168 -8.712703 9.374616 4.225795 5.997004 3.526062
4.474234 -4.630729 -1.875818 -7.501835 11.139589 -4.770158 6.443742 4.519681 5.556590 4.381639
3.835299 -14.053781 -7.792007 -5.021355 5.155411 -9.015600 11.404697 6.497028 -7.952941 3.696882
3.389464 -15.060282 -8.573302 -4.054462 3.364168 -9.980866 11.857305 6.073889 -8.442460 3.410944
1.348187 -19.247412 -11.876584 -0.135161 -1.874545 -11.546356 11.896645 5.431562 -6.175220 2.899736
5.783456 -1.642384 -0.512265 -8.135802 12.897463 -5.095323 8.017749 4.651641 1.109475 3.977311
3.551585 -10.812935 -6.547337 -6.411738 6.922467 -8.654963 10.475772 6.498719 -2.078212 4.092836
0.373334 -14.846926 -9.368765 -1.613197 1.649737 -9.842835 10.046792 5.194235 1.239332 3.812696
3.571273 -16.624468 -9.312834 -4.197533 3.617126 -10.585820 12.566483 6.729597 -7.925338 3.853976
4.036441 -1.086419 -1.137018 -7.120131 11.444150 -5.041436 7.241963 4.133508 1.175672 3.219623
5.723123 -0.970724 0.029662 -7.715204 12.563268 -5.245922 8.015291 4.570296 1.826751 3.659715
3.319494 -18.881594 -10.400970 -2.329399 0.754193 -10.309577 11.920942 6.070997 -7.271095 3.511524
1.151222 -15.531689 -9.041131 -2.344764 2.446215 -10.067990 11.110312 5.665990 -3.739125 3.700277
-8.382940 8.151223 -3.922798 0.425564 -2.427484 -6.116663 1.807993 0.448372 38.863773 7.925134
0.717655 -18.972240 -12.327006 0.732928 -2.881865 -10.690239 10.483012 5.584809 -1.630370 3.071794
3.003361 -19.447649 -11.718733 -1.179137 -0.879853 -11.674861 12.668908 6.149605 -8.493634 3.618230
1.017972 -7.286941 -4.574220 -4.234711 7.448880 -8.864032 10.201062 4.492055 4.901414 3.686260
1.252630 -18.186682 -11.359525 -1.326261 -0.043376 -11.323453 11.772098 6.166996 -2.400639 3.983956
1.907005 -21.466635 -12.969298 -0.011225 -1.968984 -11.937301 12.833379 6.443308 -6.975798 3.833085
2.021434 -19.056711 -11.871552 -0.452294 -2.083934 -11.340403 11.660266 5.888612 -7.114919 3.187248
0.299321 -12.749996 -8.389567 0.270884 -1.208433 -9.245230 9.084035 3.350518 -4.105620 1.902638
3.237967 -13.011934 -6.795950 -4.799864 5.273909 -8.579120 10.568955 5.697249 -4.903755 3.172271
7.119298 -7.256113 -2.623182 -8.359908 9.313067 -6.210847 10.457856 7.069337 -8.928358 2.464138
4.424355 -1.905805 -0.699053 -7.398970 12.384955 -4.805130 6.975841 4.375483 1.169398 3.689770
4.354475 -0.846881 -0.146436 -7.587271 12.568340 -5.010449 7.836248 4.431120 2.432999 3.411695
1.704998 -22.134663 -13.658578 0.939595 -3.642321 -12.126391 12.366575 6.120074 -6.208650 3.601538
3.115464 -11.236697 -5.797978 -5.129176 6.440989 -8.056215 10.527518 5.979085 -4.754982 3.013877
0.056778 -5.724457 -4.310678 -2.418428 4.753957 -6.871075 6.736853 3.419574 5.908200 3.210441
-0.399590 -13.086514 -7.981847 -1.434123 2.073764 -10.133616 10.160914 4.499867 6.021416 3.965677
0.102541 -11.441269 -7.480048 -1.793638 2.135967 -8.829365 8.611721 3.933630 8.467048 3.578097
0.572789 -18.873289 -11.802035 0.191714 -1.563809 -11.370515 11.632774 5.674847 -2.833245 3.667429
2.733358 -18.410597 -10.996492 -2.211625 0.710979 -10.162395 11.240335 6.347129 -5.620833 3.757887
3.045775 -18.878565 -11.666774 -1.673397 -0.326484 -11.059197 12.012286 6.365359 -7.448080 3.481649
4.476459 -1.676677 -0.835664 -7.469606 11.607960 -4.621623 6.646904 4.072455 1.480725 3.655403
4.206761 -12.697556 -6.065783 -5.944253 7.491832 -8.103230 11.304486 7.042543 -8.232944 3.553392
1.273277 -8.130800 -4.730956 -3.999850 6.887326 -7.588691 8.438989 4.042782 5.235142 3.650163
2.591304 -20.945730 -12.851342 -0.448593 -2.345306 -12.077754 12.650651 6.280666 -7.691085 3.634554
5.124347 -1.027115 0.136410 -7.919832 12.739279 -5.032865 7.575248 3.982487 2.857363 3.892069
2.727380 -15.606806 -8.878345 -3.683419 3.842185 -10.135357 11.969777 6.638821 -6.918954 3.602622
-0.835070 -6.483105 -4.767303 -2.419363 4.515590 -7.163022 7.010603 3.063210 2.965838 2.299826
3.108764 -3.020383 -2.065424 -6.580708 10.311964 -5.579474 7.665443 3.887903 2.504379 3.066569
1.402231 -8.585661 -4.597048 -4.266845 7.308251 -8.384324 9.962971 4.598297 4.835608 3.969860
3.082096 -2.021816 -1.831941 -5.733152 10.271084 -5.341345 7.220060 3.894597 1.135567 2.680819
3.196961 -4.287626 -1.962452 -6.545013 10.521882 -5.677107 7.233523 3.776052 5.240136 3.592416
1.434775 -5.050120 -2.954061 -4.475403 7.760174 -6.714056 7.920332 3.153727 4.210633 3.075666
4.486232 -11.893379 -6.168057 -6.287844 6.805976 -8.528520 11.352412 6.474432 -7.384843 3.231333
3.820269 -9.840889 -4.998169 -5.361393 6.056710 -6.822181 9.425183 5.479025 -7.560697 2.430339
0.971874 -18.409048 -11.394724 0.092852 -1.177931 -10.619807 10.994393 5.602166 -5.642876 2.947331
3.304999 -20.882542 -12.181560 -0.873617 -1.325951 -11.453403 12.755614 6.481396 -8.692711 3.911564
3.428725 -15.886562 -8.585898 -4.682303 4.476617 -9.736470 11.992927 6.635862 -7.980466 3.782026
1.149157 -21.353987 -13.394801 1.000890 -3.757580 -11.944192 11.953137 5.790332 -4.046387 3.333359
1.890306 -22.815622 -14.286067 1.676058 -5.263429 -12.398805 12.438684 5.862769 -6.063662 3.406779
5.190320 -1.244120 -0.443750 -8.134865 12.776598 -4.785785 7.085168 3.944706 1.308650 3.628355
1.598590 -19.489656 -11.278516 -0.177792 -1.220401 -11.024057 11.275215 5.673879 -5.457510 2.993893
