2.015353 11.012858 -9.463568 13.240267 -26.334993 -4.755725 4.525267 -8.001752 -9.619232 -7.593776
1.067594 9.239971 -8.136380 11.283222 -25.933405 -0.895444 2.915252 -7.012812 -6.333610 -3.273519
-2.478502 16.706072 -11.926755 15.712756 -44.600674 4.125982 1.597616 -12.874330 -5.651778 -0.876323
0.558232 13.670039 -10.691471 15.162010 -32.647846 0.500670 4.073775 -11.312052 -7.079048 -3.187012
-0.197524 10.398493 -9.394554 11.469337 -23.661617 -3.147139 4.441477 -8.120579 -7.126556 -4.087257
6.250553 6.093192 -6.986103 10.313526 -11.666074 -13.427000 9.681143 -2.796788 -13.402914 -14.341280
2.675335 6.212526 -7.632367 8.094289 -8.254182 -9.077689 8.906555 -3.879488 -9.373103 -9.896210
0.114960 11.457135 -10.440688 12.811304 -26.061163 -2.519474 5.061910 -9.455119 -7.530027 -3.809758
2.407329 8.670001 -8.025395 8.310143 -12.442134 -8.449413 10.330429 -5.225120 -9.401628 -7.800337
-1.472978 14.800570 -11.455578 13.553640 -36.098831 1.227838 3.817486 -11.156121 -6.322377 -2.718122
2.793882 10.954666 -8.998622 10.369671 -18.340370 -7.915651 9.826469 -6.756913 -9.577095 -8.938503
4.527930 9.773309 -8.988704 12.574205 -16.536903 -10.305383 9.434326 -6.509556 -11.879981 -10.662566
0.727047 11.366728 -9.490444 12.654345 -27.985798 -3.213806 4.261309 -8.370496 -8.166182 -5.296868
5.883529 4.528842 -4.253720 5.690822 -2.552203 -11.310475 11.972350 -2.362729 -9.589081 -9.616817
3.907787 7.738854 -6.985814 7.744184 -12.067917 -10.149226 10.743489 -3.144569 -10.358063 -11.485840
1.570927 10.239088 -8.634543 10.002512 -17.675287 -5.765422 8.965659 -7.427600 -8.208670 -6.052736
1.157359 12.949912 -10.907591 13.630555 -26.843546 -3.546863 6.076474 -10.229293 -8.835606 -6.174553
5.184344 6.231124 -6.998886 8.780657 -9.012128 -12.137751 9.391587 -2.877983 -11.709424 -12.750916
-2.348053 16.871365 -12.072438 16.613272 -46.705791 4.560572 0.678602 -13.344760 -5.880220 -1.002023
2.176802 11.296381 -9.693973 12.420307 -22.336687 -6.633450 7.599350 -8.074700 -9.650961 -7.751269
-0.253402 12.131913 -10.457587 13.095848 -28.862154 -1.902564 3.886609 -9.738194 -7.348927 -4.053441
3.501308 10.617115 -9.667506 12.767160 -18.979536 -8.838620 8.843415 -7.545960 -11.103625 -9.770690
4.388221 9.718206 -8.809875 11.403551 -17.449312 -11.043431 10.190681 -5.530842 -12.245808 -11.366125
5.127662 3.572341 -5.422285 5.879496 0.264749 -9.570834 10.817123 -2.799182 -8.971279 -9.822630
3.819857 8.190784 -8.473735 11.604047 -14.281899 -6.815369 7.469170 -6.937541 -9.601010 -7.546336
1.376848 9.955847 -9.227767 11.234079 -19.571705 -5.346883 6.549328 -7.578780 -8.422797 -6.220932
4.018315 7.655594 -8.256888 10.421751 -9.833936 -9.848790 9.663696 -5.681675 -10.353786 -10.169249
3.571512 8.378061 -8.451271 12.066662 -19.439270 -8.548417 5.968112 -5.294475 -11.103134 -10.172164
-0.236389 14.619128 -11.171010 14.686337 -36.108353 0.042643 3.543316 -11.183434 -7.446999 -4.225143
5.201007 6.625082 -7.473917 9.027795 -6.802530 -12.077504 11.262110 -4.429883 -11.189451 -12.060152
6.611876 6.078918 -6.534935 9.019388 -6.889062 -14.202031 12.193564 -2.991154 -12.918985 -13.209702
-1.023043 15.210248 -11.908483 15.482740 -38.095276 1.114192 3.040739 -11.910332 -7.179504 -2.877595
6.081145 5.207755 -6.884649 8.276293 -2.581591 -12.700806 12.191594 -3.612445 -12.033836 -12.522846
0.693924 11.767490 -10.054299 13.244335 -26.748648 -2.737835 4.772895 -9.322610 -7.922503 -4.528046
-2.357926 16.742874 -12.228642 16.414267 -45.693050 4.092977 0.968993 -13.110463 -6.167015 -1.215769
2.510302 9.621593 -8.898441 9.907776 -14.856939 -9.019090 9.934101 -6.262911 -9.903439 -9.180853
-2.700675 16.177967 -11.910684 15.587553 -43.874264 3.548241 1.262211 -12.576153 -5.792397 -0.825873
-0.300267 14.796711 -11.322343 14.818110 -37.329266 0.087650 3.340071 -11.106923 -7.639483 -4.189146
5.903950 6.850607 -7.839837 8.826057 -6.715496 -13.828305 12.916609 -3.705238 -12.980608 -13.912230
-1.093026 13.717203 -10.901898 12.894714 -31.093100 0.716205 4.953742 -10.694036 -6.113488 -2.419249
1.381146 10.074830 -9.492984 11.191343 -19.580887 -5.713029 6.660885 -7.577400 -8.938797 -6.657750
1.486416 11.755158 -9.910596 13.072472 -27.382025 -3.848804 5.293929 -8.488223 -8.902483 -6.360699
-0.326022 13.697779 -11.165292 13.137119 -30.256092 -1.429397 5.598094 -10.542090 -7.498069 -4.191960
5.509980 5.420971 -5.908720 6.176700 -4.046968 -11.729863 12.112982 -2.672077 -11.101248 -11.441229
-0.782813 15.141117 -11.789014 15.128773 -37.119633 0.561233 3.700912 -11.824197 -7.250300 -3.348647
5.541986 6.426209 -6.069407 6.430805 -9.493194 -14.251018 13.053401 -0.633356 -13.039528 -13.754784
0.591582 12.048709 -9.976708 11.609287 -23.578407 -3.840070 7.122045 -9.224711 -7.746281 -5.031478
6.159339 7.053702 -7.106562 10.776256 -13.434449 -13.031686 9.563473 -3.711235 -13.244375 -13.379978
-0.574682 12.619093 -10.185718 10.669710 -25.647322 -1.607084 7.099223 -9.360188 -6.421784 -3.561580
0.572142 13.714137 -11.331252 15.458696 -32.701073 -0.713860 3.745640 -11.123717 -8.395174 -4.436483
-0.120018 11.916148 -10.280486 13.071270 -29.257298 -1.874033 3.527811 -9.339331 -7.585468 -4.083338
7.336846 5.689492 -6.686976 8.698739 -5.007425 -15.412085 13.205309 -2.673566 -13.862765 -14.337588
1.182024 11.789944 -10.357869 14.195205 -28.494585 -3.023921 3.409591 -9.190333 -8.852980 -6.057667
-1.471847 15.219431 -11.969577 15.695446 -39.589947 1.693248 1.982674 -11.818847 -7.100343 -2.478111
5.361315 6.669521 -8.033345 9.402262 -5.614321 -12.127224 11.443129 -4.195611 -11.637238 -13.179310
7.694691 4.791612 -6.366168 8.802506 -3.867744 -14.783785 12.629462 -2.905723 -13.595020 -14.029047
-0.196634 11.401728 -10.066968 12.301524 -26.853279 -1.559656 4.028828 -9.103446 -6.909501 -3.648237
-1.513100 15.821165 -12.015866 16.079987 -42.173309 2.300669 1.809471 -12.248619 -6.841653 -2.421864
2.316595 10.721830 -9.351509 12.425230 -22.573126 -6.271434 6.567173 -7.652382 -9.548255 -7.626176
4.605869 4.410458 -6.064878 6.168456 -3.034418 -11.170876 11.467947 -2.556897 -10.940475 -10.822248
4.377584 4.340319 -6.329927 5.991320 -4.075386 -10.927777 10.785351 -0.728227 -10.502746 -11.702906
6.161384 8.617529 -7.691801 10.936529 -15.040741 -13.882342 11.228013 -3.698847 -13.804508 -14.013332
1.656660 9.917786 -8.940681 10.352108 -19.519873 -7.024607 8.479881 -6.194235 -9.455535 -7.819177
2.431187 11.044765 -9.450843 13.070913 -21.462698 -4.635227 6.546898 -9.086023 -8.891993 -6.454774
0.747018 11.464993 -10.155330 12.940406 -26.051996 -3.500000 5.010991 -9.028977 -8.393978 -5.321077
3.039096 9.693412 -8.839822 11.843892 -19.310669 -8.782655 7.675105 -6.703369 -10.547909 -9.274757
6.063294 6.536578 -7.358551 7.773561 -4.976758 -14.391101 14.173675 -3.004475 -13.015449 -14.410024
7.088722 5.388222 -6.601900 7.959417 -5.344769 -15.083087 13.285869 -2.120213 -13.810431 -14.666899
2.179852 11.277683 -10.036487 12.974711 -22.395105 -6.888567 7.029686 -8.088544 -10.231515 -8.252731
4.395637 9.139578 -8.780391 13.197875 -18.491667 -8.070114 7.269570 -6.786248 -11.228608 -10.046133
2.727173 9.319267 -8.910873 12.626057 -22.397242 -7.252653 5.381710 -6.076148 -10.875952 -8.904953
