-1.120848 -4.865252 -31.452549 -2.931187 13.868190 3.169485 16.991961 26.849178 3.618924 -6.055513
-1.234053 -9.369905 -60.511578 3.525221 25.583189 4.731740 32.504810 53.010124 2.517331 -6.888510
-0.708008 -4.929078 -29.713985 -3.542423 12.826653 3.518366 15.856798 25.339237 3.525322 -6.319810
-1.189750 -9.103126 -59.433464 3.615527 25.003979 4.687910 31.866060 51.963360 2.509732 -7.265509
-1.111935 -5.753561 -35.576881 -3.112587 15.525037 3.559407 18.859999 30.410450 3.814202 -6.582169
-1.025535 -5.679092 -34.640057 -2.700538 14.978479 3.892445 18.476604 29.709778 3.585947 -6.837952
-1.718473 -6.593910 -43.697250 0.618154 18.605160 3.741137 23.372366 37.735725 3.685588 -6.843773
-1.614139 -8.707385 -56.354397 3.171481 23.750912 4.610863 30.407440 49.138920 2.506768 -7.089945
-2.715385 -9.174704 -63.237225 3.400210 27.200281 4.723193 34.016476 55.105236 2.002395 -7.121416
-1.443243 -6.974120 -44.472412 0.012086 18.995071 3.787674 23.815435 38.347736 3.486789 -7.426900
-2.822170 -11.539250 -76.856697 3.932593 32.444557 5.491614 41.204807 67.186234 2.311457 -7.967998
-1.209249 -5.534692 -35.564579 -1.973675 15.435233 3.634629 19.015295 30.475895 3.787253 -6.706338
-1.315369 -6.146937 -38.260742 -2.683398 16.658762 3.723559 20.461931 32.832249 3.868262 -6.837703
-1.258089 -8.162768 -51.600533 0.958863 21.988932 4.473037 27.746969 44.908405 3.136128 -7.549983
-0.639419 -4.945269 -30.080870 -4.558222 13.146307 3.542913 15.868610 25.791927 3.265143 -6.148684
-0.933875 -5.003031 -30.188404 -2.359367 12.925733 3.188372 16.070696 25.724030 3.230198 -5.935893
-2.683952 -10.272328 -64.227844 2.699338 27.609627 5.323759 34.501919 56.103439 2.206354 -6.822229
-1.230426 -9.154078 -58.624069 3.148550 24.845467 4.933125 31.569052 51.294266 2.486415 -6.905948
-0.627700 -5.021920 -29.648766 -3.578068 12.686326 3.564365 15.779152 25.303406 3.142441 -6.422150
-0.615497 -5.103473 -29.135033 -4.119193 12.679772 3.597784 15.454691 24.855633 3.298742 -6.409066
-1.411280 -9.070202 -57.857628 2.563940 24.417585 4.793523 31.031271 50.355724 2.755887 -7.405803
-1.647858 -7.302433 -46.607426 0.676818 19.926094 4.319157 25.038881 40.545410 3.419679 -7.292222
-1.733218 -6.564538 -43.155411 0.137541 18.349712 3.742104 22.933184 37.212143 3.705531 -7.139010
-1.244172 -6.307722 -39.816757 -1.529973 16.995842 3.750279 21.037390 34.123287 3.764577 -7.105314
-1.522828 -7.260182 -46.650867 1.490044 19.869499 3.902343 25.149010 40.652664 3.085163 -6.648575
-1.205732 -8.440886 -54.471977 2.169494 23.080490 4.431983 29.221935 47.411282 2.888106 -7.145289
-1.605869 -5.231879 -33.259007 -2.920945 14.374436 3.657582 17.910122 28.714867 2.928734 -6.405219
-1.704075 -6.361689 -41.110847 -0.601391 17.409599 3.727398 21.800722 35.427593 3.677814 -6.834045
-1.588409 -8.689162 -56.716450 3.034352 23.983442 4.580176 30.440662 49.415710 3.085461 -7.466645
-1.275433 -5.352874 -36.301037 -2.273787 15.866735 3.430225 19.579683 31.296001 3.968062 -6.585371
-1.704754 -6.018779 -39.578136 0.234074 16.908108 3.584792 21.342100 34.291615 3.531325 -6.352740
-1.009682 -4.705060 -28.595890 -3.488456 12.450830 3.159513 15.029799 24.419514 3.229012 -5.750467
-1.311930 -8.998109 -59.316570 2.976747 24.889622 4.657928 31.919323 51.739677 2.816106 -7.315098
-1.169478 -9.290968 -60.269814 3.327798 25.447283 4.917253 32.416836 52.482708 2.636926 -7.564033
-0.894475 -4.855480 -28.867760 -3.776911 12.717880 3.197969 15.538067 24.632980 3.591186 -5.986562
-1.369983 -6.063426 -38.815807 -1.164973 16.460405 3.567956 20.486780 33.309143 3.751872 -6.618311
-1.269706 -7.945224 -49.854412 2.728759 21.269131 4.154476 26.996073 43.620071 2.696050 -6.497651
-2.352280 -9.987407 -62.714989 2.125712 26.422554 5.140463 33.880302 54.906586 2.234937 -7.478552
-0.710568 -4.929575 -29.014519 -3.481563 12.537703 3.557091 15.460350 24.915733 3.385675 -6.270949
-0.227245 -4.143002 -26.439320 -3.488763 11.199067 2.969047 13.511497 21.861668 3.336915 -5.969262
-2.781127 -10.640828 -70.133995 1.454736 30.006367 5.636670 37.609035 61.076336 3.199234 -8.287645
-2.302885 -8.851949 -58.400940 3.251788 24.769897 3.171836 31.652977 51.087582 3.801221 -6.607073
-1.320191 -9.003043 -58.530357 2.592851 24.766953 4.896277 31.701151 51.159229 2.858176 -7.447195
-0.995932 -4.888989 -28.525578 -2.662195 12.325057 3.271902 15.244808 24.483688 3.286907 -5.564894
-1.281233 -5.683327 -35.025528 -2.409310 15.044097 3.607939 18.698582 29.974888 3.645740 -6.702733
-1.559663 -7.906934 -51.358047 1.895765 21.623764 4.104103 27.791473 44.498981 3.108943 -7.323528
-1.636593 -6.343053 -40.813667 -0.843256 17.371346 3.543692 21.745504 35.186707 3.997392 -7.157227
-1.573235 -5.993731 -37.926636 -0.877363 16.391708 3.680742 20.262861 32.689110 3.490390 -6.478211
-1.675855 -7.062201 -46.217884 0.614883 19.609594 3.923685 24.685968 39.834846 3.662405 -7.456420
-1.644380 -6.594759 -42.043991 -0.363371 17.925791 3.713173 22.469872 36.296219 3.617684 -6.861178
-1.574894 -7.705699 -50.255383 1.034289 21.347780 4.229093 27.116190 43.654774 3.273093 -7.321887
-0.848396 -4.528133 -28.881691 -3.855423 12.704908 3.251055 15.368975 24.830570 3.070091 -6.074382
-1.243093 -8.132456 -51.116570 1.067279 21.701534 4.347259 27.123392 44.369934 3.276349 -7.333670
-1.278790 -5.458078 -35.137283 -1.504732 14.898568 3.369116 18.572039 30.345711 3.463834 -6.300731
-1.437328 -6.627530 -42.325699 0.318639 18.160120 3.777684 22.752645 36.514023 3.370786 -6.882289
-0.872166 -4.970077 -29.166576 -3.676242 12.577202 3.525063 15.421289 24.851952 3.395865 -6.145719
-1.295689 -8.703830 -56.958317 2.104671 23.980415 4.680591 30.416546 49.488583 2.890351 -7.480124
-0.819078 -4.966294 -29.152073 -4.207045 12.689573 3.595165 15.440353 24.821293 3.386390 -6.178637
-1.517135 -6.460334 -41.682072 -0.212470 17.664942 3.607121 22.136610 35.816113 3.696362 -7.017570
-1.428677 -9.005034 -59.066414 2.945010 24.816042 4.780780 31.875633 51.529793 2.863086 -7.421598
-2.822313 -8.765482 -57.956535 1.965452 25.191879 5.040374 31.394293 50.283985 3.046809 -6.849459
-0.760970 -4.612309 -28.999975 -3.828824 12.534574 3.196790 15.253872 24.588844 3.449745 -6.004475
-1.083226 -9.412169 -60.828209 3.456388 25.716614 4.727077 32.690968 53.195499 2.333127 -6.797828
-0.795097 -5.075458 -29.193460 -3.811166 12.765584 3.362337 15.582811 24.877613 3.413466 -5.964036
-1.336943 -9.288837 -59.851189 2.780660 25.410078 4.903621 32.463223 52.315392 2.979938 -7.526124
-1.020421 -4.739959 -29.223415 -2.533630 12.491547 3.199147 15.447889 24.818775 3.102268 -5.886539
-1.342098 -7.875920 -50.678276 2.020900 21.439850 4.110294 27.449781 44.186302 2.809695 -6.804947
-0.907498 -4.715160 -29.512421 -2.705173 12.729741 3.142379 15.696503 25.247417 3.282406 -6.404111
-1.487085 -7.732166 -51.113323 1.670800 21.606155 4.150502 27.469496 44.416428 3.170085 -7.198716
-1.496526 -5.539203 -35.705757 -1.694748 15.723687 3.237693 19.181406 30.989082 3.542314 -6.147927
-1.717940 -7.371635 -47.703697 1.094555 20.278793 3.973949 25.570156 41.371620 3.446835 -7.187493
-1.616207 -7.432052 -48.770855 1.108271 20.727139 4.076739 26.175840 42.279755 3.378687 -7.414563
