-10.836173 -1.791267 6.665968 -2.722218 3.498750 10.575466 -6.338048 -6.954158 -0.042988 1.771774
-8.658761 -0.868804 5.132082 -1.790502 3.184523 8.303995 -5.731816 -5.869904 0.344769 0.957391
-13.663413 -3.715723 9.335878 -4.631681 4.254511 14.127361 -7.079700 -8.964207 -0.242361 3.022534
-12.357707 -2.879873 8.094588 -3.771997 3.935702 12.622759 -6.850277 -8.176571 -0.142542 2.531914
-7.807262 1.452902 3.991510 -0.113640 2.982287 6.914215 -5.728421 -5.337173 0.933111 -0.470639
-4.871088 7.226666 0.410350 3.431977 1.344118 2.670180 -5.609487 -3.129883 1.293553 -4.953178
-4.811891 6.908248 0.644976 3.459059 1.347113 2.228576 -5.471139 -3.126990 1.431898 -5.267006
-9.225196 -0.938303 5.574106 -1.540754 3.386801 8.822119 -6.170723 -6.461472 0.485517 0.355420
-4.101479 6.282962 0.383050 2.943485 1.211772 1.851450 -4.918394 -2.463871 1.477451 -5.171675
-13.289572 -3.790286 9.043768 -4.534130 4.063096 13.732755 -6.871630 -8.735519 -0.436038 2.778733
-6.208933 3.734741 1.927645 1.227523 2.582904 4.875532 -4.997616 -3.729112 1.624327 -2.775452
-5.519723 4.937024 1.397195 2.156841 2.100749 3.804472 -5.286059 -3.615168 1.328293 -3.381236
-11.610338 -2.104673 7.194288 -3.046335 3.730808 11.564728 -6.572404 -7.599893 -0.177937 2.239868
-3.887484 6.126713 0.656902 2.997849 0.565671 1.613547 -5.470546 -2.624675 2.001153 -5.410603
-4.481890 7.186545 0.542249 3.102899 0.944349 1.982593 -5.997173 -2.508078 2.285987 -6.336407
-7.015264 3.531268 2.700515 1.107103 2.793087 5.654669 -5.764181 -4.432068 1.448205 -2.014107
-8.399358 0.702769 4.597789 -0.630684 2.906085 7.580438 -5.947288 -5.535792 1.037958 -0.688555
-4.629675 7.688231 0.263219 3.467899 1.371852 2.310201 -5.616735 -2.965620 1.434191 -5.386193
-13.787227 -3.758080 9.376681 -4.644303 4.302280 14.227795 -7.113590 -9.016665 -0.261117 3.079986
-11.049627 -1.696208 6.774858 -2.580469 3.497746 10.787362 -6.344390 -7.191023 0.090837 1.490346
-11.778121 -2.330488 7.422274 -3.267991 3.731298 11.798334 -6.569136 -7.822741 -0.097256 2.157857
-6.146309 4.603548 1.773427 1.920118 2.203165 4.507907 -5.661551 -3.987610 1.215250 -2.550525
-4.847740 5.808498 1.030087 2.805149 1.157911 2.698677 -5.551464 -3.011147 2.157804 -5.216523
-4.281345 6.174175 0.718290 3.129060 0.638677 1.844400 -5.291189 -2.401571 2.228825 -5.850500
-4.493856 6.000108 0.913661 2.710564 1.199811 2.348518 -5.302753 -2.740552 1.879337 -5.571889
-6.641762 2.994428 2.846733 0.847852 2.535595 5.324379 -5.119707 -4.251214 1.401764 -2.271446
-4.497139 6.920852 0.864292 3.263325 0.960164 2.070403 -5.509964 -2.801707 1.918631 -5.985877
-5.364975 6.159648 0.767579 2.745720 1.988908 3.507776 -5.326791 -3.418404 1.359265 -3.766463
-13.381431 -3.487935 8.879774 -4.380158 4.081112 13.791289 -6.940316 -8.729131 -0.397130 2.798749
-4.650402 7.001765 0.416784 3.514056 0.904226 2.349441 -5.824189 -2.849583 1.836393 -5.594835
-4.314672 6.954265 0.501929 3.424223 0.807925 2.055023 -5.857654 -2.869591 1.575309 -5.022638
-12.635314 -3.113688 8.398885 -4.093167 4.004890 12.931201 -6.755501 -8.227596 -0.178099 2.597035
-4.244303 7.560267 0.469993 3.465260 0.917845 1.761635 -5.995428 -2.869035 1.722864 -6.043579
-9.987133 -1.084627 6.031531 -1.839235 3.368879 9.690988 -6.147352 -6.798644 0.325230 0.930782
-13.868087 -3.760183 9.335920 -4.635101 4.265553 14.307260 -7.144979 -9.035437 -0.358967 3.155353
-4.313157 5.809494 0.760845 2.810183 1.066943 2.223402 -4.941176 -2.630690 1.745479 -5.288708
-13.716507 -3.755864 9.353574 -4.681186 4.211447 14.151604 -7.095904 -8.968140 -0.356103 3.101014
-13.813361 -3.674206 9.359600 -4.606267 4.252777 14.166107 -7.130207 -8.926749 -0.305285 3.143548
-4.739798 7.068700 0.541904 3.223013 1.255886 2.377910 -5.775068 -3.074825 1.476099 -5.529086
-10.760459 -2.250537 6.742652 -2.753356 3.384242 10.694241 -6.356094 -7.154902 -0.184235 1.429868
-5.039251 4.737770 1.199813 2.164213 1.670519 3.154978 -4.992107 -3.164380 1.446602 -3.896243
-12.010449 -2.522229 7.574244 -3.679520 3.853703 12.061741 -6.558844 -7.623183 -0.278202 2.477557
-12.553205 -2.630418 7.998430 -3.930707 3.960127 12.730583 -6.775102 -8.027868 -0.298552 2.619003
-3.828476 5.492389 0.456324 2.700314 0.280476 1.703441 -5.057083 -2.487234 1.606687 -4.572226
-12.910722 -3.084244 8.503582 -4.068628 4.049634 13.206174 -6.826282 -8.383174 -0.209113 2.612926
-4.833838 6.158551 0.825224 2.746211 1.688583 2.769129 -5.191375 -3.053241 1.608176 -5.036271
-5.788320 5.789737 1.250082 2.469796 2.251688 3.550374 -5.644103 -3.612775 1.519804 -4.323159
-11.138299 -2.355747 6.985811 -3.052011 3.506297 11.202447 -6.398302 -7.450732 -0.286753 1.557146
-5.224792 6.410571 0.847874 2.868354 1.797250 3.254652 -5.507961 -3.307769 1.413133 -4.202684
-10.792039 -2.050167 6.874566 -3.036099 3.551121 10.682536 -6.080710 -6.943984 -0.090222 1.413540
-12.037871 -2.367326 7.530388 -3.258125 3.826052 12.066304 -6.521883 -7.869706 -0.137946 2.086124
-12.966214 -3.301797 8.677462 -4.433242 3.988468 13.384043 -6.950352 -8.439043 -0.350333 3.038801
-4.549639 7.598596 0.460255 3.436840 1.205045 2.129867 -5.946762 -3.106152 1.508845 -5.888527
-9.206765 -0.107794 5.010655 -0.878451 3.141415 8.625834 -6.144987 -6.333367 0.435287 0.473240
-10.596604 -2.640008 6.923670 -3.434924 3.381426 10.855898 -6.067625 -6.935351 -0.163512 1.964655
-4.220060 6.223798 0.664972 2.939166 0.836490 2.105592 -5.197038 -2.535280 1.844337 -5.677084
-4.221861 7.516079 0.315823 3.401803 0.914669 1.869847 -5.874000 -2.771809 1.576247 -6.156178
-10.954305 -2.029089 6.801819 -2.693511 3.628850 10.800193 -6.463158 -7.423052 0.033842 1.659366
-13.496995 -3.629558 9.122037 -4.595339 4.217828 13.990841 -7.042254 -8.760041 -0.335464 3.143500
-8.894812 0.183182 4.706647 -0.847495 3.089586 8.219371 -5.951197 -5.963907 0.639557 0.234480
-4.061039 6.273632 0.630527 2.964413 0.632398 1.644494 -5.323317 -2.634395 1.875336 -5.718431
-4.074121 6.095046 0.404915 3.020216 0.837017 1.782793 -4.989777 -2.343264 1.766396 -5.464017
-4.382744 6.773263 0.350626 2.884573 1.286680 2.179939 -5.639831 -2.863388 1.412184 -5.400493
-9.560145 -1.503302 5.755412 -2.172645 3.274273 9.198414 -5.966154 -6.180018 0.091664 1.174264
-7.045043 1.703111 3.545503 -0.182746 2.867322 6.092940 -5.673242 -4.643074 1.185485 -1.489640
-6.349520 3.494361 2.466252 1.142507 2.582494 4.956979 -5.106742 -4.344103 1.147716 -2.220297
-6.068728 4.332426 1.853735 1.678403 2.236139 4.477596 -5.604721 -3.999133 1.183607 -2.592024
-4.172320 7.365376 0.160220 3.489169 0.907556 1.763827 -5.770597 -2.924299 1.304957 -5.302158
-4.248877 7.683274 0.067474 3.488311 0.870878 1.947107 -5.862122 -2.840703 1.338426 -5.421044
-9.788470 -0.441140 5.519716 -1.688404 3.248184 9.277947 -6.410264 -6.254771 0.224198 1.014978
-4.946098 6.023193 1.058037 2.630094 1.786986 2.969791 -5.240053 -3.099876 1.613982 -5.049052
-9.181628 0.159314 4.910463 -1.174741 3.180079 8.631803 -6.019598 -5.855221 0.298924 0.636417
