-8.553319 10.930934 34.117996 -1.908818 -5.691287 -17.421749 -4.764906 9.737860 -25.622356 -3.184706
-2.628822 5.129755 30.201422 0.438717 -9.928739 -7.433078 -0.171603 -0.567596 -21.117584 10.559613
-6.869932 21.911041 4.454800 -11.900639 -26.871101 17.281944 -6.955585 13.961412 -6.785056 -10.890482
-6.152428 23.212282 -2.673629 -10.419864 -21.947968 16.055271 -10.179159 15.729403 -7.277896 -15.046546
-13.698820 16.308327 -0.830303 -12.415643 -33.383224 3.762323 -13.092940 12.710247 -0.933328 -12.384509
-1.621232 13.551281 24.025114 -3.144618 -8.426178 9.579179 1.439259 7.731865 -23.836023 -4.993648
-18.666300 7.649287 -2.025307 -9.928765 -33.405746 -12.249391 -11.067268 4.405837 11.813870 -5.632877
-10.216914 16.008329 7.538369 -7.141850 -30.452499 7.543131 -5.012092 3.865986 -5.440408 -1.967429
-13.571774 4.163883 17.088953 -0.707435 -26.193497 -8.506876 -9.256486 3.274530 -20.568214 1.950788
-8.875853 17.848751 11.649810 -3.254525 -25.290981 8.284260 -3.039316 7.466243 -10.529281 -1.260863
-6.562366 4.241867 35.925659 -4.638633 9.218075 -29.487820 -4.403301 10.877516 -20.615412 -9.419367
-13.616796 16.326157 0.414755 -6.898520 -35.820427 -6.133723 -10.170237 6.468892 6.725355 0.912281
-15.886362 13.527048 22.213964 -9.060838 -25.058876 -18.348778 -8.811281 7.887053 -7.702055 -4.613317
-25.597185 -1.065874 2.504191 -15.799015 -30.194923 -20.076782 -17.821739 10.424402 -10.516726 -25.519978
-10.579102 -3.232272 27.203220 4.262400 -17.823412 -14.862193 -1.928441 -6.569693 -20.098976 11.572984
-19.694822 4.468349 0.763900 -7.815800 -33.498337 -7.186456 -15.455647 10.003487 -14.863092 -13.495953
-17.788734 12.757588 -6.361888 -15.072005 -35.241997 -0.593499 -14.859488 11.897202 6.348985 -15.829590
-16.185892 21.660997 -16.088499 -11.543470 -37.868744 -18.120468 -18.146620 14.329308 25.128872 -5.156094
-5.812973 4.732154 26.617517 2.242856 -9.594584 -1.808682 -0.000785 3.575122 -26.420948 3.424008
-5.621636 28.183231 0.407656 -12.546580 -29.319946 20.885498 -9.382682 16.148220 -6.476483 -13.050170
-12.590645 6.906186 34.222702 -6.963372 -8.011661 -25.253162 -8.467806 9.228971 -23.405128 -9.455141
-12.627641 26.625673 -2.845398 -16.855318 -35.110863 12.314590 -12.020588 17.949427 4.437447 -17.427851
-10.611914 25.320267 1.359076 -14.482842 -32.002136 9.350879 -6.418920 11.350979 11.433946 -10.304729
-2.815872 2.790642 21.776884 4.238556 -11.331082 9.042783 -0.526183 3.929991 -32.492718 2.290131
-1.048759 0.432464 25.626225 4.188515 -7.231088 0.780746 2.317497 -1.626668 -25.719601 9.583170
-16.335829 19.688295 1.416082 -19.604609 -26.682463 -0.802636 -7.444310 16.590261 14.329033 -21.675804
-19.784466 9.001817 -10.782032 -9.945937 -34.659340 -9.161565 -20.117296 10.828457 -0.100204 -15.661682
-7.065270 -5.841890 26.627394 4.854161 -10.167346 -8.138967 -2.680482 -3.240680 -29.366354 6.149123
-6.525667 18.415867 23.406784 -4.081316 -14.309663 1.263201 -3.748193 11.079222 -22.355381 -4.967354
-6.267511 2.585038 28.421076 1.890454 -8.137652 -11.974384 -1.363310 -0.141053 -22.297821 7.125985
-15.030516 7.772312 16.306746 -3.713643 -23.732544 -16.575596 -11.026261 5.044167 -13.685250 -2.168437
-8.071730 9.794690 19.789577 -10.949355 0.479453 -3.427181 -10.676822 21.241879 -26.624310 -28.734423
-15.546192 32.133167 -35.534882 -26.666037 -51.916401 18.607887 -18.164213 24.516258 37.919117 -21.982286
-5.269218 13.306074 23.234983 -9.346728 -0.560826 -0.302093 -3.389069 17.957510 -20.666065 -16.932802
-9.737103 4.525235 -10.818138 -4.866238 -20.843529 -4.366862 -5.562125 3.656832 24.911304 2.731997
-0.012618 11.522791 19.307463 -0.382870 -13.557080 11.958018 2.862704 4.029084 -19.407803 4.909049
-7.684471 5.169498 29.780220 3.524613 -9.836918 -17.735100 -3.190012 2.102177 -21.246296 9.714480
-11.714708 4.638572 25.535337 -10.143499 -8.078591 -8.967570 -1.722446 7.824692 -15.375513 -15.187967
-3.099168 -0.663003 23.040443 2.860613 -7.685445 0.196396 1.483143 -0.984646 -23.936203 6.298345
-10.580206 11.999371 3.952096 0.430794 -17.099245 -23.560631 -12.435944 10.130303 1.784553 2.502730
3.943609 8.480267 -18.069307 -7.659498 -6.821925 32.045849 0.341216 27.046362 3.230264 -7.724223
-1.880302 11.758931 23.566227 -3.628744 -13.067029 2.559567 1.233512 1.474897 -11.660406 6.036981
3.410595 11.207857 7.139341 1.844230 -8.793411 18.699265 2.637732 7.595527 -12.642076 6.346190
-9.876326 4.441418 27.636070 3.728221 -16.088665 -11.780015 -2.806219 1.205572 -24.833454 8.411104
-13.763622 7.979424 8.414281 -5.527839 -30.048225 2.847152 -9.426478 6.913061 -14.722783 -6.166219
-5.327422 -5.902040 22.095060 3.138862 -7.414614 -3.032463 -1.849098 -1.180195 -26.001068 2.708913
-17.000011 20.376410 -8.865573 -17.534933 -33.395454 0.301732 -14.726620 14.670156 11.584411 -21.050158
-5.474928 23.385944 6.583642 -12.524792 -16.506615 7.236663 -0.312403 9.158004 12.550951 -8.941957
-2.293570 16.224277 -8.103930 -10.365390 -7.617617 23.858364 -9.847198 26.595167 -9.176742 -23.260954
-9.547989 2.780095 13.734998 -2.345526 -16.846659 3.249873 -2.342931 3.682414 -14.267224 -2.588906
-8.253212 1.055696 21.908598 -5.152065 -6.295016 -0.113170 -3.458800 8.691750 -25.156200 -13.025698
-3.102840 3.401266 20.778490 -8.584683 8.023484 4.746020 0.374294 16.095812 -22.583878 -23.803974
-8.314188 15.135548 4.078907 -4.835292 -20.736135 13.014193 -7.554949 10.975801 -17.054790 -11.208742
-18.193806 8.856542 -1.988051 -7.663207 -36.277870 -11.319024 -11.406734 3.617626 11.698015 -1.138606
-7.133861 1.951034 24.112558 1.200752 -7.759126 -9.772965 -6.205618 6.430978 -28.608570 -2.033819
-10.122971 -8.789244 21.657667 3.569255 -6.228568 -27.613558 -3.314510 -5.283435 -8.043348 7.993288
-14.598236 8.336938 20.811810 -5.187918 -23.576952 -7.974735 -10.827183 10.391961 -26.532990 -8.944283
-16.936426 0.118573 2.271046 -11.899008 -20.913963 -1.001858 -12.557173 12.270668 -15.945426 -25.343725
-12.867962 12.480398 -2.466742 -6.617664 -30.289762 -1.413707 -8.038190 5.228780 10.359456 -0.063607
-8.889714 -1.272235 30.092741 3.271639 -11.576989 -20.137905 -3.669874 -3.466013 -21.891243 11.466203
-10.044048 8.486829 -2.002683 -5.027720 -17.247097 -1.923809 -6.716310 4.221056 8.628818 -4.150943
-8.454747 9.080146 -10.398530 -4.457513 -26.224518 4.071497 -5.604665 5.183066 15.331019 2.819512
-14.463558 31.740015 -28.919382 -25.107958 -51.541573 20.608755 -14.561319 22.526884 33.851208 -17.231892
-12.647001 20.827103 -20.264822 -15.806102 -36.642242 9.635444 -13.970778 18.822550 20.746407 -12.507763
-22.693995 10.172642 -36.860409 -21.426878 -44.241859 7.324921 -23.166597 20.868830 17.886398 -31.034498
-19.366758 14.251488 8.454858 -12.868108 -18.015448 -47.438534 -18.555651 14.659291 9.692827 -14.774725
-10.474276 14.929120 17.546389 -5.782500 -9.731578 -1.667697 1.249766 9.923500 -6.331991 -9.689228
-4.755712 9.587165 27.233494 0.735064 -2.721125 -3.539570 0.748496 9.913627 -24.432682 -1.575384
