2.436491 -3.113462 -8.785077 5.732382 -2.666925 -0.850624 2.705441 3.446216 2.507581 3.596928
2.215449 -0.474976 -8.415264 2.908232 -4.034050 -0.389896 -0.061613 2.377038 1.222315 4.505106
5.691077 -8.173208 4.989196 3.209895 -11.363874 -7.878295 15.609920 17.480700 2.662816 10.876307
6.841577 -7.406025 16.040306 0.103360 -12.090681 -6.507617 19.278543 21.502941 1.810850 12.864676
4.530607 -5.506888 6.264246 1.426471 -8.478424 -5.184535 14.069839 18.407940 3.822499 8.332386
5.322155 -1.032841 -5.061283 4.444775 -3.301939 -0.480127 2.693578 1.820563 -3.599623 5.795120
5.101934 -8.751744 22.330341 -4.020596 -11.992414 -9.032815 24.201157 29.708462 5.412947 10.700954
7.105494 2.868845 0.830517 4.823614 -11.181545 2.613740 10.620761 7.857863 3.235145 7.189082
2.007631 2.230909 -9.180814 2.033629 -5.940593 1.972248 1.311196 4.256855 3.016230 4.303433
6.765998 -2.330978 4.987329 4.736626 -11.563982 -0.834901 15.138431 16.065563 6.524655 9.089663
5.341499 1.704767 -4.737232 4.207155 -0.428028 1.459619 0.050543 -0.468025 -3.549343 5.122974
8.500652 -7.786350 16.860973 2.565634 -16.753931 -6.911956 24.228539 26.302319 5.407439 14.180397
5.115882 -7.708110 4.473835 3.692300 -10.003021 -5.966330 14.383904 18.736137 3.724382 9.188963
3.851050 -3.145123 0.883100 0.703187 -8.054876 -3.302204 9.238818 14.539733 2.167645 6.374380
4.281829 4.325480 -11.226761 4.070371 0.783280 4.182272 -1.858393 -1.676878 -3.151995 0.186925
1.583776 -5.703408 -0.654958 2.571984 -7.753890 -4.143936 10.838305 15.461021 7.558418 4.816482
8.600495 -11.877960 17.430676 1.378264 -17.511114 -10.183471 25.683378 30.833590 5.542715 17.393888
7.722290 -16.163191 27.263464 -1.019455 -17.733929 -13.240307 31.211132 35.267738 5.740650 17.892210
4.758952 3.875691 -12.631770 6.873403 -2.838377 5.310590 1.823674 0.646360 0.219938 -0.485139
6.641161 -8.385629 0.478935 4.582464 -12.191690 -6.978889 12.694516 15.322832 1.517372 12.289555
3.752556 -2.401053 -9.242072 4.910760 -3.004335 -0.755692 2.529267 4.835438 -0.899653 2.517046
8.595294 -13.822998 31.984303 -3.582413 -19.650099 -12.333183 33.287365 40.201767 7.047502 18.330910
5.689218 -10.168804 25.367476 -2.513656 -13.886148 -9.724157 26.507015 30.718761 6.379440 14.111084
1.884974 -1.124565 -7.998930 2.255059 -3.167218 -0.865783 1.091580 3.319779 1.253679 2.996391
2.104403 3.567534 -11.812306 3.919243 -1.720331 3.794166 -1.442623 -4.223911 1.573246 -0.775968
6.979487 -7.344543 11.160308 1.759361 -11.464893 -8.252877 19.648766 22.607044 1.524645 11.732222
6.846147 -9.245015 6.862673 2.039604 -14.070848 -7.946692 17.941765 21.617577 1.066927 12.128292
1.138618 -1.019613 -10.956019 3.529279 -3.007486 0.849780 1.533661 4.537518 2.621855 -0.231193
2.495959 -7.198311 -1.087269 4.190149 -8.045612 -5.340086 9.054423 11.160683 5.683759 7.820538
1.409013 -1.220093 -9.517221 3.653176 -4.668113 -0.426242 1.970833 3.231415 2.434019 1.691379
3.797901 -3.443674 -6.412537 4.671017 -4.897499 -1.687927 5.874887 7.545301 1.636112 4.338469
1.279601 -9.059529 -2.687044 5.692037 -3.959167 -7.198809 8.876491 11.074692 5.845170 5.199996
10.459703 -10.851091 27.184887 -0.174185 -20.175993 -9.534065 31.400715 35.006233 6.281909 18.962198
2.989395 -8.630454 -3.353969 7.505124 -2.199253 -5.474121 8.098591 7.178671 2.720577 5.139196
8.653282 -9.378977 22.803375 -1.004158 -14.567656 -8.312660 24.711765 27.472996 3.066081 17.365419
5.450890 -3.283744 -4.241543 6.163939 -8.988998 -2.046212 7.239406 6.329593 3.058699 7.654310
4.466805 4.538526 -13.168731 6.135558 -5.209073 5.627663 1.232929 -0.240031 2.137369 1.248960
3.945847 3.783294 -6.541045 5.103036 6.869587 4.548631 1.769259 3.754920 -3.450752 -6.478244
1.730296 1.336848 -8.842009 2.691967 -0.903680 1.473810 -0.561170 -0.655876 0.583467 0.141260
5.337908 -4.420701 8.279819 2.523059 -7.110597 -3.647370 11.729941 13.664968 2.267000 12.230035
-2.767988 -14.974310 3.745536 9.086147 -6.368303 -11.442080 11.804847 11.784786 21.125885 9.797566
3.269690 -4.205912 -1.776779 2.455724 -5.101577 -4.254324 5.811392 7.385447 0.491095 4.643782
1.425353 -6.603164 -1.635450 5.793071 -7.113283 -5.162296 7.632630 7.076312 7.453606 4.663685
2.628037 4.184079 -13.187453 4.101435 -5.715894 4.641169 -0.151615 -0.734297 3.182635 1.953711
2.227463 -3.362323 0.154792 1.804706 -7.454700 -2.848706 9.618217 12.946278 5.694132 5.732821
-0.684259 -2.942109 -6.731839 1.890594 -1.125805 -2.275301 1.843222 4.791732 3.744721 -1.244372
7.657714 -14.327473 28.759708 -1.140442 -17.890921 -12.040524 30.800385 35.236420 8.342047 17.659248
7.031372 -5.256546 9.996507 3.421463 -6.837061 -5.083158 11.512969 11.719744 -2.361444 12.078110
2.492316 -10.743709 4.838618 4.666509 -6.659336 -8.761087 13.761615 12.977192 6.621725 7.788920
2.285434 1.395975 -4.026160 3.838248 2.481067 1.886009 3.316030 1.280889 1.384889 -2.336939
2.215006 -0.885751 -4.598644 2.574890 1.832566 -0.244841 1.228348 1.942125 -0.726766 -0.234874
3.403371 -1.747456 0.562811 3.684312 1.311946 -3.225293 3.432498 3.705518 -0.780320 3.311755
4.932034 -2.437704 -0.582325 3.272971 -4.614667 -2.247821 5.846279 4.459705 -0.972119 7.078537
6.540842 -12.273115 26.234245 -4.095620 -15.620701 -11.783075 28.291332 34.305168 5.511372 14.828543
1.729002 2.148887 -6.948628 1.626166 -2.696966 1.087095 -1.254786 0.652929 1.259191 4.378563
1.529574 5.196602 -6.738115 1.120475 5.638414 4.315741 -2.594374 -1.552419 -2.243222 -5.493072
2.245960 -3.287616 -8.514425 4.584718 -6.154014 -1.298208 4.622711 8.111335 3.944612 3.962282
1.179257 -5.248771 0.361350 0.963887 -4.050548 -5.065188 7.143186 11.696064 4.316103 4.503611
5.834973 -13.924613 22.937042 -1.633682 -14.415623 -12.994312 27.650303 30.994196 5.124355 12.457762
1.972067 4.112375 -10.412236 2.086717 -1.460998 3.705291 -2.214751 -1.072837 0.346161 0.003921
2.383674 -5.587832 7.648850 0.705443 -4.796904 -6.204978 11.675473 14.582637 4.295485 4.737429
2.807765 -2.367806 7.426219 1.794917 -0.999695 -2.062264 9.125904 8.163731 4.159448 3.545755
8.714134 -12.328467 29.971365 -3.095763 -18.698267 -12.112806 31.910484 37.114792 5.882586 18.582710
8.117067 -11.793077 25.721577 -0.760607 -15.555433 -10.215221 27.814905 31.169205 5.092591 16.476828
9.669520 -11.951814 26.062708 0.754373 -16.128054 -10.036167 26.075752 29.388346 4.083654 19.824869
4.815565 1.811378 3.643417 1.295576 -1.743975 -0.182976 4.491568 7.901198 0.293490 7.777880
4.262191 2.347523 -1.525328 4.646206 -0.033853 1.372527 3.048864 -0.118558 0.275501 3.181310
2.927469 -0.421848 -7.715568 6.826900 1.473329 2.651249 0.648850 -3.017685 1.472628 2.785841
