-8.658777 4.019107 27.887016 -0.214159 -9.546272 -11.911420 -3.942454 4.558977 -24.547789 0.836396
-8.134252 1.012594 29.613970 2.026239 -8.408630 -14.631742 -3.326012 1.621491 -25.542124 4.464808
-9.097128 23.848682 -14.927419 -16.568840 -33.171371 23.663074 -10.207868 23.705963 7.296846 -19.831854
-8.842825 20.427929 -12.307166 -13.245914 -27.206369 18.421669 -9.907290 18.334177 1.708113 -17.460424
-18.579800 18.326044 -14.695415 -17.695824 -40.733902 3.429257 -16.304092 18.311016 12.061442 -19.052156
-6.372462 8.503785 23.684046 -3.382451 -8.955157 1.178412 -2.598285 8.917168 -23.534155 -5.310840
-23.221540 11.909324 -8.984840 -14.821908 -42.194740 -12.625235 -16.254030 11.879177 13.775001 -14.655154
-9.288511 16.180943 -1.775195 -10.747576 -25.981064 12.979025 -7.419309 14.516948 -2.121721 -12.702505
-12.943856 -0.240885 25.644558 1.396739 -15.278701 -20.149040 -7.333746 2.763464 -23.196514 2.299803
-9.747458 10.366173 11.592419 -4.859828 -19.010750 2.058127 -4.605928 11.470653 -13.152452 -8.639030
-8.306434 1.960419 26.301239 0.939227 -7.925318 -12.569488 -3.609476 3.503040 -22.220556 2.233363
-15.586551 17.171518 -11.094193 -13.080577 -37.096970 0.816971 -11.941404 15.103000 13.168486 -11.904444
-17.617607 9.653133 9.404260 -10.224373 -29.534224 -14.188583 -12.547031 10.753893 -5.824233 -10.472710
-23.463747 4.268605 3.309856 -11.280258 -32.403725 -23.157135 -17.388239 8.525999 -3.931339 -14.449622
-9.920921 -0.586022 31.127857 2.720230 -10.417123 -18.424269 -3.962465 -0.073485 -25.385670 6.686571
-20.271652 6.297145 4.145261 -9.235577 -32.113392 -17.532114 -15.872754 10.818233 -7.631176 -11.488230
-22.006687 18.245974 -23.090784 -20.676048 -47.124199 -0.456284 -18.231562 18.783403 24.106569 -20.883486
-21.569986 20.600035 -26.710672 -18.262835 -48.859077 -4.855741 -18.103201 16.368311 29.610559 -15.344569
-8.680909 2.280621 27.665438 1.203346 -9.655365 -12.324398 -3.285766 2.680538 -24.593168 2.970019
-6.240711 24.753853 -9.438702 -15.113721 -27.884403 25.124409 -8.699958 22.137573 1.164038 -19.224264
-9.657738 2.733991 28.168913 -0.315113 -9.951956 -15.473672 -4.284431 3.416537 -24.415556 -0.120549
-17.007711 27.963963 -29.973347 -22.951454 -50.039738 18.427927 -16.175600 26.933130 26.589621 -24.441864
-13.288296 26.916821 -20.611574 -20.991890 -41.876934 19.325216 -12.650696 24.681259 20.497913 -21.905283
-8.571062 3.240931 27.394585 1.388424 -10.016913 -8.768634 -3.591954 3.913104 -27.185423 1.222582
-8.165771 1.621685 28.329796 1.851928 -9.091992 -11.151546 -3.593787 2.652598 -25.854292 2.844544
-16.293655 19.508705 -9.487459 -17.959768 -35.750076 4.676311 -11.637100 20.400494 13.660785 -21.359617
-24.410913 12.503347 -14.300402 -15.368663 -43.392036 -12.353955 -20.608896 13.718349 10.902017 -18.348516
-9.196947 0.050492 30.762224 2.415143 -9.922832 -16.876122 -4.373188 1.139582 -26.900499 4.861371
-7.381726 12.232801 17.564871 -4.561728 -14.238410 2.160734 -3.798155 11.575661 -20.459044 -7.522714
-8.612542 1.009814 30.766840 1.846438 -8.915829 -15.583521 -3.407226 1.918958 -26.150171 4.279860
-16.673012 5.462528 10.069157 -5.553143 -24.687515 -16.922022 -12.361601 6.589671 -11.342218 -5.938050
-8.198830 8.482494 17.797647 -4.086905 -11.085781 -1.570167 -4.693247 10.097995 -20.016256 -9.367831
-19.114830 28.669838 -36.331970 -25.615055 -54.931999 16.672987 -18.011459 27.663385 35.129440 -25.019789
-4.252281 11.285300 19.275900 -4.698070 -8.957102 6.745844 -0.827192 12.500315 -21.389364 -8.791806
-17.386662 12.306929 -14.372530 -13.220328 -34.839733 -5.608064 -12.473039 9.987545 21.789755 -9.956198
-5.717687 8.459777 20.858467 -3.402335 -9.546570 3.643836 -1.697290 9.151323 -21.639349 -4.221666
-9.461516 0.912296 30.125692 2.139309 -10.022352 -17.228445 -3.949259 1.788383 -24.908049 5.403622
-8.973927 6.817199 19.698019 -4.538148 -11.944576 -3.197021 -2.478411 7.544745 -16.788282 -7.733528
-8.123137 1.585166 27.389153 1.257694 -8.936183 -12.256322 -3.494687 2.459861 -24.029150 3.212804
-16.997652 5.664676 2.599722 -4.622774 -24.364296 -21.101128 -12.320232 5.302445 0.303605 -3.564246
-0.986106 13.091392 -2.671645 -7.225777 -12.752342 22.897295 -2.221554 16.632999 -6.538134 -7.673324
-5.958708 7.325081 20.073570 -3.108392 -9.292616 0.632345 -1.618881 7.321837 -18.192728 -3.604285
-4.079646 8.987175 12.504904 -3.466884 -9.291822 8.557121 -1.882258 9.658243 -14.300718 -4.654560
-9.950160 1.542092 29.270796 2.133162 -10.882559 -14.912152 -4.054133 2.855417 -26.404966 3.403425
-17.794621 8.791542 4.108586 -10.168138 -30.546911 -8.071609 -13.690489 13.179864 -7.414162 -13.598502
-8.582376 0.130651 27.297262 1.963062 -9.022429 -14.403975 -3.666324 1.390877 -23.445124 3.628042
-18.537529 25.749081 -29.201855 -22.956486 -49.224480 13.271663 -16.739416 24.432545 27.024080 -23.717356
-6.125213 21.033644 -4.722761 -12.957225 -21.527905 20.655657 -4.549094 17.262623 6.652947 -15.859512
-4.828703 19.577030 -12.996976 -11.683810 -21.454165 25.525318 -6.381429 20.740803 1.409707 -16.665003
-7.403605 7.608948 20.533104 -3.062164 -11.139411 2.127057 -1.466349 8.815147 -20.535288 -6.017606
-6.820864 5.800683 22.365925 -2.064440 -8.716934 -1.892993 -1.349521 7.013994 -22.000650 -5.216265
-4.787016 8.774115 18.818844 -4.594306 -6.166670 7.235951 0.570241 9.123394 -19.936872 -7.608388
-7.547613 18.454592 -2.947148 -10.684427 -23.402027 15.593644 -7.437043 16.711588 -6.611824 -14.882955
-22.782677 11.361381 -10.438656 -12.978055 -41.469475 -11.081468 -16.023863 11.312855 14.239221 -13.016282
-10.263577 0.503007 27.847607 1.355598 -10.122393 -16.722113 -5.167025 2.495781 -24.987856 2.560590
-10.728305 -1.733459 24.584280 1.199582 -11.001736 -19.142641 -4.731379 -0.153826 -18.362175 4.273319
-14.749489 5.785679 19.018759 -3.789747 -21.814444 -12.502759 -9.166981 10.225120 -21.143860 -6.818909
-16.010782 5.322314 5.176211 -8.082168 -22.309988 -10.926828 -11.929771 8.997370 -8.046443 -12.197889
-16.799793 15.999401 -14.940587 -14.920116 -37.548409 2.391030 -12.491387 15.381843 17.143335 -13.895970
-10.132832 -0.963423 32.731579 2.830779 -10.078012 -21.049726 -4.323060 -0.220301 -26.430254 7.174945
-11.838099 11.855419 -5.486258 -8.479666 -23.147020 0.301097 -8.031782 7.855736 8.692948 -8.567024
-14.234125 14.367912 -9.712978 -12.288758 -31.513285 1.478445 -9.505586 11.010901 15.477293 -9.047381
-17.819347 28.887125 -33.757648 -25.040462 -53.809975 19.245470 -16.779413 28.167294 32.739738 -24.293627
-18.417259 24.922010 -31.679321 -22.144447 -50.260090 12.544801 -16.743637 24.237160 30.583178 -21.711657
-23.692841 21.301105 -37.389553 -24.444500 -54.083397 5.586313 -21.183214 23.278450 33.884834 -25.291311
-20.295696 8.010238 1.560174 -9.700196 -29.501719 -25.929316 -16.132008 7.313249 2.759195 -9.744588
-6.160499 9.229609 18.689508 -3.214314 -8.993011 2.899059 -0.448534 9.462868 -18.170557 -7.222148
-6.237975 8.006243 19.762861 -2.999115 -9.379597 1.048582 -2.932158 8.664080 -20.873133 -3.726655
