4.740121 6.635347 -7.324777 -6.927438 -4.906617 -6.994350 -3.648074 -6.668250 -4.175978 -15.259669
-1.842939 2.148347 -12.130479 -11.956387 -0.864388 2.725950 1.318966 -11.649155 6.473778 -8.759192
-12.616199 -5.524869 -13.925266 -12.671002 11.957973 8.421446 16.942951 -12.320260 17.300184 -4.504962
6.694989 11.829328 -6.170797 -7.431787 -6.343164 -8.034154 -6.060917 -7.783165 -3.826019 -15.490964
-10.317455 -2.354853 -14.183238 -12.152740 9.856444 5.419252 14.052195 -12.381623 15.528119 -5.839972
-17.102957 -12.764297 -13.840673 -15.958748 17.105589 18.215893 23.084330 -14.508723 27.043232 3.424657
-7.970414 -3.311253 -11.737411 -12.363558 6.606948 6.592102 11.294604 -11.792172 14.256287 -3.331833
-4.662850 9.567513 -12.444215 -2.388771 3.665147 -9.968781 4.395703 -4.824615 -5.160357 -23.463747
-15.856573 -10.778600 -12.651988 -13.022101 16.857447 12.164244 22.241034 -11.595864 22.766474 -0.037458
-8.858932 -2.653837 -12.787620 -11.482259 7.711180 5.527707 11.812304 -11.323472 13.164494 -5.449935
6.024541 6.923272 -7.176794 -7.901078 -6.101369 -7.564933 -4.563309 -7.317074 -4.262684 -15.135887
-1.318522 10.194791 -10.087445 -2.085068 0.737567 -11.465283 2.028718 -4.627080 -6.880548 -23.997576
-2.855350 6.941703 -13.489131 -8.517337 0.678006 -3.096107 3.051459 -8.676290 0.732663 -16.785406
-13.860588 -9.925762 -12.250560 -13.124538 14.162261 12.432590 19.836727 -11.910583 21.908564 0.787554
-1.430886 3.600554 -12.224627 -11.379126 -1.347336 1.520549 1.442403 -11.467401 5.397670 -10.164038
3.117331 6.073163 -9.104716 -10.325291 -4.875382 -2.976925 -3.492689 -10.475751 0.826754 -13.642194
-12.178183 -6.342174 -11.088610 -9.598499 12.531847 6.947740 16.694063 -9.757308 14.303899 -3.596406
-14.880854 -10.045674 -13.374265 -15.050927 14.834062 15.120971 20.118904 -13.334849 23.269136 1.431439
-14.125880 -10.016038 -13.323411 -15.218683 13.554833 14.920668 19.341284 -13.699508 23.733360 1.917688
-7.089786 14.888214 -10.672462 2.839750 6.503971 -14.314126 6.679404 -3.272972 -8.509492 -31.634121
-3.180851 5.166814 -14.043709 -12.058601 -0.210203 2.620032 3.282053 -12.671953 6.321169 -11.232002
-2.179735 2.086515 -12.509219 -12.262033 -0.280289 2.953011 2.979633 -12.054132 7.610440 -8.042741
-14.151039 -7.111905 -13.931340 -14.530476 12.474586 13.392147 17.720032 -13.785044 20.784416 -1.290801
4.209073 8.077816 -6.244786 -5.556084 -4.705664 -8.505012 -3.216274 -5.389404 -5.491830 -16.660778
-4.939191 12.297081 -12.232265 -0.278625 4.021777 -12.969454 5.031178 -4.321577 -7.724206 -28.935076
-9.494413 -7.111757 -11.160571 -11.115093 9.330249 8.576443 13.498249 -10.487940 15.153739 -1.487057
-2.276618 3.908617 -13.072809 -12.662727 -0.808657 3.575536 2.298622 -12.754657 7.435815 -9.076092
32.419212 28.524990 1.558872 -22.014933 -29.104019 -6.497647 -32.853390 -21.790327 5.726267 -6.228280
-6.292995 -2.186319 -12.013414 -12.007331 4.441404 6.386781 8.899126 -12.044683 13.036326 -3.831914
-17.439127 -13.515773 -13.925950 -16.323843 17.666643 19.009495 23.861025 -14.455334 28.153162 3.733937
-1.172775 11.353664 -13.148062 -6.436632 0.353460 -9.056750 1.338783 -7.740916 -3.285497 -22.671324
-6.253304 0.286805 -13.474996 -12.700315 4.013323 4.774329 7.841315 -13.259874 11.672752 -6.472223
-15.425199 -10.838684 -13.569118 -15.147223 15.296073 16.057430 20.895096 -14.035460 24.943159 2.526345
-14.765090 -11.888776 -12.715449 -15.290290 14.455780 16.602068 20.030106 -12.836797 23.781595 2.509956
-7.010025 -6.214706 -8.903272 -9.687429 8.041684 5.257892 12.029865 -7.598258 12.166126 -1.715122
-5.058225 -0.123973 -12.608748 -11.313281 2.760943 3.678710 6.405363 -11.536139 8.924133 -7.263758
-10.268483 11.924848 -13.107805 1.371507 10.070435 -13.731062 9.997904 -3.861894 -5.328818 -29.249849
-9.228599 12.208833 -10.710802 2.944490 7.255181 -12.164377 9.742736 -2.896805 -8.087938 -29.009275
2.440752 10.195268 -8.835806 -4.780288 -2.768230 -9.857623 -1.376399 -5.327420 -7.126201 -20.697817
-15.303837 -11.688632 -13.608116 -15.718269 14.679161 17.142263 20.832062 -14.367566 25.001844 2.784372
-8.593787 -1.555124 -11.978042 -9.228168 7.209569 4.020406 11.186033 -9.526636 10.042190 -7.324035
4.273608 5.277971 -6.750968 -6.694080 -4.713343 -5.980590 -2.452039 -5.994119 -3.962328 -13.715722
-1.104149 3.518238 -12.378406 -13.670023 -1.824563 5.043638 0.737305 -13.217353 8.087861 -7.924364
-1.068040 2.117122 -11.972533 -12.563393 -1.586362 4.379838 0.605077 -12.576025 7.394637 -7.773744
-1.969612 1.911136 -11.650495 -11.826601 -0.247255 3.386601 2.899163 -11.804036 7.831485 -6.202132
-9.368538 -3.642911 -12.711209 -12.045815 7.953269 7.411759 12.893227 -12.134412 14.437704 -3.556101
-14.894854 -11.502125 -12.437138 -14.485329 14.593637 16.043785 19.924217 -13.508075 22.932051 2.685737
5.614109 6.168391 -5.277210 -6.436574 -6.014845 -6.030929 -4.613935 -6.266811 -3.904110 -12.731314
-12.140593 -1.346003 -10.677033 -5.598551 11.640376 1.784312 16.018335 -7.907605 9.159322 -7.993158
-1.742026 3.025801 -12.155293 -11.925951 -1.698177 4.364437 0.932587 -12.380296 6.219104 -9.174729
-14.421336 -11.039257 -13.269977 -15.552279 13.896478 16.553295 19.559874 -14.373765 24.295488 2.880876
3.240501 6.907482 -7.773246 -6.054436 -4.218962 -7.118611 -2.430185 -5.723807 -4.784110 -16.486694
-10.715425 -3.801769 -13.553405 -13.017853 9.192573 7.996764 14.010618 -12.464246 15.748530 -3.978132
6.366251 6.037915 -6.862402 -8.325125 -6.111424 -5.644113 -4.585882 -6.994628 -2.916766 -10.867646
4.034886 5.892651 -8.148782 -7.501091 -4.892698 -5.798289 -3.120615 -6.541689 -3.867343 -14.371096
-1.069648 4.081155 -12.612811 -12.546591 -2.025675 2.452540 0.498736 -12.473983 6.109155 -10.917631
3.895688 7.319656 -8.282216 -6.399997 -4.207160 -8.448169 -2.456692 -6.001176 -4.760679 -17.158146
2.510769 6.464007 -8.931762 -6.250303 -3.159245 -6.936279 -1.574136 -5.950824 -4.209808 -16.207539
4.033247 6.476532 -8.738518 -9.155502 -5.194920 -4.965689 -3.897789 -8.088567 -2.266870 -13.709918
-10.160571 -3.899788 -11.982858 -10.891493 9.319951 6.549027 13.715956 -10.284734 13.272742 -4.683578
-10.220701 -4.087265 -10.088866 -7.382013 10.232906 3.350267 13.973186 -7.381852 9.503661 -6.029867
-10.164726 -7.384817 -10.055877 -10.271698 9.882036 10.198390 14.663805 -10.205451 15.145848 -0.000813
-16.257139 -12.849637 -12.068900 -13.846024 17.026588 15.214847 23.071581 -12.518998 24.618801 2.705520
-9.943329 -2.930791 -13.252638 -11.496622 8.262959 5.544435 12.699745 -11.634402 13.889695 -5.858878
-12.760605 -9.369992 -13.361858 -15.238838 11.993732 14.178246 17.322481 -13.854762 22.130527 1.341487
-14.289117 -11.371138 -13.458737 -15.714040 14.044396 16.340015 19.872185 -14.130578 25.271772 2.746735
4.941515 6.479114 -7.264562 -6.975965 -5.252363 -6.542230 -4.030649 -6.594013 -4.112351 -14.983774
-9.695663 -5.375004 -11.073085 -10.925001 9.842853 5.991425 13.984176 -10.170939 15.291602 -2.393152
