4.048633 0.908884 4.018497 2.872569 10.680240 0.480116 -4.399917 -7.325339 -3.706225 1.657136
1.246389 -5.412560 9.465172 5.517070 11.149947 6.984496 0.543175 -10.141639 2.050968 2.048452
-9.186911 7.112496 14.961464 7.627132 15.832452 9.544580 11.574915 -12.957086 8.379684 -7.056805
4.542297 -7.319282 3.227379 1.823785 11.604877 4.705919 -8.166086 -10.458307 0.231025 0.243934
-6.213068 -1.898784 12.652180 7.655062 16.123180 11.330029 5.271834 -14.799736 7.855730 -4.871738
-14.387337 11.004230 18.297668 9.636909 16.818953 15.243958 16.470613 -17.160801 13.595755 -11.422416
-3.490614 -3.770068 11.922548 6.285619 13.135015 12.911137 3.158818 -15.400986 8.217616 -2.551674
2.879305 1.692481 5.288457 3.462216 12.931651 0.646831 -2.489232 -7.460438 -2.984110 1.216658
-6.993289 12.984385 9.095703 5.455604 14.065318 9.343654 8.583737 -11.895546 7.041066 -8.856275
-2.820132 -2.539731 10.688861 6.255167 13.908654 10.543159 2.869473 -13.819432 6.223750 -2.164881
5.311678 -0.504301 4.040328 2.736377 11.189084 2.813855 -6.456387 -9.051157 -3.122535 2.529764
5.191026 4.257349 3.117214 1.872387 12.708241 0.824101 -5.137769 -7.322181 -4.909085 1.111228
0.078104 -4.190834 9.633984 6.492743 13.699515 1.482719 0.080365 -7.809273 -0.964716 1.938207
-8.192908 7.101141 13.798115 7.042022 14.640004 12.715031 9.203924 -15.854778 9.915934 -6.504482
1.794430 -8.419693 8.454135 5.832722 12.372735 5.246065 -2.353660 -10.040266 0.753751 2.567043
1.525225 -9.286147 10.226435 6.695301 13.031678 3.100834 -1.397443 -9.540785 0.036837 3.696247
-10.973125 9.677609 14.386196 6.905013 14.557435 6.606582 12.136744 -10.964436 8.187212 -8.372386
-9.029069 7.794741 13.778318 7.142165 15.317812 8.870464 10.706409 -11.983593 7.873059 -8.212203
-4.271339 -3.066786 11.811832 7.006262 12.748704 13.531771 5.501776 -14.702351 8.277701 -4.010759
-2.022641 -4.618005 8.773268 3.913969 16.770496 -11.787087 2.261345 1.218144 -8.506295 -0.736909
-1.284749 -8.200847 12.152809 6.942029 14.112704 4.487787 1.831599 -9.301939 1.744370 0.633185
0.387519 -7.758279 9.303692 5.753728 12.978129 8.963684 -1.015353 -12.824445 3.839656 1.196639
-9.418377 4.364015 15.606579 8.201986 15.764451 8.731627 10.710293 -12.264935 8.261311 -6.953375
4.191138 0.254485 3.435449 2.046991 11.426112 -1.166615 -4.236854 -6.079878 -4.492603 0.615026
4.756031 1.443602 4.334086 2.806162 13.708358 -0.979921 -4.339430 -7.246749 -5.666603 2.042741
-7.809893 6.424998 13.861407 7.176564 12.026708 9.205064 10.444117 -11.864469 7.511764 -5.238016
-0.665708 -7.986954 10.552025 6.527836 12.458959 5.329264 1.200558 -9.357134 2.055186 0.792570
12.453897 -39.184120 -4.459030 -5.480974 1.227713 20.322050 -19.997789 -16.569012 6.751998 6.951904
-3.356595 -7.045884 12.079206 6.801596 12.201407 11.192030 2.990827 -13.959948 6.839049 -0.607299
-12.509624 12.630132 16.079876 8.888417 15.799642 16.475775 15.417675 -17.902777 13.262430 -11.090112
3.646056 -3.767122 6.161796 4.107872 14.291090 2.441443 -4.512050 -9.496049 -2.384381 1.644761
-3.637926 -7.855154 13.145868 7.413979 14.350017 9.152512 3.671826 -12.288131 5.700645 -1.950207
-12.680481 4.411875 17.126827 9.216820 15.497914 13.482658 12.867268 -15.741323 12.287939 -9.402871
-8.561104 9.407882 13.040333 6.717494 13.412296 10.552263 11.424644 -12.240030 8.683008 -8.868989
-1.432493 11.397738 6.109399 2.727863 10.419955 8.143323 3.901495 -10.453300 3.780906 -5.770175
-1.342436 -2.481845 10.370479 6.070366 13.127402 7.547840 2.452388 -11.615217 3.656124 -0.358078
-1.687863 13.750466 4.926247 2.957162 15.308103 0.351615 4.123071 -6.060601 -1.218444 -4.464393
-3.180733 -2.202364 9.653577 4.489199 14.538847 -9.745119 2.646934 0.015260 -5.577647 -2.385890
4.587731 -0.111594 3.624122 2.703990 10.849147 0.707406 -5.324942 -7.143739 -3.805726 1.117337
-10.610278 4.034307 16.909197 8.782654 15.083768 14.402996 12.598061 -16.120329 11.811705 -7.863144
-2.104920 3.137279 9.239554 4.942512 12.525300 3.901465 4.251029 -8.278234 1.794170 -2.125658
4.057397 1.155068 3.450485 2.083192 7.814999 2.802746 -4.874110 -7.501695 -2.404458 0.966736
0.346059 -13.345053 11.360631 6.932246 12.881736 5.686534 -0.542516 -9.666555 1.623746 2.755929
1.259024 -11.621449 10.480320 6.545230 11.509912 7.941735 -0.765260 -11.238482 2.679864 4.416581
-0.498551 -8.017603 10.795023 6.525240 12.690354 9.001864 1.304313 -11.933915 3.744851 1.217691
-7.578943 -0.782345 15.111135 7.990981 14.602943 7.296679 7.870956 -11.759602 6.653507 -4.535962
-12.067013 10.287478 17.081654 8.137030 14.323213 10.788548 14.930723 -13.139254 10.023153 -8.635980
2.831446 0.701831 3.476357 1.750584 9.193812 -0.702285 -3.513700 -5.559057 -2.683443 0.349064
-11.295732 6.656905 14.109043 7.357352 14.966984 2.356972 10.287432 -7.618511 5.629008 -8.673569
0.297058 -10.364509 11.728916 6.878790 12.687316 3.686298 0.488461 -8.641929 0.602925 3.326820
-12.617465 6.976354 18.157064 9.273560 14.584930 16.217091 15.438242 -17.111385 13.500088 -9.376531
3.805303 0.785629 4.054343 2.893566 10.887399 0.597213 -4.136899 -7.409484 -3.395434 1.751610
-7.383664 2.946497 14.239738 7.283182 15.853375 10.209162 9.430904 -13.131171 7.936842 -6.548400
4.222764 0.336672 2.715019 1.653201 9.615567 4.583185 -5.284311 -9.026356 -0.257220 0.009096
4.905718 2.510199 3.697369 2.219499 10.257667 2.587059 -4.513492 -8.360055 -2.499097 1.846407
2.179143 -11.251841 10.006488 6.415002 13.326365 4.974751 -2.666093 -10.415247 0.409398 4.346718
4.217152 2.442387 4.110505 2.600513 13.161228 1.018712 -4.237123 -8.223953 -3.642203 0.982334
4.306660 0.772153 4.596181 3.060191 11.516103 2.064036 -4.615610 -8.421884 -2.676712 2.130697
5.111182 -1.646498 4.209859 3.086762 10.488883 2.995008 -5.175561 -8.352122 -2.124496 2.276667
-6.752442 6.775582 12.834477 6.306218 14.098750 5.376460 8.794665 -10.159875 5.382616 -5.283652
-3.199278 10.245772 7.654550 3.244475 10.360162 3.133389 6.525844 -6.973268 2.928405 -5.044426
-8.232965 3.629954 14.224387 6.393178 11.058071 7.525135 10.004884 -10.388210 7.464550 -5.965787
-13.326034 13.551091 16.078119 8.499106 15.426456 15.561650 14.391226 -18.365635 13.537196 -10.149053
-5.050887 2.667576 11.331388 6.555250 14.201084 7.885819 5.885911 -11.889912 5.745120 -4.392957
-4.452647 -4.756437 12.856550 7.579032 12.988059 12.719030 5.434278 -14.650955 7.809215 -1.887837
-12.802596 9.358975 17.942902 9.679909 14.207779 18.880453 15.601484 -19.667412 14.710021 -9.047434
4.119704 -0.273776 4.597456 2.942584 11.095849 0.571732 -4.477107 -7.736619 -3.079763 2.449368
-3.617244 0.878405 9.901498 5.795562 12.833676 12.374028 3.565829 -15.033382 7.303879 -2.840171
