-14.722788 8.990527 -5.891632 -15.598335 -29.776352 -5.113400 -9.000158 23.131754 -2.445797 -3.182146
-14.597416 7.257853 1.398200 -13.251460 -26.955515 -3.407902 -11.682087 21.709126 1.636978 -2.917421
-14.502748 8.197250 -11.434977 -19.752562 -31.184790 -4.884175 -8.465703 23.872360 0.041434 -3.203654
-15.753883 10.138497 3.778092 -9.267126 -25.550732 -5.396100 -10.514998 21.031096 -2.797495 -2.136737
-18.380762 14.392598 -3.196231 -9.941275 -25.593031 -12.715765 -6.387938 20.867838 -6.247302 -2.673137
-12.228439 4.087245 9.020792 -6.633265 -21.361343 4.304312 -11.618000 16.737814 1.776988 2.187235
-19.015837 14.290222 5.899393 5.649629 -2.287489 -18.468081 1.781869 3.054141 -2.529370 4.973098
-14.364021 10.441502 -0.767467 -7.127313 -20.329216 -10.357229 -6.848522 15.322720 -8.859643 -2.523848
-14.375711 10.872941 6.782728 -3.722627 -20.678993 -5.132565 -8.557370 17.371632 -7.273416 -0.381499
-13.360512 8.374071 10.547610 1.170576 -16.640263 0.014942 -7.227311 12.687841 -7.132915 5.783249
-13.541896 11.203539 18.663391 13.096080 -0.900011 -6.453962 -3.210599 2.003604 -8.910506 6.737666
-12.219411 6.399592 7.398573 -4.463107 -20.319433 1.687857 -9.140830 16.210266 -3.990819 2.252391
-7.096866 0.829998 2.017698 -10.082325 -23.911659 9.285064 -9.840950 17.747389 -0.832425 2.016281
-10.892577 5.640332 16.315592 3.652048 -11.685285 1.687132 -9.364937 9.405727 -4.833947 3.893313
-16.693958 11.948415 -2.899611 -13.186526 -28.096340 -9.316623 -9.482599 22.783079 -4.293164 -4.776986
-17.848614 17.608130 10.312224 9.120584 -0.676468 -28.252844 -0.737990 3.447149 -8.147907 -1.089364
-9.250856 4.623538 9.189940 -4.097713 -21.378269 5.799140 -10.474744 16.991529 -4.501502 0.976340
-9.865847 3.649091 10.714849 -1.505003 -18.035034 6.612148 -9.332134 13.548940 -4.245730 4.467984
-12.331368 6.943604 -13.880157 -19.784328 -31.526718 -3.120156 -7.525533 23.134911 -3.092205 -3.159803
-17.120150 11.963308 3.784517 0.031621 -13.813720 -6.722939 -1.264458 11.272116 -3.267694 5.672956
-11.389887 4.025325 -2.504935 -16.647047 -29.629383 1.061738 -12.291794 22.618620 1.246419 -2.816422
-20.662453 17.420656 3.412841 2.207616 -10.385636 -15.750188 1.258269 10.037815 -5.052838 4.274837
-5.766831 -1.550336 6.428595 -5.513005 -20.832310 16.810757 -8.727444 13.644608 0.199977 8.881861
-8.608052 2.303759 19.184607 3.054704 -7.545356 3.474400 -11.309042 6.160940 -0.844368 3.395161
-19.284676 14.412705 6.290234 4.478240 -6.626872 -14.080784 0.588992 5.803598 -3.262746 6.934097
-14.350129 7.339224 -1.622371 -14.693512 -27.500172 -4.185637 -10.824725 21.800808 1.308484 -2.877260
-12.561348 4.640975 6.464146 -10.360820 -24.157553 -0.810152 -13.224632 19.787985 2.662108 -2.179132
-12.394386 5.670739 5.136801 -11.290207 -25.727325 -4.367850 -14.092187 21.810743 -0.219730 -5.958776
-13.158443 6.636561 -2.018966 -16.382610 -30.303818 -4.536463 -13.032528 24.174723 -0.216568 -6.230089
-11.937796 5.527590 6.671871 -5.100998 -20.578583 3.461588 -8.431662 16.030968 -0.467466 3.784832
-17.101238 10.948072 -7.422635 -13.358889 -25.439489 -5.048518 -4.330164 19.425674 0.158035 2.768247
-14.120173 9.133856 4.735865 -4.895712 -20.790413 -1.398018 -7.146638 16.271025 -4.221801 2.582628
-17.406445 15.578976 14.056838 11.452067 -0.969825 -15.430329 -0.251490 3.644156 -7.597288 3.997531
-14.685018 9.007151 -13.276002 -21.107454 -33.153145 -6.014230 -8.811407 25.294127 -1.164993 -4.836895
-16.666920 11.530792 -12.231348 -17.669519 -29.839260 -9.953919 -6.480999 22.797852 -3.277559 -3.488004
-12.745861 8.807920 9.372044 -3.950393 -21.214096 -3.480626 -11.555058 17.945807 -7.214806 -2.389589
-13.096317 5.733537 -10.842845 -20.770010 -30.608932 -6.228324 -10.315273 23.558256 2.172320 -5.425824
-5.266323 -2.053261 15.356245 0.433671 -10.598597 12.430945 -9.939846 7.373028 2.389092 6.301145
-18.201450 15.182690 9.822927 9.673909 -1.758178 -15.233844 1.149394 2.796734 -6.795820 5.442369
-15.143383 10.033819 16.232752 3.904340 -9.358531 -11.278989 -9.371866 8.811710 -4.178446 0.199561
-12.051376 6.102838 -0.094385 -12.447318 -26.724327 -2.081359 -10.914394 20.691528 -2.756371 -2.793184
-18.698994 16.494667 9.183054 6.105107 -6.547321 -21.911930 -1.949508 7.293113 -7.507177 0.179343
-10.513342 3.735427 0.308566 -12.166558 -25.275229 1.809160 -10.994790 18.554708 -1.585705 -0.649956
-11.418565 5.599021 15.993130 4.834457 -10.320964 4.429829 -7.352868 7.681459 -4.105530 7.358088
-18.719036 14.659290 6.251869 4.957801 -5.974584 -12.875474 1.019620 5.895119 -3.819939 6.206170
-16.994783 12.756695 9.970921 1.768268 -11.389367 -17.029964 -6.319715 10.343340 -5.081995 -1.223365
-10.576026 4.703891 14.922163 2.079796 -11.026898 -2.781473 -10.231825 8.995911 -3.281427 1.181993
-14.490569 10.089813 -3.309375 -7.011354 -21.310349 -4.047748 -3.440853 15.685904 -7.455420 3.171959
-13.781715 9.029081 22.668142 12.712100 0.470934 -3.860407 -5.543130 1.222997 -4.124986 5.840476
-17.471535 10.161244 8.378302 -4.069715 -17.340851 -10.560639 -8.748282 14.795228 1.290302 0.772788
-22.395828 16.414413 -3.157910 -7.677297 -14.433833 -24.679453 -2.103112 13.006124 3.269185 -1.302838
-14.884949 7.987785 2.166770 -13.080261 -27.787479 -3.970608 -12.402845 22.537739 0.671329 -3.595346
-19.288012 16.028534 7.742583 1.900522 -13.465158 -13.512933 -3.199423 12.642906 -6.514955 2.106457
-13.635704 11.680210 -0.870590 -8.763282 -25.626244 -7.546280 -8.630155 20.470613 -11.080937 -4.687648
-17.407629 9.837122 -2.114676 -14.062716 -26.264597 -7.244161 -9.304987 21.041098 2.832292 -2.128554
-19.628777 15.886581 -5.996162 -10.819351 -25.184017 -16.817175 -5.028272 20.098547 -6.595910 -2.796698
-6.986033 3.502830 23.336683 10.914052 -3.305758 11.647516 -7.229577 2.277842 -4.868483 9.285718
-9.810973 2.983077 6.966183 -6.606868 -19.112461 -0.478409 -11.655743 14.678064 -2.165830 -2.001481
-15.074333 9.508484 -1.419873 -10.847389 -24.631989 -7.729985 -8.516041 18.922377 -4.328870 -2.102297
-20.788643 16.900434 7.027615 2.712178 -9.760051 -19.719080 -2.015869 9.929970 -3.818009 1.084565
-12.072144 6.282038 7.010299 -1.482008 -15.691322 0.466682 -4.863453 12.029799 -2.641166 5.748692
-5.914108 3.875385 19.465998 11.314291 -6.303507 12.131214 -5.800478 3.178822 -11.884706 9.595532
-14.380442 5.781778 4.985716 -11.321334 -24.372467 -3.409601 -12.368258 20.209347 5.240974 -2.028080
-15.458391 11.114788 13.144697 7.047006 -5.753000 -9.346631 -3.946141 5.061330 -5.256042 5.218733
-8.954742 1.542784 15.793298 0.263845 -11.510266 5.296255 -11.271620 8.755462 0.997489 3.931912
-21.771023 18.151552 -8.969280 -10.122334 -23.386482 -19.335821 -1.551317 18.516161 -7.138562 -1.814244
-15.549667 9.696909 17.124990 4.527199 -10.165983 -5.245324 -7.962389 9.762234 -2.227459 3.365627
-13.812025 8.086274 15.514607 6.545393 -5.182590 -2.893569 -5.312965 4.020850 -2.346307 7.180560
-14.424696 9.501040 13.436072 3.566245 -12.332148 -2.768349 -6.576131 11.089054 -4.792395 3.992996
-8.317929 3.230620 15.570742 3.206822 -14.868999 9.977700 -9.028200 10.912352 -6.229661 7.196855
-7.858716 1.584985 13.814450 0.175924 -17.971359 14.359785 -9.795176 13.450905 -2.837177 8.049443
-12.856634 8.085003 -2.142031 -12.304833 -28.042183 -2.014976 -9.335318 21.778519 -5.210365 -2.127172
