18.822596 -20.547705 58.641853 1.743062 -16.511301 -13.996797 42.655502 9.001150 6.651334 -20.961494
-1.332265 2.276746 32.917625 2.858727 4.109124 5.876435 29.023294 9.071857 7.324425 1.321030
103.578789 -110.356796 128.532913 -18.070974 -94.582367 -93.504715 70.526115 17.944025 16.656559 -103.918701
21.651056 -23.549145 56.797874 1.184614 -19.440897 -16.012009 41.594227 8.070786 7.526217 -23.505230
13.653059 -13.845401 50.141422 0.913137 -10.278407 -8.369834 38.559628 10.013749 7.543661 -15.092876
-13.351300 13.224127 23.216286 6.954293 14.801649 16.642624 24.531425 7.935585 5.032584 13.231202
-14.156446 14.126789 24.256571 7.045387 15.141616 17.199663 25.582396 8.558185 5.122890 13.764475
6.289101 -6.365736 42.677711 2.522376 -3.515276 -1.727715 35.552151 9.288548 7.198449 -7.227906
-13.726392 12.940641 22.573502 6.520651 14.034491 16.021114 24.115707 7.943220 4.731676 12.694073
93.797844 -101.272446 120.166885 -16.148073 -86.884644 -85.512177 66.975189 16.352650 14.501711 -94.687737
-11.659249 10.895212 22.512184 5.603985 12.248801 15.042172 24.207140 7.854907 4.841980 10.761086
-13.369375 13.074772 23.110928 6.644320 14.527714 16.608383 24.700008 8.058521 4.742852 12.930361
42.312462 -44.946472 77.155128 -2.986553 -39.587334 -36.434956 49.573502 9.661798 8.767725 -45.982994
-13.449525 12.736876 22.425821 6.701480 13.891865 15.829359 23.860748 7.839413 4.755945 12.282089
-13.628893 13.152977 23.028030 6.964834 14.113722 16.237700 24.479174 7.890210 4.933399 12.798845
-13.747225 13.105606 23.041325 6.655413 14.015628 16.231100 24.664055 8.266385 4.750340 12.677378
33.576443 -36.341091 72.020088 -0.065128 -32.415688 -28.843445 47.988182 8.039687 5.849769 -36.209805
-14.193538 13.999861 24.123377 7.250908 15.513141 17.358265 25.526562 8.315346 5.305822 13.969425
103.786118 -110.560654 128.848724 -18.119349 -94.758072 -93.665756 70.700462 17.980055 16.711996 -104.131042
2.774329 -3.745109 41.275253 3.345302 -0.468011 1.762133 35.701096 9.855920 6.160225 -3.927967
47.240845 -49.299358 81.267456 -5.103479 -43.806522 -40.782745 51.313087 11.347572 10.084409 -49.901596
-13.375910 13.342592 23.811428 6.741660 14.833112 16.989399 25.298958 8.244531 5.021449 13.168890
-13.108812 12.645059 23.296341 6.142838 14.211338 16.490561 24.911621 8.274906 5.042811 12.586515
-14.155464 13.517780 23.586643 6.893592 14.551891 16.690987 25.179173 8.308234 5.063730 13.273855
-13.849438 13.400410 23.758421 7.098947 14.731722 16.795834 25.377600 8.134492 5.011247 13.367841
-13.527308 13.175933 24.157562 6.707636 14.559359 16.793516 25.444698 8.352720 5.081866 13.008566
-13.475356 13.369387 23.254128 6.738622 14.225519 16.435902 24.679024 8.273504 4.643996 12.998314
-12.855755 13.094501 23.526171 6.506477 15.189581 16.856516 24.780704 8.114039 5.402532 13.172503
83.689209 -89.600723 112.679901 -13.970352 -77.801178 -75.932915 64.338112 15.092060 13.795336 -85.604385
-14.040253 13.892170 23.950878 7.152493 14.988077 17.107140 25.381611 8.375992 5.018418 13.622690
-13.514259 13.113574 22.715940 6.671690 14.358527 16.214781 24.234245 8.253629 4.751754 12.681141
90.852135 -96.835274 117.985886 -15.656950 -83.626244 -82.021317 66.429855 16.616808 15.236529 -92.203659
-14.007337 13.846460 23.760517 7.102751 15.147527 17.056122 25.249834 8.377615 4.948544 13.549013
24.156961 -25.170225 60.415291 0.859002 -21.370016 -18.708927 42.693905 8.761875 6.960564 -26.547367
103.024216 -109.730896 127.983414 -18.054813 -94.091530 -92.901352 70.281555 17.952814 16.760696 -103.582642
-13.621585 13.271082 23.154499 6.425430 14.176653 16.473043 24.697884 8.396341 4.756264 12.996714
100.311707 -106.619751 124.993790 -17.401548 -91.658730 -90.232330 68.657059 17.407587 16.470333 -101.000305
85.691956 -92.049820 114.260254 -14.486592 -79.680450 -77.986847 65.282036 15.566019 13.852501 -87.162827
-13.952333 13.646996 23.550247 7.008811 14.669083 16.786308 25.050426 8.390391 4.872203 13.262719
24.870228 -28.449263 59.160294 0.158881 -23.846384 -20.426792 41.812531 7.936668 6.571018 -26.741634
-13.936377 13.655003 24.331167 6.972068 15.119668 17.213247 25.825447 8.446022 5.270324 13.679012
33.817383 -36.273842 70.972870 -1.077264 -31.621784 -28.699265 47.579433 9.061247 7.637220 -36.764057
52.448288 -57.061348 85.260384 -5.492823 -50.681374 -47.087776 52.515274 9.744524 8.634098 -55.418453
-14.031931 13.704658 23.723900 7.117499 14.794815 16.837227 25.188072 8.397388 5.173639 13.296886
85.778816 -92.002533 114.089035 -14.664963 -79.620300 -77.950478 65.139038 15.759937 14.079249 -87.322426
-12.995861 12.505671 21.758747 6.216295 13.700043 15.504524 23.109680 7.771825 4.663871 12.007175
20.062651 -21.972755 55.878387 1.901224 -18.442081 -15.575247 40.817867 7.861700 6.188481 -22.498047
-13.493291 13.362358 23.341900 7.013855 15.042986 16.732300 24.677530 8.065262 5.068345 13.248054
35.898033 -40.511757 69.153229 -1.521560 -35.489925 -31.872753 45.285309 7.681569 6.369763 -39.029037
29.762623 -32.189934 66.955803 -0.402379 -27.417992 -24.115730 45.781776 8.859348 7.011110 -31.850075
40.525642 -42.086296 75.249176 -3.552212 -37.351116 -34.321121 48.735207 10.948084 9.663304 -43.323441
-13.482834 13.219338 22.906158 6.816363 14.699281 16.538658 24.409075 8.021736 4.749755 12.919862
37.117680 -38.235489 74.667786 -2.254450 -33.965927 -30.717735 48.988892 10.932749 8.994580 -39.765366
92.178932 -97.505798 118.297287 -15.994142 -84.633774 -82.835785 65.510643 16.694908 15.782259 -93.756493
-13.929981 13.725108 23.755165 7.154978 14.671283 16.935432 25.343723 8.052281 4.841725 13.578579
-14.098703 13.651366 23.631241 7.197865 15.236086 17.047775 25.174053 8.198430 5.064068 13.578184
21.261717 -22.285738 56.868267 0.229542 -18.473312 -15.975705 40.903831 9.329105 7.500268 -23.158512
102.288177 -109.206924 127.253555 -17.983387 -93.606407 -92.452904 69.938278 17.877663 16.393873 -102.756668
-2.667956 2.257599 34.829094 4.037689 5.001901 7.374850 31.917782 9.655903 5.830116 2.163383
-13.908703 13.785055 23.629017 7.043608 15.057343 16.855967 25.014996 8.347195 5.078470 13.382252
-13.809842 13.169638 22.594622 6.578304 14.245832 16.140738 24.042492 7.741971 4.930742 12.995294
-13.176601 12.675541 22.746832 6.661944 14.363226 16.274647 24.209652 7.834576 4.839647 12.536411
-12.732479 12.419782 22.835073 6.099058 13.899071 15.859224 24.283318 7.900504 4.830933 12.230990
-13.656467 13.188601 24.321329 7.017135 14.532919 16.939394 26.043901 8.222119 5.017727 13.190811
10.406019 -10.644506 48.833447 2.337625 -7.425280 -5.380100 38.992878 9.761231 7.019773 -11.688990
-12.361631 12.786732 23.438843 6.419001 14.516378 16.387310 24.738848 8.215148 4.962116 12.600353
-13.791727 13.360739 22.962479 6.732110 14.223671 16.392643 24.534657 8.263075 4.724078 12.930377
-13.851614 13.692532 23.420771 7.092724 15.104891 16.911793 24.920286 8.234246 4.951273 13.394786
-7.453150 7.144841 32.242901 5.142045 9.738382 12.417990 31.308550 9.691119 6.314489 7.374207
-12.812334 12.527388 23.709549 6.709546 14.588949 16.698555 25.206017 8.006708 4.955370 12.890544
-5.463588 5.419003 32.764969 4.192780 8.263948 10.321238 30.515274 10.092191 6.802066 5.328306
