0.145936 -1.915139 -10.227735 -16.310465 9.045440 17.796068 10.972206 -8.010996 -7.103414 11.070418
1.911751 1.702801 -7.224746 -12.878055 7.294555 13.987576 8.624603 -5.735477 -5.203919 8.603674
0.143586 -1.155219 -10.648357 -16.451994 9.331224 18.174191 11.153921 -7.901214 -7.757168 10.979098
0.404511 -1.174521 -7.283296 -12.748948 7.058141 14.214613 8.713445 -6.525131 -3.534311 9.313469
-1.353233 -3.730635 -8.008167 -12.664529 7.218852 14.297114 8.567492 -6.467171 -2.370545 9.565016
2.421447 3.365521 -4.283400 -9.455494 5.178170 10.572983 6.799861 -4.696552 -2.218966 7.237065
-3.355426 -4.387176 -1.657175 -3.520966 2.488646 5.152641 2.422236 -2.374293 5.205805 4.744075
-2.054280 -2.948313 -5.220819 -8.857621 5.200440 10.329306 6.080505 -4.108115 0.595644 7.681752
0.423420 -0.625775 -4.333379 -9.133797 5.091297 10.328508 6.334668 -4.781132 -0.054803 7.397674
0.545540 0.798200 -2.956405 -7.341868 3.996272 8.303301 5.146657 -3.850670 0.898876 6.349734
-0.473963 0.648559 -0.344529 -3.287017 2.018285 3.753900 1.861953 -1.190567 4.134012 3.884642
0.043799 -0.456549 -4.281826 -8.811439 4.734840 10.093244 6.384538 -5.045948 -0.546306 7.399843
1.588671 0.452822 -6.646480 -12.546229 6.696431 13.768560 9.119282 -7.059049 -4.775342 9.080204
0.434835 0.545289 -1.553718 -5.072161 2.925668 5.964449 3.609736 -2.535128 2.818600 5.103313
0.079494 -1.871129 -8.567331 -13.977356 7.726725 15.536604 9.718854 -7.408599 -5.405021 9.978667
-2.316811 -3.891098 -1.815956 -3.421992 2.402387 4.332024 2.344752 -1.787858 4.606909 4.428083
2.786335 4.356877 -4.121573 -9.813666 5.363353 10.193312 6.428266 -4.285966 -3.135728 6.761754
1.577222 0.153009 -3.839270 -8.650174 4.573862 9.291839 6.333439 -5.103727 -0.999976 6.882192
-0.289999 -1.225113 -10.810383 -16.893749 9.552209 18.659950 11.540050 -8.169410 -8.106823 11.459877
-1.212530 -2.404655 -3.471163 -6.962560 3.993514 7.820249 4.429075 -3.400142 1.601095 5.788609
0.897277 -1.147730 -9.897748 -16.250589 8.830287 17.859150 11.506055 -8.876982 -7.350468 11.296688
-3.052696 -5.010661 -2.866596 -5.561506 3.460690 7.283916 4.039788 -3.449861 4.732574 6.160642
3.440337 6.376017 -4.187260 -9.935077 5.648009 10.557835 6.447761 -3.792825 -4.359730 6.571012
1.637507 1.892589 -0.510574 -3.878756 2.616726 4.770470 3.166927 -2.585567 3.241167 4.231479
-0.868220 -0.978680 -0.877364 -3.351507 2.155362 4.279412 2.312480 -1.737695 4.306672 4.202998
1.400678 -0.173286 -7.741282 -13.653770 7.421791 14.873730 9.549741 -7.191239 -5.273628 9.495472
3.132397 2.176039 -6.330542 -12.665364 6.788391 13.234436 8.412677 -5.949227 -4.926785 8.220404
1.531111 -0.698002 -7.227238 -12.756610 6.943796 13.827729 8.818411 -6.711597 -4.780956 8.710184
1.148741 0.382091 -9.837535 -15.937477 8.970108 17.086283 10.527524 -7.115449 -8.051196 10.127651
2.173748 1.740866 -4.920393 -10.269262 5.519302 10.990492 7.263756 -5.399649 -3.231741 7.500706
-1.234615 -2.925635 -8.986145 -14.566347 8.125247 16.626011 10.377162 -7.908888 -4.589754 11.042641
0.490941 -0.731235 -4.574134 -9.288720 5.267951 9.988768 6.247917 -4.858701 -0.637960 7.242680
-1.614571 -2.408162 -0.734898 -2.904772 2.187156 3.705020 2.050184 -1.719750 5.273515 4.031537
-0.420633 -2.704635 -11.217101 -17.590696 9.809949 19.512968 12.327415 -9.353544 -7.821806 12.248596
-1.391587 -4.124357 -10.406206 -15.847367 8.985337 17.510986 10.889857 -8.242983 -6.021226 11.154627
0.925885 -0.596831 -3.909260 -8.836514 4.783690 9.785347 6.249433 -5.011397 -0.426407 7.060645
0.673946 0.368357 -10.003123 -16.265652 9.221305 17.264599 10.612668 -7.009697 -8.187716 10.209062
1.566465 1.865435 -0.885019 -4.439665 2.647954 5.084389 3.533091 -2.829214 1.585121 4.295974
-2.293979 -3.747717 -1.570898 -3.416176 2.286424 4.422743 2.398633 -2.191668 4.632229 4.483047
-0.330485 -1.374269 -1.693741 -4.333223 2.749345 5.148332 3.190513 -2.377821 3.841892 4.612182
1.393408 0.089141 -6.456053 -12.086551 6.573077 12.812461 8.118676 -5.993567 -4.128459 8.313797
-2.673784 -4.649570 -2.026433 -4.212111 2.847559 5.415941 2.794286 -2.281139 5.528633 5.012657
1.261457 1.673636 -6.190074 -11.779023 6.551203 12.767590 8.208824 -5.598767 -3.799794 8.428990
0.633005 1.256868 -0.795397 -4.174852 2.511225 4.863441 2.917312 -2.004150 3.139369 4.295113
-2.576566 -3.447172 -1.264742 -3.569222 2.310337 5.091430 2.683494 -2.666701 5.009253 4.753108
2.262013 3.770408 -0.981499 -5.333916 2.886660 5.567851 3.499953 -2.339124 1.016778 4.394356
-1.815751 -2.990539 -4.235861 -7.488419 4.441607 8.684527 4.835522 -3.457019 1.352054 6.383647
-0.259793 -0.269918 -0.543797 -2.795841 2.033065 3.652462 2.186659 -1.696515 4.049903 4.001549
-0.296368 -2.097983 -3.494110 -7.286840 4.085776 8.416255 5.058370 -3.904047 2.049829 6.558529
-4.173692 -7.388322 -4.376041 -6.471918 4.361888 8.319276 5.107011 -4.875693 3.609656 6.792170
0.611340 -1.875012 -7.633729 -13.151058 7.269235 14.601872 9.313755 -7.329412 -4.148920 9.693707
-1.138046 -2.371165 -2.240976 -6.101486 3.471618 7.193823 4.143085 -3.365327 4.305197 6.089494
-0.086999 -1.285091 -5.865459 -10.509354 6.155708 11.309118 6.892309 -4.998835 -2.002561 7.734040
0.821645 -0.095064 -7.351717 -12.934495 7.232736 14.304616 8.935420 -6.344819 -4.392741 9.122676
-2.197480 -4.467396 -7.517861 -11.657846 6.914825 13.512871 7.890641 -6.125309 -1.421874 9.181707
0.906423 3.338513 1.044153 -2.410161 1.732409 3.093769 1.597270 -0.954295 4.177433 3.205585
1.585660 -0.442775 -3.900292 -8.363940 4.569754 8.954214 6.058038 -4.920529 -1.837031 6.360898
-1.563286 -3.029879 -6.908767 -11.517634 6.460730 12.891463 7.818717 -5.802775 -2.425019 8.674668
-1.955454 -3.879089 -2.683236 -5.837392 3.356920 7.185055 3.887569 -3.039205 4.799531 6.079147
-0.221912 -0.114908 -2.296258 -5.305915 3.297099 6.123648 3.511239 -2.207768 1.670361 4.626343
1.157580 2.646923 0.413006 -3.024786 2.082724 3.839911 2.213422 -1.786110 4.032112 3.778546
2.888961 2.782250 -6.084717 -11.831753 6.457192 12.407325 7.852823 -5.304307 -4.930147 7.581304
-0.570295 -0.306707 -0.910792 -3.754197 2.383929 4.755813 2.536753 -1.990755 4.021183 4.347217
0.698869 2.084833 -2.538004 -6.787955 3.843599 7.926219 4.695103 -3.170751 0.568554 5.952751
-3.220895 -5.417415 -7.440817 -11.569571 6.747281 13.832489 8.431985 -6.733919 -0.350146 9.970119
0.560717 -0.144280 -1.859081 -4.865722 2.832653 5.468652 3.633487 -2.701281 2.706448 4.886267
-0.942203 -1.897498 -1.255710 -3.677898 2.376383 4.525834 2.631371 -2.169336 4.481319 4.537825
0.784551 1.406489 -1.533493 -5.614796 2.957486 6.006201 3.553224 -2.450331 2.414402 4.774970
2.595539 4.896352 -1.498368 -6.365290 3.551818 6.824469 4.098830 -2.533826 0.441904 4.974156
2.830552 3.187734 -2.298562 -7.808727 4.118835 8.224174 5.763514 -4.531811 -0.731557 6.119612
-0.178253 -2.459026 -8.799414 -14.407784 7.980118 15.782035 9.821147 -7.325735 -5.050067 10.115462
