-2.839891 2.404827 -4.668416 2.237226 -21.799990 2.506550 0.998196 -1.975745 -0.740329 -0.952539
-1.012023 3.753606 -3.517251 -0.919077 -18.976091 -2.667030 6.026516 -0.891898 -1.067345 0.763544
-3.609744 -1.077413 -4.279865 2.178098 -23.867880 6.925953 -0.709689 0.074944 0.772225 0.863339
-1.073527 5.807950 -4.271193 1.243726 -17.168823 -3.613118 5.538176 -3.095790 -2.540292 -2.109106
-0.065610 4.137694 -7.550357 7.285675 -17.997078 -1.090001 0.593174 -5.768812 -2.519815 -7.290957
-0.805390 7.156608 0.522453 -1.092446 -12.136683 -7.002409 9.568869 -2.137648 -2.732368 2.607130
3.775690 -0.517032 -4.707109 9.169052 2.929144 2.026225 3.681597 -8.103997 -1.227696 -7.858092
-2.201649 4.998062 -3.579261 5.146131 -11.487205 -1.199333 0.211112 -5.977699 -1.569441 -4.750910
-0.222614 7.719384 -3.895583 2.990224 -11.251413 -5.655551 6.418148 -5.067187 -4.582863 -3.850833
3.019336 8.441168 0.087482 4.791353 -7.518031 -7.409866 7.905298 -5.763834 -3.609369 -0.390067
4.479311 8.458326 -1.499729 5.285952 4.847024 -6.989938 11.000152 -7.863548 -3.694091 -2.428349
0.455080 8.183817 0.133506 1.737562 -10.548070 -5.762727 7.291057 -3.883167 -3.004382 1.889333
-0.314335 6.041001 3.377465 -2.725340 -12.830284 -1.455297 7.881009 -0.307123 -1.223658 9.493987
-0.246788 7.622554 -1.004053 0.823969 -2.513695 -10.172828 11.314864 -4.161390 -4.284262 -3.420692
-1.346233 3.257361 -6.183282 3.456440 -20.185360 -1.024333 2.476931 -3.429044 -1.700747 -3.671134
3.686732 0.900442 -7.236505 7.802123 4.542948 -0.343814 6.025662 -9.348141 -2.553748 -12.375389
0.319613 8.774841 1.255834 -1.785917 -12.079063 -4.317242 7.681386 -2.225391 -3.081324 6.792164
0.675401 8.336736 1.309900 0.031012 -7.658763 -7.000152 9.779339 -3.428455 -3.477535 1.917506
-4.633464 -0.429921 -2.852484 2.536452 -23.318602 8.144521 -2.561889 -0.497194 1.157338 1.883065
8.721479 3.827565 -2.712763 10.937929 -6.775568 -2.517154 3.576020 -6.174415 -1.519679 -2.091110
-4.684105 2.185887 -1.773994 -2.638156 -21.670958 2.433839 3.797637 0.696140 0.246796 3.442407
7.936488 3.523615 -5.754527 13.289839 -5.849916 -3.935128 2.699505 -7.953520 -3.040444 -6.405951
3.036185 5.670083 6.755127 -1.760549 -10.026101 -1.259906 10.648087 -0.454172 -1.376636 12.862531
-2.636629 5.291936 -0.034155 -2.534335 1.129736 -8.801914 13.347680 -3.053214 -4.029228 -2.019881
7.631030 3.633975 -2.920352 12.247398 -1.457791 -5.151302 3.443201 -7.909226 -1.569899 -5.334444
-1.319663 2.409327 -3.643646 0.434152 -19.651901 0.078352 5.098092 -0.916405 -0.904437 0.145537
-1.923089 4.792761 -2.107769 -3.932429 -15.713395 -4.113416 7.829425 -0.324944 -0.733599 1.731260
-4.163207 4.824711 -4.345342 -5.055133 -17.857004 -3.460607 6.129261 -0.327591 -0.104617 -0.099347
-5.092047 2.090096 -4.604290 -2.132520 -22.889112 1.408329 2.397460 -0.091285 0.368719 -0.224910
3.264049 6.111111 1.481359 0.604546 -12.118686 -3.849216 8.425779 -1.821752 -1.670581 6.122154
3.257548 0.348084 -3.812704 9.403870 -18.891958 3.298793 1.097028 -3.696132 -0.801372 -0.577996
2.097462 6.817297 -1.571860 3.412373 -12.047585 -5.353238 5.651607 -4.295030 -2.738954 0.966348
5.089058 5.551410 -4.377493 8.366952 4.449608 -3.369181 7.714533 -9.326363 -3.776685 -7.842556
-4.967140 -1.182258 -5.202300 2.618153 -25.456108 7.770086 -2.227610 -0.391266 0.761216 -0.438892
-2.672202 -0.297277 -6.113914 6.193814 -22.625214 5.510626 -2.495470 -3.059298 -0.010200 -3.703014
-2.987001 8.629551 -3.183519 -0.691880 -11.134456 -7.161279 7.094305 -4.199659 -4.084040 -2.897344
-5.955578 -1.852833 -4.763903 -0.423439 -23.776442 6.858568 -1.077256 0.863759 2.349980 -0.241890
0.315357 4.486973 4.403062 -3.383020 0.311556 -4.703266 13.128845 -1.271818 -1.832960 5.146469
4.824238 3.499919 -4.458069 9.167441 5.672994 -4.416039 5.478263 -9.446813 -2.481275 -10.033923
-0.776055 6.570361 -4.462661 2.482147 -0.805534 -9.896243 9.442576 -6.078608 -4.380817 -10.768722
-3.591861 5.470451 -2.367214 -1.758224 -16.962481 -1.962075 4.462150 -1.800296 -1.271951 0.464474
3.108628 3.901527 -7.397600 8.384059 -1.019061 -5.979641 4.220495 -8.164781 -1.952462 -11.914910
-3.744445 4.434630 0.661826 -1.821655 -14.970135 -0.357189 5.636136 -1.339630 -1.153565 3.579259
2.934893 8.080733 0.391712 3.751323 -2.217880 -8.955920 11.952096 -5.206495 -3.664777 -0.720388
8.967957 0.930873 -3.801157 11.480680 1.537546 -3.372713 4.341718 -7.462821 -1.624959 -5.279060
0.072252 5.537999 -5.608578 4.019939 -5.028689 -7.144899 6.036936 -5.483012 -3.087092 -10.026320
-1.590485 6.754720 -0.493148 -1.911022 -2.522590 -9.197222 10.669785 -2.803778 -2.959858 -2.647020
2.661221 5.180609 -0.675708 8.692601 -10.910940 0.107025 0.359908 -6.279991 -1.421497 -1.667793
2.340547 7.306577 -1.998701 4.237986 4.977261 -8.108289 12.293615 -7.232357 -4.516995 -6.112823
1.797943 4.238499 -5.252215 4.090347 -10.206339 -6.432092 6.946124 -4.061434 -1.610953 -7.276258
4.866270 -6.435382 -10.825539 11.651768 -8.962708 1.002340 0.243843 -6.088447 0.572822 -12.660039
-1.956707 4.455181 -4.485785 -1.338546 -19.815306 -3.576791 5.707932 -1.327435 -1.164155 -0.157292
4.318279 6.332313 -6.098366 9.918360 -7.607145 -6.126731 4.521353 -7.450388 -4.016438 -8.326873
-3.321801 7.029304 -5.229301 2.287583 -15.792813 -3.248100 1.809272 -5.142048 -3.372316 -4.180971
0.667848 1.265919 -4.599661 3.149773 -18.468544 -1.310745 4.685324 -1.586046 -0.350352 -1.967750
0.529252 2.153989 -8.247278 9.149443 -18.500822 -0.233125 -1.132649 -5.982153 -1.526103 -8.937126
4.744693 8.998592 1.465476 1.087415 5.311054 -6.644687 15.508741 -5.436416 -4.344181 3.387990
-4.599588 6.398355 -1.325292 -3.055270 -9.506714 -5.556443 7.909179 -2.430075 -3.300810 -3.112666
-1.351833 4.310727 -4.383507 3.292502 -16.182440 -1.856849 2.046005 -3.998571 -0.881011 -3.552341
3.845450 3.729141 -7.923361 11.011206 -6.713381 -5.875260 2.386036 -7.641096 -2.093380 -11.326783
6.496964 6.508899 -0.729555 6.025444 -7.131576 -2.588906 9.116703 -5.113325 -3.732615 -0.037124
5.053030 9.128777 2.155426 2.657809 3.369371 -6.726669 13.903759 -5.737931 -3.781079 5.136090
-0.449318 2.813302 -3.920480 -2.503718 -17.859468 -3.655715 7.737792 -0.006526 -0.023325 0.449027
3.528749 5.314992 -1.683520 6.524259 0.489889 -7.991232 7.497916 -6.487048 -2.349679 -4.565393
-1.648443 5.873038 0.981359 -2.295511 -2.264500 -9.402056 12.652232 -2.092587 -2.744855 0.002486
2.223238 1.339030 -8.932413 12.882893 -16.411869 -0.324177 -3.702992 -7.651560 -1.204476 -10.832466
0.743115 8.101933 -4.100504 4.390756 -3.249643 -9.965672 10.699731 -6.176078 -5.776934 -9.332904
3.891518 6.954043 -0.887283 6.362059 2.105005 -8.291243 9.647438 -7.012900 -2.910575 -3.030883
4.434003 9.383640 -2.018576 5.091361 -3.780420 -6.755869 11.011948 -5.905850 -4.482764 -1.449746
2.729860 9.155636 2.551005 0.529070 -5.193775 -7.807484 11.917769 -3.823829 -4.428801 4.319034
3.570831 9.302555 3.534772 -0.718004 -6.678883 -6.831487 13.060306 -2.823257 -3.439785 7.432850
-2.398019 5.139874 -3.154071 1.740072 -18.721079 -0.090980 2.629765 -3.033495 -1.771205 -0.001727
