-4.625788 -5.019640 -0.798816 4.063423 10.103903 2.827125 -7.128177 -3.260498 10.645639 -0.951734
-5.098897 -5.049160 -0.392538 4.309798 10.063646 2.827661 -7.394150 -2.737227 10.285621 -1.089103
-11.854536 -12.380085 5.913701 10.932887 7.607700 -5.632677 -12.948938 3.563760 4.466468 -5.726923
-12.221602 -12.940660 6.322146 11.195851 7.785140 -5.993154 -13.395555 4.065032 4.665551 -6.002683
-12.383604 -13.075035 6.447569 11.401585 7.658845 -6.125449 -13.471376 4.035285 4.504555 -6.050099
-5.144261 -4.977678 -0.516428 4.416651 10.089345 2.911872 -7.494435 -2.764982 10.376759 -1.021072
-12.104304 -12.882930 6.337609 11.222578 7.552340 -6.046359 -13.324368 4.016811 4.601340 -5.950756
-10.141869 -10.931967 5.052312 10.041927 7.374613 -4.645376 -11.475833 2.763607 4.908738 -4.523253
-5.641274 -5.044987 -0.358928 4.291140 10.030725 2.411781 -7.806495 -1.959112 8.954998 -1.658173
-11.598209 -11.485167 5.477585 9.738117 8.484255 -4.587337 -12.696829 3.241764 4.975303 -5.710998
-4.837377 -4.911071 -0.424505 4.167909 9.590645 2.659593 -7.397024 -2.870215 10.278127 -0.871419
-12.247986 -12.951540 6.338588 11.302729 7.617514 -6.064566 -13.452118 4.013064 4.538808 -6.040599
-11.134105 -11.973069 5.721930 10.648556 7.373440 -5.452359 -12.468287 3.305237 4.798199 -5.262091
-10.490093 -11.079655 5.222747 10.075936 7.973605 -4.586926 -11.757819 2.780910 4.805945 -4.907752
-4.804080 -4.591140 -0.763367 4.168691 9.521376 3.242290 -7.138939 -3.199289 10.077574 -0.757267
-7.642587 -7.301132 1.599709 6.472955 9.395247 -0.575328 -9.539251 0.419243 6.635756 -3.246233
-11.982040 -12.750814 6.226415 11.358088 7.406776 -5.980047 -13.210175 3.821699 4.551178 -5.789947
-12.059725 -12.684952 6.159735 11.223293 7.582896 -5.874016 -13.328102 3.903739 4.519827 -5.959298
-4.867455 -4.677599 -1.035628 3.943104 10.674848 3.191660 -7.580006 -2.857672 10.616988 -0.986303
-11.188618 -11.371231 5.204263 10.114665 7.920899 -4.816102 -12.269617 3.124878 4.596137 -5.337316
-4.625440 -4.651176 -0.762968 3.867817 9.878123 2.892872 -7.104835 -3.015964 10.158041 -0.925991
-12.266491 -12.897549 6.270676 11.304852 7.676673 -6.018413 -13.446898 4.003956 4.512440 -6.021097
-12.009752 -12.663797 6.121021 11.317443 7.528055 -5.937389 -13.231736 3.833903 4.512826 -5.795099
-4.240978 -4.056147 -0.710831 3.629750 8.793694 2.917663 -6.472235 -2.884916 9.310861 -0.670160
-3.918560 -3.979666 -0.938112 3.500780 9.168464 3.207773 -6.265831 -3.630949 10.074483 -0.334274
-9.458143 -9.394646 3.894833 8.323424 8.740755 -2.782798 -10.944126 2.023336 5.586244 -4.445430
-11.113157 -12.147730 5.927189 11.021677 7.260032 -5.501710 -12.418035 3.208226 4.700155 -5.133020
-4.895675 -4.680302 -0.786188 4.055731 10.008928 3.185522 -7.295954 -2.906111 10.266700 -0.863358
-9.082602 -8.586819 2.807781 7.444851 9.531423 -1.649921 -10.305902 1.214834 6.370024 -4.232957
-4.754938 -4.625001 -0.571954 3.943886 9.660784 2.747018 -7.066052 -2.622560 9.750585 -1.025978
-10.615400 -10.802237 4.868433 9.619094 8.462757 -4.148827 -11.841190 2.643101 4.933807 -5.029284
-5.139850 -5.401868 -0.405333 4.333409 10.414337 2.239334 -7.566985 -2.685564 10.419799 -1.111816
-12.113176 -12.721539 6.156007 11.323664 7.593439 -5.894367 -13.338527 3.845567 4.499687 -5.896314
-4.631329 -4.956331 -1.030124 4.480354 10.167007 2.377181 -7.342725 -3.186969 10.562980 -0.497411
-12.127340 -12.736354 6.221906 11.187277 7.604571 -5.951902 -13.354317 4.014071 4.516566 -6.020171
-11.019024 -10.679272 4.581144 9.337215 8.878880 -3.565700 -12.399212 2.598571 6.162265 -4.670005
-4.794424 -4.548864 -0.792948 4.015795 9.985966 2.770761 -7.249749 -2.757273 9.824077 -0.771433
-6.701496 -6.067185 -0.142645 4.788820 12.245073 1.737941 -9.309994 -1.157253 9.976438 -2.398771
-4.383747 -4.197218 -0.453026 3.992498 8.983568 2.701100 -6.397412 -2.756051 9.534789 -0.569628
-11.827128 -12.279519 6.104620 10.695422 7.609671 -5.540058 -12.973721 3.725920 4.544543 -5.848484
-12.566975 -13.056789 6.467646 11.018970 7.926908 -5.871904 -13.654747 4.162394 4.378296 -6.451457
-6.774727 -6.444449 1.801708 6.342918 8.072162 -0.314376 -8.488628 0.047478 6.071761 -2.521068
-4.254795 -4.705338 -0.539043 4.524823 9.407524 2.292395 -6.893285 -3.428794 10.261704 -0.285833
-4.591089 -4.425897 -1.092034 3.888515 9.620813 3.069108 -7.063885 -3.057985 9.922046 -0.620373
-10.160265 -10.457417 4.502024 9.498798 8.331344 -3.917903 -11.325792 2.325074 5.197216 -4.579766
-4.848575 -4.868736 -0.500522 4.008277 9.805295 2.629836 -7.108606 -2.845790 10.195857 -0.830926
-12.319563 -12.945110 6.314232 11.360152 7.700539 -5.993496 -13.532323 4.008501 4.511679 -6.100236
-11.745015 -12.355869 5.814139 10.878013 7.737346 -5.657805 -12.908941 3.835845 4.949844 -5.427692
-12.610928 -13.077138 6.424000 11.325094 7.839100 -6.078349 -13.640629 4.091244 4.459822 -6.218909
-11.344000 -12.371374 6.037145 10.842983 7.678757 -5.615602 -12.490637 3.531497 4.909546 -5.172500
-6.702587 -6.571283 1.921134 5.640783 8.810541 -0.063161 -8.476458 0.177264 6.698061 -2.896899
-5.261705 -5.295992 -0.326231 4.327646 10.025249 2.836398 -7.363281 -2.172693 10.012058 -1.653048
-11.362118 -12.181572 5.888861 10.790406 7.572497 -5.445694 -12.597215 3.465112 4.744241 -5.407324
-12.013065 -12.792023 6.252785 11.293867 7.499905 -5.973435 -13.233137 3.903563 4.574594 -5.869518
-9.157609 -9.555283 4.120465 9.080096 7.654856 -3.258225 -10.648769 1.981101 5.392241 -4.043935
-4.727733 -4.598320 -0.096183 3.648802 9.576387 2.698762 -7.038228 -2.642181 9.832952 -1.096370
-5.161259 -4.976003 -0.466720 4.101746 9.819436 2.257789 -7.461050 -2.152862 9.118117 -1.435917
-5.498893 -5.060792 -0.424397 4.372813 10.393454 3.024069 -7.795453 -2.536339 9.983902 -1.371531
-5.782737 -5.146873 0.127345 4.172692 9.947144 2.153055 -7.805528 -1.518052 8.285914 -2.015870
-12.407200 -13.044643 6.451634 11.262828 7.792871 -6.028789 -13.604607 4.182069 4.650577 -6.230072
-4.899409 -4.484132 -0.770427 4.189330 9.563749 2.896562 -7.156034 -2.834352 9.668077 -0.686048
-9.872956 -10.974948 5.220508 10.169235 6.957664 -4.641718 -10.976475 2.533790 5.175110 -4.089884
-10.866137 -11.682457 5.404189 10.510754 7.991337 -5.169020 -12.361081 3.422311 5.048854 -5.013806
-12.678288 -13.225054 6.543393 11.350569 7.931197 -6.155897 -13.810231 4.274897 4.548732 -6.342850
-12.350434 -12.992359 6.358782 11.375994 7.668932 -6.047154 -13.529362 3.992961 4.508004 -6.067048
-12.250772 -12.982879 6.375305 11.501909 7.527912 -6.034190 -13.409919 3.899283 4.559116 -5.940264
-6.027435 -5.879482 0.704193 5.146793 8.990003 1.430408 -7.578107 -0.813704 8.156249 -2.291603
-4.641860 -5.040813 -0.551665 4.398932 9.087782 2.692500 -6.769368 -2.905466 10.042476 -0.760752
-3.846558 -4.156842 -1.197405 4.371714 9.170397 3.047285 -6.276338 -3.754803 11.139537 0.147908
