-0.190077 4.120076 4.057318 1.673355 -8.144678 5.354183 1.595896 7.952797 0.498697 9.430610
-7.416223 3.747448 1.296495 6.789331 -7.813819 12.918580 -2.041876 15.427125 6.647994 7.185327
-14.376975 -0.395152 -3.394518 11.110579 -4.208097 19.061293 -7.165123 21.939587 13.771104 3.188255
-0.201223 4.265787 4.069846 2.117985 -8.538488 5.350268 1.630246 7.951571 0.410681 9.631666
-11.935745 0.837308 -1.329322 9.488713 -5.597570 16.737871 -5.198912 19.465986 11.227404 5.009552
-16.064983 -1.664959 -4.667422 12.171698 -3.182487 20.570997 -8.339829 23.953674 15.623230 2.172028
-12.104834 0.880627 -1.478440 9.745131 -5.543256 16.976431 -5.366702 19.665102 11.375416 4.735030
-0.326724 4.031586 4.104371 1.452810 -7.854289 5.234249 1.543460 8.143510 0.679705 9.214237
-14.259871 -0.849208 -3.465131 10.976262 -3.889486 18.609684 -7.235243 21.564466 13.651312 2.852351
-11.813572 0.952475 -1.455893 9.345204 -5.618135 16.721600 -5.149198 19.170864 11.193131 4.862886
-0.289689 4.221919 4.181221 1.802045 -8.298101 5.367465 1.618714 8.020639 0.568823 9.451931
-0.256258 4.161706 4.061624 1.610132 -8.087342 5.206964 1.656985 7.977443 0.625858 9.382898
-3.143859 4.774244 3.465350 4.492444 -8.985600 8.952113 -0.120764 11.910633 2.984465 9.421892
-13.628742 -0.328018 -2.871882 10.660259 -4.524218 18.450987 -6.502524 21.626642 13.084968 3.723813
-3.023404 4.625069 3.528745 4.252381 -9.154766 9.028325 0.369230 11.604416 2.714454 9.660321
-0.418584 4.481068 4.362311 1.765343 -8.440516 5.256598 1.660870 8.211742 0.627711 9.417761
-14.547072 -1.259846 -4.110542 11.172882 -3.488961 19.037706 -7.356753 22.381342 14.199517 2.564444
-15.344817 -1.182632 -4.157011 11.670125 -3.482336 19.772348 -7.795945 23.103718 14.789790 2.390415
-14.032766 -0.223845 -2.959805 10.848145 -4.487063 18.558863 -6.834851 21.476566 13.393743 3.506969
-0.247818 4.122516 3.888051 1.636061 -8.082193 5.414767 1.610539 8.049312 0.450591 9.354319
-7.107520 3.844254 1.497056 6.759989 -8.180630 13.098684 -1.912710 15.574303 6.720566 7.868345
-7.114983 3.595443 1.625638 6.832552 -7.887439 12.688095 -1.992754 14.915210 6.519660 7.477511
-14.690586 -0.530392 -3.522535 11.247138 -4.026107 19.183863 -7.094514 22.192204 14.068260 3.004140
-0.308950 4.203253 4.048502 1.713551 -8.186217 5.366272 1.585150 8.058394 0.485954 9.454279
-0.142376 4.093649 3.934458 1.508202 -7.979141 5.276788 1.617868 7.960718 0.544219 9.323648
-11.267778 1.124650 -1.331403 9.219407 -5.624316 16.278702 -5.066567 19.213537 10.499650 4.851922
-7.906956 3.581462 1.223041 7.473071 -8.055982 13.678100 -2.474777 16.012173 7.364618 7.507137
-0.287101 4.050322 4.002761 1.977817 -8.263006 5.461992 1.583873 7.926360 0.414318 9.338809
-9.317941 2.316140 0.097475 8.121066 -6.861763 14.966231 -3.885781 17.219465 8.725461 6.418963
-15.815411 -1.462576 -4.451460 11.963996 -3.399810 20.264585 -8.277635 23.570005 15.320992 2.327815
-0.168462 4.261810 3.999265 1.697442 -8.140462 5.384249 1.463758 8.296836 0.740549 9.288786
-11.535439 1.706186 -1.108886 9.435256 -5.992601 16.803644 -4.868135 19.368179 10.859340 5.091004
-15.241060 -1.148820 -4.056164 11.693704 -3.702209 19.905039 -7.846506 23.363520 14.727673 2.804681
-14.447412 -0.307034 -3.524339 11.257852 -4.409614 19.260042 -7.239826 22.061367 13.612994 3.233714
-8.810322 1.298070 -0.295672 7.424337 -5.820012 13.598628 -3.202009 16.022316 7.988726 5.448243
-10.936251 1.926029 -0.781372 9.052844 -6.210042 16.078846 -4.560475 18.412539 10.145181 5.353944
-0.479318 3.496485 3.186612 1.353307 -6.835178 5.150509 1.391496 7.639631 0.839354 8.243025
-0.403795 4.288520 4.034910 1.686105 -8.285181 5.412023 1.664993 8.289822 0.536448 9.469425
-0.055244 4.078537 4.062313 1.725182 -8.166062 5.284553 1.486097 7.918521 0.430942 9.399217
-15.465606 -1.047077 -4.012488 11.857451 -3.783560 20.025537 -7.788696 23.327358 14.922149 2.783545
-11.570906 0.838331 -1.702785 9.078063 -5.182121 16.492559 -5.129117 19.046309 10.974885 4.503174
-0.307155 3.982429 3.899527 2.009540 -8.269081 5.312296 1.529205 7.698662 0.763308 9.229660
-3.308684 4.807707 3.209374 4.674165 -9.214369 9.250233 0.023071 12.016587 3.272370 9.259812
-3.861603 4.580620 3.015754 5.055580 -8.901936 9.590109 -0.334698 12.420992 3.709917 8.788517
-8.422433 3.150456 0.819138 7.542929 -7.126881 13.673262 -2.443025 15.926649 7.225804 6.749499
-12.777388 0.542933 -2.246157 10.279445 -5.286888 18.058393 -6.056278 21.039082 12.449647 4.392778
-15.634275 -1.494030 -4.434256 11.842673 -3.381148 19.928974 -7.895707 23.498911 15.237561 2.177248
-0.321192 4.112200 4.112689 1.871090 -8.208872 5.217523 1.522263 7.893522 0.484049 9.436201
-9.275808 1.065520 -0.801360 7.934588 -5.616258 14.622005 -4.118749 17.498482 9.218741 5.474906
-5.071111 4.407987 2.527314 5.869434 -8.749100 10.789797 -0.903339 13.581725 5.039079 8.369722
-15.448484 -0.679886 -3.878993 11.869504 -4.014007 20.016150 -7.753666 23.213531 14.617912 2.897178
-0.120922 4.141951 4.073966 1.597812 -8.125026 5.303952 1.507017 8.075454 0.507641 9.517696
-14.189254 -0.256258 -3.115428 10.954425 -4.411399 18.889658 -7.014630 21.854774 13.543277 3.485316
-0.560927 4.599088 4.129855 2.154329 -8.294183 5.381017 1.315722 8.178716 0.537581 9.056826
-0.206292 4.409617 4.443412 1.834656 -8.393797 5.068129 1.899172 7.850401 0.737817 9.611263
-3.074551 4.604841 3.355922 4.387197 -8.981512 8.937765 -0.091639 11.820895 3.080152 9.236181
-0.289795 4.216533 4.126618 1.676429 -8.215017 5.343215 1.700358 8.164742 0.662491 9.444349
-0.162785 4.202460 4.070119 1.675002 -8.231184 5.284324 1.618400 7.942102 0.595718 9.280565
-0.160867 4.313226 4.015673 1.926709 -8.373630 5.384602 1.507346 8.017982 0.770873 9.452943
-12.718691 0.713678 -2.466946 10.173023 -4.998518 17.692968 -5.922959 20.454952 11.919046 3.881253
-11.521353 1.148817 -1.814286 9.288274 -5.698676 16.536142 -4.885010 19.384964 10.450522 4.646424
-14.335121 -0.490774 -3.376776 11.083196 -4.257836 18.810759 -6.865301 22.224833 13.561263 3.095421
-14.650084 -1.183770 -3.891775 11.277843 -3.822568 19.321093 -7.461415 22.951199 14.288230 2.857500
-12.467257 0.954527 -1.935804 9.806924 -5.508858 17.367605 -5.583674 20.023262 11.694969 4.554114
-13.725034 0.218768 -2.781353 10.774052 -4.751922 18.508846 -6.748843 21.507515 12.925496 3.755167
-14.571035 -0.475572 -3.392381 11.291901 -4.372088 19.243605 -7.268443 22.387659 13.872231 3.350045
-0.182598 4.141960 4.118252 1.630006 -8.203053 5.311571 1.671545 7.964947 0.513786 9.504065
-10.903074 0.790504 -1.109965 8.910028 -5.388903 15.703546 -4.578479 18.772383 10.414185 4.786912
