11.486619 40.424492 8.099392 5.485071 -18.474379 1.446393 23.177385 -6.328944 -3.617679 7.516232
13.801139 39.929066 6.664346 1.297510 -4.085526 -0.285325 16.858864 -12.588677 -10.205838 10.666148
43.977924 55.659683 -7.529583 -11.082332 -5.977222 26.910294 63.411457 -39.394711 13.490114 32.101952
26.703182 44.572571 6.558496 0.345010 18.739574 -4.579706 25.995008 -30.198734 -18.844183 15.452456
7.685802 41.184887 12.649263 7.559145 -20.225096 -2.010029 20.913914 -3.528261 -5.421643 4.465460
-9.113778 37.978447 26.050699 20.075176 -24.844181 -20.998199 3.587376 10.729194 -23.041203 -11.188300
-14.627335 26.078175 26.981176 22.897821 -18.651020 -28.096176 -5.911418 15.206227 -27.798578 -16.055983
8.507626 38.210987 10.841952 5.966538 -12.409553 -3.262004 17.583460 -5.720441 -6.872353 4.943072
-9.141232 27.192993 21.683451 16.817326 -11.348483 -22.971264 -3.029957 9.105621 -23.144522 -10.410604
25.030449 49.219604 3.771526 -1.276282 -5.275175 6.243466 39.895992 -20.726522 4.173863 15.261170
3.110685 42.011574 18.058493 11.489143 -13.237041 -13.495453 13.054889 -1.517213 -15.036123 -2.014256
-3.610840 39.379051 21.940748 15.126221 -17.887291 -17.447887 5.966858 4.674133 -19.326941 -5.902129
16.505075 45.197342 8.029951 2.190524 -19.069260 7.030956 35.033348 -10.826852 5.319008 11.710044
-17.713383 19.715588 24.652515 20.910601 -19.372902 -26.040283 -7.677061 17.556557 -23.183455 -16.190910
-12.614887 27.911423 23.644880 18.658339 -22.359526 -21.015469 -0.577726 14.389169 -18.790844 -12.438959
-3.361692 31.383701 19.485445 14.145071 -5.477676 -21.024298 1.525275 2.400944 -23.791683 -6.217701
18.648670 48.075829 8.948310 3.287418 -4.829171 -0.879570 27.892471 -17.206560 -8.840646 10.935876
-16.433292 29.741812 28.248400 22.898983 -29.823532 -25.462711 -4.788576 18.442785 -24.292152 -16.691528
44.248241 57.443764 -6.593364 -11.018069 -7.905063 26.916409 65.789871 -39.036091 15.720680 31.923210
9.537439 46.377075 15.440585 8.758257 -11.759678 -7.884084 19.686068 -8.121657 -13.729695 3.691885
16.262333 44.295841 5.978108 2.219095 -19.450916 8.036436 31.572577 -11.110816 2.003307 12.704029
-1.307191 41.502975 21.594271 14.727936 -14.359428 -17.645550 5.343093 1.028690 -23.738415 -4.197705
-2.647388 37.827297 18.042238 13.059992 -43.143959 -3.990229 20.655954 10.209065 1.055131 -4.148438
-20.538483 23.050434 29.766607 25.884796 -25.112560 -30.621597 -9.702013 20.601351 -27.551350 -19.936836
-3.650448 32.861847 21.648752 16.165844 -3.236675 -23.544287 -1.187726 0.683060 -29.569054 -6.109841
0.450876 34.962982 17.989948 11.934504 -5.872656 -17.386326 6.151855 -0.480217 -19.926868 -3.897231
-7.048346 32.765747 25.307173 19.471329 -6.602420 -26.666519 -1.384394 4.776309 -30.203856 -10.494603
-4.070472 41.596031 19.929741 14.033308 -37.224766 -6.378390 12.953644 9.281515 -7.089059 -3.469512
18.989208 47.140854 6.254260 1.335003 -23.230595 10.704597 38.991219 -13.110847 7.006011 13.395077
-14.279958 31.142958 27.707972 22.794371 -25.191936 -26.228750 -3.130045 15.268187 -26.635788 -15.117744
-12.687493 31.784832 26.474924 20.409674 -21.809565 -24.553957 -2.812487 13.043522 -24.718334 -13.249331
40.803280 56.603966 -3.805332 -8.100605 4.690724 17.408035 52.780212 -40.033955 1.777666 28.351282
-19.312468 25.592087 30.256197 26.210064 -27.483215 -30.396097 -7.583105 20.305147 -28.647964 -20.286869
14.766787 39.838169 9.475691 3.811602 4.892919 -6.705029 16.658907 -15.414380 -14.766992 8.059812
33.497486 50.387390 -2.767323 -7.468754 -15.862461 22.961990 55.833473 -26.585131 17.850410 24.575340
-7.917874 32.482010 22.543470 16.979679 -25.749027 -16.854630 6.333055 11.524817 -14.214480 -9.845817
34.693348 50.502659 -2.697032 -7.408728 -11.058900 21.479137 53.916523 -29.377958 13.424297 25.087667
23.555923 48.498798 4.388474 -0.388127 -15.713487 10.784322 42.501331 -17.916471 6.451411 15.724171
-10.711501 33.127541 26.861265 21.326998 -15.239368 -27.269644 -1.786257 9.676431 -28.885715 -13.074561
16.723511 40.012596 9.756359 3.586456 -0.210872 -4.276955 25.528967 -14.446742 -6.167751 7.197655
-2.682606 35.917671 20.164198 14.143713 -15.538521 -16.454439 5.404442 3.830692 -18.365942 -5.814081
12.365340 44.449570 10.503265 4.730135 -12.649849 -1.091411 25.339911 -8.487284 -3.204666 7.197471
17.054525 41.240459 8.239601 2.273739 -0.837343 -1.786133 26.181768 -14.824754 -4.627186 9.457443
-17.697903 24.249762 26.934401 22.720779 -24.396523 -26.859589 -7.020051 18.663160 -24.363152 -17.213202
28.411888 53.504715 2.857510 -1.522701 -6.254811 9.800631 42.772228 -25.474310 0.504151 19.197004
-7.593864 32.298553 19.640673 15.374002 -43.065777 -7.668532 15.058334 15.360005 -1.040864 -7.771486
15.190909 41.124691 8.309628 3.401292 -9.007952 0.833476 26.144651 -11.943558 -3.273952 9.152254
-6.745776 39.127388 23.540068 17.283453 -22.217630 -18.480633 3.728372 7.701976 -21.397991 -7.751135
14.115516 39.824032 8.451250 3.479817 -7.947254 -2.256902 25.632139 -10.566217 -2.580551 7.043956
17.572659 39.574226 5.076761 2.181886 -2.843469 0.467061 25.011951 -15.262286 -6.121930 11.072427
15.124759 45.108311 7.290184 2.897021 -17.055405 5.590948 27.742470 -11.024121 -1.094131 11.568539
-14.177246 35.797050 27.766356 22.500677 -39.111881 -20.750786 4.116254 17.533503 -18.126602 -14.990788
16.277596 49.034599 6.751286 1.871444 -28.427788 12.000761 35.435909 -11.317327 5.195178 13.889757
26.687653 48.805275 -0.635932 -5.370253 -20.793747 19.945532 45.772518 -21.167645 12.195967 21.948494
-12.474549 30.602560 29.300737 23.417175 -16.037861 -29.057945 -4.383023 11.239406 -31.192566 -14.610910
-22.781551 24.295258 31.387514 27.659878 -33.880024 -30.694130 -9.483148 23.627523 -27.423174 -21.966509
11.410341 39.196735 10.544804 4.665925 -5.803063 -3.723563 19.931208 -8.856103 -6.508458 6.375165
39.518841 51.826687 -4.290910 -7.937640 -0.304026 18.395920 55.163860 -35.617210 9.560448 26.160610
7.147359 38.626541 12.521446 8.330906 -12.538765 -6.354125 16.673372 -4.397208 -10.487858 3.087486
-17.231363 25.746395 27.291040 23.511478 -27.511528 -27.237648 -6.759405 18.381353 -25.439709 -17.172375
-16.660313 23.990223 26.449167 21.979971 -23.706890 -26.048122 -7.421212 17.647184 -23.637302 -16.111242
-4.121870 38.486519 20.117270 15.115744 -32.630665 -10.695903 13.037002 9.162854 -9.566973 -5.999415
-0.594331 30.666107 13.123093 9.332415 -15.352032 -10.282772 8.900183 4.043506 -8.892355 -1.903250
5.955383 36.250290 14.480043 9.466851 1.599673 -14.392448 8.153691 -7.065641 -20.933826 1.574125
10.143914 42.334946 12.192270 7.333560 -9.789915 -5.755616 19.259476 -7.666574 -10.414121 4.859097
-1.307399 38.507011 19.763554 14.603544 -18.196896 -14.882841 8.825356 3.027566 -19.364971 -4.425434
-17.812256 26.365734 27.927004 22.444565 -28.297932 -25.024273 -3.599130 19.459291 -21.060593 -17.069132
-18.420885 27.835974 29.877619 25.947559 -28.948053 -29.512590 -6.435168 19.357889 -28.609756 -18.972790
6.288122 42.404106 14.231006 8.816088 -16.502110 -7.509430 16.956703 -4.028487 -10.703132 1.861770
1.689305 40.714512 16.566797 12.618513 -11.965593 -14.646679 7.445647 -1.229403 -20.606850 -1.638858
3.523878 39.224380 13.456730 8.222914 -23.702408 -3.412953 18.348690 1.633147 -1.810554 1.544142
