-13.308498 5.265944 -4.762436 -6.150864 1.306302 -5.163746 5.995333 6.276034 -5.437454 9.831312
-14.868677 4.907764 -4.503018 -6.346985 -2.685970 -4.364224 6.197950 5.591748 -6.386822 9.398666
-9.958602 -5.240065 -9.867946 4.777749 6.646459 -11.098132 13.488970 7.461672 -6.875702 15.707565
-6.527248 -6.092894 -8.765962 6.137276 7.541391 -9.099564 11.807730 5.892011 -4.511182 14.268297
-8.269619 -11.823864 -9.749166 6.958618 6.201656 -11.254941 14.914656 8.999425 -14.348087 12.824843
-10.940077 5.926091 -4.850913 -5.270432 0.582762 -3.848986 5.160041 5.474023 -4.586985 8.094081
-9.080470 -11.917696 -7.678313 8.540035 2.317096 -8.653065 13.147998 7.229945 -13.251665 11.988384
-10.062019 -2.648957 -7.284187 4.692054 2.257272 -6.780137 9.348278 4.280774 -0.703636 13.725685
-15.786338 3.282685 -3.568468 -2.122560 -2.871405 -5.096583 7.739503 5.288824 -10.039984 9.442674
-8.649059 -3.469003 -6.807049 4.417471 3.225155 -9.016483 10.109946 5.067914 -2.543976 14.441626
-10.751821 11.708711 -1.328614 -4.891675 -1.438650 -1.069736 2.929945 4.308724 -2.177096 7.308721
-7.217968 -4.352545 -7.339024 5.986235 4.882400 -8.382005 10.060678 4.936821 -1.671929 15.475870
-11.635344 -4.624978 -7.696020 3.627765 3.853120 -9.835906 12.918573 7.381046 -11.397662 12.966366
-12.621097 -5.936244 -5.896596 4.631434 1.486583 -7.605262 11.705123 7.046436 -15.711097 10.051085
-14.197184 6.795184 -3.242512 -8.582100 -1.918714 -2.131016 3.346406 5.225215 -7.173158 6.120301
-14.448611 -4.150365 -6.444550 4.342921 2.425234 -9.512975 12.761437 7.478737 -13.761728 13.686170
-10.342054 -11.240900 -9.160782 8.692321 5.960175 -11.622769 16.041166 9.370057 -17.893459 13.573942
-7.036017 -15.932964 -9.357532 15.894020 5.820039 -13.270657 17.284397 8.065693 -13.381651 19.712927
-13.958939 9.874643 -3.623288 -7.010681 -0.575853 -3.124859 4.399437 5.294186 -2.317110 9.775554
-9.526215 -7.017527 -11.131671 5.424336 6.957030 -12.246584 14.829369 7.969201 -6.013134 16.927320
-12.614190 3.578578 -5.367845 -6.015855 1.456118 -5.190178 6.240297 6.829924 -8.889914 8.249853
-8.750496 -14.915331 -13.291945 15.310651 9.828332 -15.813977 20.840593 10.442371 -12.106298 23.501215
-7.887407 -8.571533 -11.232120 9.485167 6.362120 -10.930449 13.157664 5.881629 -1.891809 17.681370
-13.978508 6.510576 -2.952668 -5.793029 0.880634 -3.802593 5.557525 6.110993 -10.085796 8.002350
-12.655357 11.474028 -2.225689 -7.892497 0.135883 -1.770889 3.070862 4.798257 -3.720908 8.025477
-6.250414 -13.088230 -9.776036 6.142376 4.735618 -9.926979 12.945025 8.379191 -10.801021 13.012722
-12.975050 -7.476312 -7.028022 8.237249 3.852803 -9.634250 14.576218 7.204865 -15.921190 13.323296
-14.645279 8.156763 -2.658702 -6.901112 1.053452 -3.038753 4.856498 6.498099 -11.326368 7.404435
-12.394083 1.139166 -6.580877 -0.201984 1.864994 -8.032623 10.254443 6.362032 -5.476174 13.703298
-13.972925 8.289812 -4.389872 -5.764167 0.449858 -3.962754 5.988272 6.277891 -6.533218 9.929323
-14.528979 0.252655 -6.260476 0.234097 1.162937 -7.994635 10.500202 6.550401 -9.965230 11.863645
-10.116035 -0.041572 -5.001294 -1.412160 4.345430 -7.078962 8.495029 7.223527 -9.857140 10.750692
3.351123 -46.565624 -23.712051 34.994946 22.563276 -24.565426 32.660358 18.755854 -22.934021 29.533005
-7.979861 1.156224 -8.056373 -3.228944 7.485898 -7.314232 7.489792 7.448213 -3.720246 11.855297
-2.078966 -7.543728 -4.407423 8.247907 3.551787 -5.328024 8.125856 3.825199 -5.753760 8.999239
-9.578222 5.221944 -5.599380 -1.397282 2.278059 -5.999311 6.753823 5.176044 2.427899 13.616431
-14.354015 9.557380 -3.975966 -5.887830 -1.924989 -3.417427 4.591687 4.776553 -1.259330 10.686813
-11.327431 1.468044 -5.156201 -7.531465 3.076481 -3.748582 5.627549 7.406168 -11.211105 6.882552
-12.531288 8.444958 -2.703164 -6.412705 2.092336 -2.717283 3.876256 5.973973 -8.655168 6.794919
-7.563635 -2.517290 -4.312583 3.901721 -0.842813 -5.991194 7.909403 4.492433 -4.226762 11.816646
-1.775817 0.188689 -3.551529 3.897983 12.473205 -6.932380 7.755445 5.979593 -4.465991 13.939775
-8.724348 2.239347 -5.488957 -3.555336 1.724928 -5.408240 6.522787 6.203776 -4.376231 9.628255
-4.255888 3.186000 -5.011881 0.507150 5.541469 -5.369192 5.925481 4.240105 2.778725 11.899364
-15.555804 7.443402 -3.562786 -5.166599 -1.959204 -4.061803 5.509431 5.128576 -6.021541 9.642841
-14.149098 -3.186178 -5.653933 4.862763 2.168835 -8.435751 12.333874 6.839636 -13.899338 12.226320
-12.436033 6.460314 -2.253305 -4.188653 2.744600 -3.701219 5.774886 6.781996 -13.205080 7.643599
-9.468145 -17.306906 -12.594077 17.169971 10.826400 -14.700815 20.965849 11.213451 -18.141165 20.854403
-2.806795 -4.366137 -8.438139 5.078779 7.220168 -8.210382 9.600744 5.461335 0.713486 13.887548
-4.217793 -5.073467 -7.113109 7.244460 11.098986 -9.180503 10.849613 7.336583 -7.945153 14.429768
-8.513283 1.870504 -4.884974 -1.018852 3.809198 -4.500683 5.626896 5.369943 -4.288666 9.583588
-10.524432 2.323991 -4.159786 -1.936812 2.838007 -4.251760 5.875811 6.423561 -10.949030 6.929228
-6.894913 2.335593 -4.602441 -4.481105 3.474115 -3.612894 4.537117 6.181795 -5.165143 8.188219
-10.022327 -2.503703 -8.023554 3.216133 5.484084 -8.695226 11.249180 5.919360 -5.632989 12.639982
-7.899276 -11.644031 -8.372838 11.862228 4.176280 -9.817147 14.005157 6.232449 -10.573587 14.979364
-14.292967 6.048761 -2.575012 -4.753463 -1.737455 -3.994006 5.994956 4.809302 -7.902404 8.508332
-9.979088 6.649785 -0.559126 -7.017797 2.128706 -0.083183 1.707332 5.418975 -12.671308 2.590206
-14.389105 -1.669005 -6.956413 1.069864 2.151281 -9.464170 11.795979 7.694199 -12.136707 13.112005
-11.991056 -6.679793 -6.869696 4.353493 3.609848 -8.818624 12.213835 8.658035 -18.164814 10.865435
-6.286440 -11.561095 -10.121404 8.384232 5.562549 -10.339005 12.884764 6.979857 -6.318081 15.720201
-15.540249 7.540899 -2.460159 -7.507258 -2.821768 -2.345161 4.493401 5.076686 -8.745497 7.069376
-4.472013 -3.899024 -6.413462 4.384494 5.081222 -6.928997 8.552296 5.545986 -3.849163 12.845977
-2.843443 -6.231543 -7.963785 4.397039 6.504989 -7.623197 9.247426 5.318561 -2.090106 12.157001
1.670918 -34.943260 -18.986021 26.876587 18.492908 -20.065716 27.288235 14.790820 -15.219258 28.660318
2.684202 -22.982119 -12.375993 17.295368 14.544870 -13.523254 18.703442 10.374115 -12.005061 19.048290
1.589531 -31.662443 -13.954246 19.983715 14.555511 -14.821046 21.769670 14.730564 -23.912613 14.141338
-8.962818 -9.103939 -6.660874 3.007886 -1.159074 -7.908896 10.189628 6.589678 -8.134339 11.407516
-8.373398 1.819494 -5.805857 -1.887118 1.617663 -4.108297 5.016364 4.494010 0.734833 9.751813
-9.308125 7.915520 -4.249526 -6.507500 3.405671 -3.235784 2.632905 5.205852 0.391079 7.994630
