1.067226 -6.605041 -6.543099 0.622437 -2.196447 -3.494190 5.448418 9.138923 -4.255052 -1.225799
1.084484 -6.395479 -6.523395 0.591049 -2.015254 -3.443701 5.091363 8.771520 -4.392066 -0.932223
-2.743001 -16.544207 -15.713314 0.053677 -1.194065 -8.486362 16.266098 30.803967 0.841623 -3.134324
0.676745 -9.087487 -8.457577 0.422032 -2.153731 -4.534488 7.236001 13.681703 -4.182056 -1.621884
-2.546540 -17.341015 -15.752165 -0.950428 -1.767969 -7.742651 16.016535 29.954741 0.778897 -2.895575
1.050450 -6.503947 -6.590757 0.681650 -1.964724 -3.535306 5.259471 9.027658 -4.280962 -1.123346
-3.665817 -18.686481 -17.302525 -1.401996 -1.248287 -7.485373 18.545500 33.313622 2.991600 -3.809402
-0.020868 -10.686461 -10.012848 -0.054317 -1.975022 -5.280054 7.376614 14.821138 -4.775048 -1.770329
1.084400 -6.708918 -6.708014 0.656544 -1.997323 -3.635356 5.431774 9.321497 -4.366431 -1.155401
0.771903 -7.579978 -7.300811 0.606240 -1.782385 -4.107202 5.605704 10.697834 -4.467314 -1.282246
0.966763 -6.707854 -6.599726 0.651013 -2.087251 -3.540183 5.516631 9.198198 -4.292554 -1.276541
0.206305 -10.690648 -9.400640 -0.117069 -2.056600 -5.121506 8.367773 15.699342 -3.953424 -2.037722
0.326299 -10.060212 -9.287811 -0.429089 -2.381672 -4.418052 7.700460 14.365293 -4.054311 -1.834944
-0.917301 -13.882452 -12.041033 -1.458754 -2.765938 -5.906587 11.140087 21.377783 -1.903318 -2.150908
1.095590 -6.635918 -6.608084 0.621633 -2.055438 -3.486932 5.453797 9.074506 -4.415460 -1.115683
-0.129946 -11.442088 -10.230621 -0.140529 -2.328289 -5.035934 8.935349 17.001089 -3.802557 -2.187575
-3.179746 -20.160267 -18.320404 -0.417048 -2.576425 -9.439797 23.356964 40.814648 5.935941 -3.718558
-4.033501 -18.923632 -17.865116 -0.782141 -1.085646 -8.526574 22.254484 38.862972 5.558991 -4.047069
1.066570 -6.507582 -6.525730 0.630097 -2.109093 -3.490191 5.286916 8.992999 -4.273095 -1.128714
0.761623 -9.026774 -8.503152 0.530515 -2.017110 -4.878625 6.692520 12.821319 -4.723714 -1.592564
1.062409 -6.773369 -6.625261 0.638178 -2.154486 -3.488192 5.585168 9.346420 -4.337677 -1.247418
-4.181608 -19.770170 -19.185289 -0.403750 -1.232986 -9.356470 23.457094 41.201889 5.472620 -4.176302
-4.337217 -18.267132 -18.253376 -1.021989 -0.426041 -7.879755 19.875191 35.938602 3.322701 -4.202316
1.050941 -6.606263 -6.646575 0.663574 -1.991602 -3.617510 5.365854 9.137246 -4.323393 -1.150337
1.041678 -6.463310 -6.632054 0.630066 -2.078331 -3.607661 5.140297 8.880124 -4.423086 -0.987489
-3.642927 -17.911203 -17.249439 -1.128182 -0.779730 -7.804197 17.765118 32.539204 2.012539 -4.028747
-2.838890 -19.977579 -17.777870 0.130152 -2.814794 -9.289546 23.634466 40.695702 6.311544 -3.698332
1.038251 -6.640161 -6.571372 0.642047 -2.037680 -3.504250 5.449737 9.118024 -4.306193 -1.204383
1.050481 -6.699275 -6.719080 0.586356 -2.096488 -3.590004 5.366028 9.267449 -4.401129 -1.152825
1.068976 -6.579062 -6.562104 0.605801 -2.072959 -3.468605 5.366399 9.032003 -4.337058 -1.134645
1.093456 -6.917325 -6.780415 0.584709 -2.161442 -3.604353 5.663446 9.559169 -4.430858 -1.206123
0.886225 -6.748569 -6.562242 0.601648 -2.098624 -3.611912 5.523226 9.307000 -4.164918 -1.367440
-4.257796 -20.747097 -20.115250 -0.364484 -1.697422 -10.401148 25.537193 44.686069 6.410021 -4.460223
0.951492 -6.742705 -6.649205 0.619183 -2.168971 -3.637538 5.463738 9.239081 -4.354423 -1.252372
0.002137 -10.981534 -9.801888 -0.543511 -2.029827 -5.004284 8.094834 15.582186 -3.794916 -2.170728
1.039437 -6.167006 -6.391168 0.617478 -1.919363 -3.398788 4.886108 8.574715 -4.194271 -0.943135
1.097462 -6.584573 -6.573919 0.632786 -2.092942 -3.513691 5.363815 9.103539 -4.320679 -1.135586
1.051383 -6.748590 -6.739050 0.645933 -2.212065 -3.586437 5.527698 9.360277 -4.404386 -1.228747
1.061950 -6.524736 -6.571745 0.618617 -2.130776 -3.467326 5.325620 8.976926 -4.354128 -1.113068
1.058228 -7.050135 -6.754580 0.639603 -1.952651 -3.618060 5.792613 9.873860 -4.294114 -1.315588
0.978149 -6.680696 -6.684294 0.739779 -1.844128 -3.674448 5.398411 9.333127 -4.208796 -1.306843
1.070408 -6.425106 -6.600746 0.575177 -2.006659 -3.476613 5.087303 8.825994 -4.474030 -0.941346
1.022423 -6.312187 -6.488453 0.694778 -1.747138 -3.530367 5.084213 8.850089 -4.199146 -1.012972
1.123231 -6.546973 -6.589200 0.614643 -2.139426 -3.492856 5.368032 9.103551 -4.309668 -1.109580
-1.226128 -13.916270 -12.910828 -0.740474 -2.123771 -6.455492 11.139347 21.616796 -2.877777 -2.198566
1.052636 -6.610569 -6.640970 0.617098 -2.172367 -3.554441 5.391864 9.084133 -4.410368 -1.125519
-4.107244 -20.147650 -19.172035 -0.607298 -1.525144 -9.382795 24.301512 42.207401 6.256323 -4.344613
-0.084026 -10.379412 -9.854823 -0.218620 -1.754565 -4.762646 7.210503 14.456809 -4.473236 -1.976387
0.597617 -9.772371 -8.613902 0.388203 -2.324611 -5.121049 7.542244 14.737782 -4.181497 -1.780319
1.067242 -6.678697 -6.605930 0.607152 -2.035526 -3.461209 5.498254 9.164278 -4.339447 -1.181022
0.967075 -6.650421 -6.605062 0.590733 -2.239732 -3.598037 5.424156 9.135666 -4.340997 -1.212377
0.974388 -6.784714 -6.669182 0.661276 -2.092001 -3.598044 5.561388 9.304090 -4.322063 -1.326841
0.990348 -7.025403 -6.799870 0.616298 -2.008363 -3.802140 5.717597 9.856206 -4.271490 -1.317062
-3.965034 -19.618187 -18.257614 -1.196729 -1.362594 -8.098238 21.176792 37.157684 4.441174 -3.862858
1.091118 -6.602654 -6.589733 0.627559 -2.088098 -3.540126 5.401465 9.166900 -4.294901 -1.168973
1.019319 -6.685466 -6.514645 0.600593 -2.059580 -3.403400 5.598636 9.081737 -4.323386 -1.226604
0.937143 -7.624625 -7.182617 0.558528 -2.231068 -4.011719 5.954630 10.725441 -4.524351 -1.354885
0.884325 -7.522404 -7.093143 0.604503 -2.116370 -3.955502 6.001400 10.630243 -4.373679 -1.419307
-2.031855 -15.506359 -14.198025 -0.776409 -1.809709 -7.035391 14.176132 27.007509 -0.069220 -2.982497
1.085642 -6.592313 -6.580818 0.603423 -2.143012 -3.468311 5.381351 9.035483 -4.396698 -1.111312
1.045990 -6.989035 -6.907265 0.648706 -2.085994 -3.732841 5.740022 9.649043 -4.495248 -1.244551
0.801218 -7.834389 -7.322479 0.594452 -1.847016 -4.158839 6.375269 11.340015 -4.242460 -1.489305
-4.478274 -20.476263 -20.158094 -0.587671 -1.302603 -10.125012 24.650383 43.497734 5.747152 -4.464236
-3.791745 -20.470568 -19.348457 -0.150042 -2.035908 -10.358700 25.304728 43.990253 6.733690 -4.092358
-3.286292 -20.890043 -19.238876 0.154800 -2.896520 -10.538949 26.082224 44.838120 7.649914 -4.169564
0.877258 -7.441579 -6.838822 0.520584 -2.075745 -3.704371 6.148340 10.399969 -4.223890 -1.445297
1.072289 -6.660614 -6.607895 0.619162 -2.138316 -3.500626 5.505246 9.198588 -4.331367 -1.199474
1.019708 -6.674757 -6.630447 0.677251 -2.105150 -3.554971 5.480459 9.187821 -4.343763 -1.235435
