11.064819 6.240391 -4.965258 -14.356727 14.186114 12.149631 -0.016603 2.581821 -6.677778 7.084039
9.988320 2.032950 -0.890538 -12.848488 14.379118 12.731322 5.418920 4.078405 -0.789865 6.625383
23.503433 1.064758 21.859837 -26.018600 24.653973 20.915602 2.646298 14.043270 11.394373 20.837978
18.978893 -5.743162 15.639469 -19.808470 22.883863 20.018496 11.193857 10.751559 14.580054 16.574413
7.519188 3.267324 -10.364896 -8.993316 12.052937 11.238353 1.793056 -1.710722 -7.365690 3.139510
2.691697 2.869365 -19.134876 -2.193889 9.759018 9.984002 6.898028 -7.230967 -8.810992 -1.418084
2.926379 1.954746 -16.406979 -1.253375 9.617437 9.921985 7.567642 -7.334380 -6.502267 -1.497834
9.100005 0.744106 -4.885971 -9.916763 13.323463 12.108216 4.113418 0.114844 -2.901728 4.383100
2.644445 1.420178 -14.333619 -0.916865 8.940929 8.963361 6.617189 -6.594228 -5.099971 -1.464354
17.787331 0.438085 11.348867 -16.455847 20.267618 17.713259 6.082832 3.999290 8.461129 13.126933
8.095291 -0.726412 -7.467347 -6.283355 13.959963 13.092652 7.273735 -4.346675 -1.173304 2.453361
4.737047 -5.351379 -8.756803 -1.935933 12.278219 13.421153 15.047403 -6.808264 3.761598 -0.661966
10.825806 3.801459 -2.917374 -14.116639 14.434924 12.090917 1.307489 3.015675 -4.934956 7.425948
1.458171 0.605345 -14.466926 0.944183 8.308672 7.845917 7.080982 -6.685344 -5.306033 -1.732314
1.662255 0.074728 -17.531643 -0.559521 9.455893 8.191142 6.954827 -6.782767 -7.287453 -1.376940
3.632903 -5.201123 -8.840786 0.158645 11.596820 11.247357 15.759914 -7.717010 4.198954 -0.933418
10.283007 -15.023786 4.974814 -4.028937 18.371870 18.191931 24.332859 -3.768936 19.021318 4.709929
1.115677 3.020188 -17.385258 -1.225315 6.990643 7.765141 5.602208 -6.285647 -8.948545 -1.838124
23.922537 2.024949 22.009703 -26.593029 24.579878 20.982447 1.434969 14.269544 10.450086 20.917976
13.229498 4.832853 -1.086718 -12.840319 15.887421 14.312556 3.113110 0.635002 -2.473242 6.971003
12.279127 6.041978 -0.642587 -14.778623 15.470798 13.697534 4.022530 3.349411 -3.393399 8.086048
5.983287 3.606952 -12.538279 -3.768147 11.927382 13.815871 12.503043 -6.672752 -3.533547 -0.571737
7.957320 6.214562 -12.467119 -10.931610 11.136818 8.570774 -7.511049 0.225462 -13.903502 4.482360
2.109500 0.819041 -18.330324 -0.992069 9.506865 8.443278 3.069751 -6.673284 -8.156405 -1.191960
3.791001 -8.645926 -4.895363 2.225304 12.199533 12.542192 21.218777 -7.713006 10.719657 -0.785961
5.333149 -3.516310 -5.471821 -0.373201 12.130838 12.463421 17.720638 -7.531028 6.102119 -0.519846
2.797592 -12.592382 -7.218628 1.054887 11.671310 12.429832 18.098536 -6.254842 9.820184 0.567682
4.247196 5.893839 -16.626675 -5.966011 9.655321 10.421769 4.079010 -3.889241 -10.492824 0.341545
14.967396 8.202318 0.231474 -17.990263 16.224176 14.297973 -2.519701 4.694497 -5.779920 9.923928
0.328160 0.482381 -20.471491 0.285686 8.500856 7.597315 5.562296 -7.302299 -10.175300 -2.317226
0.861169 -0.637214 -17.019222 0.270347 8.234783 9.047070 7.456184 -7.250691 -6.366117 -2.494469
21.898495 -1.131709 21.504982 -20.632271 24.399391 21.399080 11.372771 9.612019 17.225489 19.085703
1.794667 1.477428 -17.319729 0.177680 8.480798 8.854053 5.901968 -6.763083 -7.749322 -1.601533
9.371502 -8.576912 3.454062 -4.097505 15.779866 15.610999 21.461510 -3.925257 13.640826 3.435117
21.968609 3.750091 19.596848 -23.222404 22.732359 20.298151 4.066944 10.770833 10.043412 18.185444
2.063718 0.116560 -17.454510 0.904065 9.712229 9.509856 9.536385 -8.988414 -5.675988 -2.426790
20.295925 2.252782 16.032391 -20.353809 21.128813 18.620501 3.715903 7.686102 8.774943 15.631500
18.714874 5.613084 8.314852 -21.377003 20.392822 17.297182 0.084506 7.525401 1.447230 14.721315
2.323973 0.100756 -16.410704 -0.180459 9.804836 9.709854 8.892564 -8.107227 -5.556601 -2.048962
9.577887 -10.524672 1.851883 -6.356691 16.841219 14.404794 13.483752 -2.133887 9.427308 5.274098
3.405144 -0.023277 -14.587829 -0.963700 9.891298 10.056737 7.810431 -7.151878 -4.974082 -1.273867
11.105827 1.716580 -4.268669 -14.214267 15.330925 12.628966 0.058362 3.072569 -5.113563 7.442227
11.328235 -9.941047 6.381554 -8.037390 17.291573 16.079727 17.548044 0.360616 13.484685 6.505812
1.597038 -1.083017 -16.309380 -1.169376 9.260336 8.667239 4.765319 -5.312243 -6.565153 -0.925764
19.523273 2.344811 11.727921 -20.153625 22.291449 19.585669 6.558520 6.710911 7.859090 15.558047
7.605195 6.872346 -11.274080 -9.103425 10.982247 8.942966 -2.830088 -1.582662 -11.458121 3.299752
11.125106 1.226258 -1.531191 -12.784366 14.612598 12.524576 2.578208 2.128137 -2.618500 6.771521
2.191852 0.594622 -13.875601 0.485973 9.520088 11.204859 15.419800 -8.699216 -0.964062 -2.893481
11.365499 0.765425 -1.584458 -10.523720 15.123713 13.326449 4.491961 -0.499467 -0.333776 5.821896
11.781713 -2.588112 4.349791 -8.718260 16.543982 14.327770 14.144788 -0.943306 8.114495 7.030520
17.995092 0.511465 13.734738 -16.512688 21.183165 18.982012 13.200535 5.275934 12.741307 14.250931
3.204414 3.829442 -18.805206 -1.488777 9.696009 10.037167 5.138870 -7.915780 -9.758500 -1.967742
11.445425 6.979616 -4.688700 -16.017159 14.185708 13.441960 -0.360994 4.246232 -7.678785 7.489976
14.006666 7.213327 -1.687891 -20.997324 16.084684 13.794118 -5.709398 8.528895 -8.670838 10.902513
2.867157 -9.802167 -9.039356 0.740998 10.973129 11.670650 15.644460 -6.748477 6.132132 -0.275597
2.137435 0.405281 -15.937835 -0.243189 8.173746 8.026873 4.948985 -5.585112 -7.309060 -0.105898
8.347369 -2.988803 -2.352654 -7.496183 13.434183 12.340877 9.663978 -1.394962 2.421927 3.857396
23.116854 2.426128 22.277069 -21.781151 23.701227 20.954542 7.247050 8.928058 14.891654 19.638901
8.735261 2.804815 -7.716196 -11.089085 13.449001 11.099414 1.770850 0.338171 -6.515292 5.150905
1.702397 -3.400911 -17.357988 0.573397 10.061202 10.232070 8.071302 -7.088574 -5.041361 -2.066947
2.298128 1.321605 -16.513676 0.567673 9.102842 9.036099 7.270584 -8.046800 -5.709445 -1.711402
4.382193 4.753569 -15.998564 -4.354947 10.046062 9.308831 3.103918 -5.266629 -10.954156 -0.377192
8.906838 2.782638 -5.759418 -10.574960 12.520779 10.136998 -0.046768 0.464600 -5.470836 4.941855
6.647025 -10.711499 -1.391761 -2.921494 14.295725 13.195119 17.243715 -4.313497 10.377230 2.149054
7.614188 1.146050 -9.627646 -5.698282 13.366527 14.322767 11.745020 -5.229198 -1.177940 1.368241
3.153447 2.310895 -17.262234 -2.901268 10.407146 10.408355 8.412296 -6.535999 -7.578259 -1.076469
2.144662 -0.304587 -14.447964 -1.016701 8.508625 8.610373 6.570684 -5.626525 -5.122068 -0.669434
2.334766 2.211003 -16.826565 -0.609913 8.538628 8.334292 4.604522 -6.512393 -7.965472 -1.145119
9.796997 3.255279 -5.884146 -11.452409 13.765296 12.255540 0.997919 0.554574 -6.031333 5.380817
5.044648 -1.680591 -9.808556 -2.089289 11.721578 11.320300 11.555046 -6.366200 0.058023 -0.150645
11.173716 6.580359 -3.581211 -11.712217 13.589895 12.713806 2.524954 0.195091 -5.537735 5.438091
