-3.027451 0.140187 -1.557598 1.464181 -3.769397 -5.576061 4.761415 1.466326 -17.633993 5.633920
-7.224538 1.803293 -6.618823 0.275871 -10.606289 6.347191 -8.445977 8.340004 -7.916758 5.696389
-11.175710 7.974860 -1.688204 -8.882362 -22.462309 1.257449 -25.063225 9.172108 6.242809 -1.731334
-4.844347 -1.458406 -1.506582 -1.072126 -7.753842 -9.996089 -7.427775 5.163533 -8.207788 2.792916
-11.117382 7.223050 -0.934261 -9.195005 -22.465240 -0.257150 -25.543461 9.835334 5.394280 -1.699238
-11.683847 8.717418 -1.021234 -10.052530 -23.800133 0.246298 -27.259558 8.798610 9.662690 -2.453767
-9.630424 6.084102 -1.666586 -7.502887 -18.723846 -1.802026 -21.406864 7.886254 4.538008 -1.978114
-6.112791 1.206012 -4.598262 0.221307 -8.901415 3.559423 -4.964318 7.599935 -11.908950 5.034602
-10.799440 7.449401 -1.059584 -8.773940 -21.644201 -0.710953 -24.485632 7.689043 8.286522 -1.352187
-8.708708 2.707572 -3.223077 -4.758180 -15.734651 -3.345574 -16.919434 8.785111 -3.520667 0.751648
-4.229391 -3.576134 -9.194359 3.104142 -1.116886 -0.596845 4.133060 5.950689 -16.455091 8.471147
-3.670460 -0.432716 -0.507412 1.707929 -5.037651 -4.802195 4.624400 0.337580 -17.902365 7.426298
-6.850017 1.524384 -5.805715 0.634146 -9.277716 5.097524 -5.392972 8.399920 -12.312504 5.975091
-10.993195 8.190295 -0.850238 -9.158251 -21.750547 -0.088516 -25.494175 8.611228 7.807486 -2.494962
-6.923415 0.778315 -6.923944 0.863119 -9.236157 6.628068 -6.012976 10.666852 -12.681696 6.875192
-6.642293 1.157942 -7.739386 1.555045 -7.755883 7.923693 -5.239496 11.029813 -14.107221 5.481196
-10.307592 7.134730 -1.560838 -8.450397 -20.216553 -0.342349 -23.474300 8.504616 6.064240 -2.681738
-10.958241 7.357741 -1.123558 -8.933912 -22.144627 -1.061801 -24.919802 7.978193 7.790074 -1.519373
-11.001324 7.226822 -0.887561 -8.918862 -22.136003 -0.473883 -25.050571 8.392899 7.389322 -1.179232
-2.607387 0.752727 0.505369 0.727977 -6.201836 -6.261566 5.589840 0.029616 -22.875504 4.820615
-8.475075 2.853221 -3.787103 -4.164393 -15.149068 -1.074526 -15.774672 9.965981 -7.206631 0.567871
-8.752466 3.017730 -3.627011 -4.446038 -15.530620 -1.152469 -16.897629 9.359270 -5.098872 0.540351
-11.375525 7.955324 -1.307698 -9.449028 -23.014977 -0.202967 -26.201870 9.193978 7.168658 -2.248962
-3.545263 -0.172109 0.603601 0.665524 -4.880410 -6.551473 4.710163 0.839315 -17.221796 5.977184
-3.339977 0.105984 -1.877962 0.858159 -5.239754 -4.545290 3.612018 2.085218 -19.139544 5.210839
-11.330833 7.650177 -1.360697 -8.973450 -21.769768 1.341074 -24.881239 8.624803 7.750787 -1.478611
-9.768898 4.253831 -2.038958 -6.451644 -18.196604 -2.414277 -20.176250 8.922194 -0.781628 -0.105948
-4.005214 -18.114256 -36.821854 0.837101 18.038845 -21.768160 0.923965 31.421761 -15.268270 -5.958829
-8.512714 4.474094 -2.637288 -5.690412 -15.932562 -2.335386 -18.617786 8.495888 -0.824337 -1.469029
-12.030568 9.034282 -0.961261 -10.418135 -24.521009 0.316022 -27.993361 8.730876 10.761543 -2.340501
-6.827424 0.417607 -6.197629 -0.021175 -10.813234 3.509885 -7.524239 9.391635 -12.933843 6.739000
-10.350703 5.718374 -1.941762 -7.590836 -20.633652 -0.436021 -22.733248 10.076240 1.366513 -1.112217
-11.738726 8.725756 -0.649819 -10.219027 -23.534599 0.040610 -27.631905 9.110801 9.405914 -2.935345
-11.249563 7.892837 -0.821821 -9.408842 -22.902618 -0.909805 -26.073837 7.963805 9.089310 -1.435046
-8.286745 3.450173 -0.604741 -4.919849 -15.440990 -5.149366 -16.171938 3.347795 6.525961 1.419500
-9.222452 3.875644 -3.018427 -4.076432 -15.746781 3.641996 -16.126034 9.020522 -1.971858 2.332728
-6.503892 -0.609535 0.301595 -0.626269 -9.541580 -5.406179 -6.262259 1.142827 -4.996971 6.255159
-3.367493 1.142810 0.987422 0.857893 -5.036788 -7.648461 4.248090 1.179244 -18.886036 4.066283
-5.153689 -0.443027 -4.146223 1.605666 -5.642870 2.709526 -0.328244 5.113344 -13.801868 8.017458
-11.671999 8.761703 -0.957696 -10.114115 -23.457743 0.299185 -27.340265 8.977401 9.570677 -2.715930
-8.760532 3.575946 -2.756045 -5.260461 -15.352140 -3.311473 -16.996672 7.728030 -2.272144 -0.251322
-6.465488 -1.399497 -2.162992 0.220193 -7.926714 -6.992891 -6.602111 3.407994 -3.311605 6.696305
-8.278192 1.263710 -5.270914 -1.599527 -12.313652 3.829561 -11.409453 12.138270 -8.997557 4.909991
-6.625129 0.025944 -8.557294 0.387273 -8.890096 5.313216 -7.138314 10.394584 -10.713435 5.560277
-9.379898 3.568214 -3.030502 -6.081546 -16.719650 -3.099922 -19.088963 8.954508 -0.250446 -0.667091
-10.520498 7.628459 -2.037577 -8.278221 -20.885437 0.880701 -23.769135 9.063149 4.575575 -2.163266
-11.247540 8.551826 -1.241017 -9.758932 -23.238115 -0.259014 -26.730743 8.773746 9.005163 -2.674794
-5.634173 0.499536 0.958374 -0.283146 -4.714773 -7.036479 -5.095899 2.909108 -3.902542 4.932789
-8.339208 4.723969 -1.028184 -5.719565 -16.114906 -2.100565 -18.016039 7.613792 -0.581808 -1.011607
-7.211914 1.115348 -6.754895 0.349065 -9.919991 7.221306 -7.348500 10.662166 -11.210164 5.700891
-11.944519 9.132592 -0.922722 -10.539923 -24.711370 0.468284 -28.446022 8.874174 10.859161 -2.553237
-5.392081 0.270117 -4.455742 1.704170 -5.599797 3.970091 0.012161 6.313797 -15.667385 8.154397
-10.969791 6.968927 -2.196513 -8.623047 -21.435532 -1.725982 -24.671532 9.080542 4.774282 -2.208976
-8.275719 2.274417 -0.373208 -4.479880 -14.075747 -5.531082 -16.129299 6.082553 -0.909860 1.392223
-6.476667 -0.435731 -1.964623 -1.055380 -9.023800 -6.606996 -7.563784 3.077342 -3.435814 5.459103
-7.166071 0.935503 -6.316586 0.828849 -9.570246 8.246414 -5.534569 10.902635 -12.734573 7.636301
-5.273587 -0.225926 -1.215042 -0.833903 -8.648739 -8.562188 -7.161304 2.392589 -6.324054 4.040424
-6.082138 0.221123 -6.170777 1.532670 -7.263034 4.807053 -3.670501 7.010889 -11.729403 6.890180
-5.584404 -0.323752 -2.730806 -0.250292 -8.322731 -4.164010 -6.487200 4.547628 -6.663422 5.484352
-9.911390 5.824953 -2.678425 -6.853577 -18.927944 0.191030 -20.559519 8.449615 2.554583 -1.017116
-9.196377 5.514553 -0.152568 -6.830185 -17.541458 -3.715288 -19.832188 5.662202 5.952087 -0.912655
-10.299067 7.557149 -0.879791 -8.607623 -20.264109 -0.819493 -23.865505 7.712200 7.635740 -2.449492
-11.927137 9.322200 -0.812414 -10.444122 -23.877399 1.053104 -27.842800 8.811840 10.748896 -2.928722
-11.066434 7.414299 -1.024097 -8.993056 -22.491638 0.150738 -25.332479 9.047061 6.495286 -1.513264
-10.845171 7.276119 -1.497419 -8.705050 -21.300632 -0.016565 -24.236277 8.728119 6.368127 -1.873498
-11.695012 8.835479 -1.371974 -9.865679 -23.355295 0.615921 -26.902485 8.503422 10.464103 -2.333651
-3.213313 0.097026 -0.108108 1.204751 -4.478049 -4.844892 4.753968 1.453713 -17.694998 5.457599
-10.246726 7.045478 -1.697176 -7.213616 -19.472042 1.385775 -21.982029 7.816511 5.836688 -0.603549
