10.264129 25.712355 -31.209961 -8.236978 -31.259394 -16.765585 -24.696306 32.696136 -2.674615 -18.753565
12.452750 20.385042 -27.369232 -3.648849 -26.315718 -12.860482 -21.881777 29.046404 -3.440691 -14.089104
9.263947 25.291506 -29.736816 -8.187513 -30.325731 -17.111519 -24.591148 30.688925 -1.161017 -18.608313
11.640016 21.218683 -29.833437 -4.157263 -27.275064 -13.236312 -22.669418 30.215382 -4.447355 -15.036102
9.523623 20.602602 -28.801060 -3.260394 -25.929998 -14.162939 -23.117033 26.500492 -2.228555 -14.961509
12.909433 8.830261 -19.878277 9.427671 -12.930548 -6.180834 -16.786793 15.313484 -1.242746 -3.097658
6.768209 3.975188 -12.064326 15.090222 -3.290312 -6.879914 -15.438272 -2.223593 6.206794 1.054303
9.243268 8.179543 -16.647293 10.259348 -10.176440 -7.910611 -17.303015 6.862387 3.487678 -3.512375
12.450671 12.040550 -23.699738 6.060140 -16.304394 -7.849103 -18.311979 18.233337 -2.443611 -6.378623
10.690392 5.574513 -15.774989 14.685552 -7.365285 -6.311004 -16.749008 5.961828 3.185260 0.501408
7.722837 3.918268 -11.718799 16.039801 -3.900990 -6.925732 -15.677851 -0.983638 6.174137 1.669882
11.644768 12.392811 -23.098999 6.273375 -16.375246 -8.186797 -18.652826 16.510143 -1.630548 -6.746774
12.889068 20.182680 -28.688324 -2.937747 -26.074320 -11.765352 -20.828279 28.706562 -4.989612 -13.770029
9.282127 4.203168 -13.123967 15.860413 -5.549506 -6.578960 -16.020622 2.609058 5.053444 1.727750
10.816324 22.631094 -30.589668 -5.499780 -28.677639 -14.268911 -23.386759 30.552816 -3.872020 -16.424990
6.791241 3.796036 -11.148034 15.299977 -3.188597 -6.902216 -14.972303 -2.254325 6.375419 1.456645
13.906973 10.076140 -19.732893 7.735589 -14.758260 -6.871379 -16.987772 17.094454 -1.467304 -4.531627
11.901919 8.013907 -19.788044 11.943082 -11.003648 -6.461657 -17.569002 12.227870 0.482350 -1.747975
9.152518 25.385225 -29.457062 -7.737499 -30.265448 -17.415197 -24.542410 29.518917 -0.938504 -18.587254
8.365268 5.169456 -13.741412 13.923394 -6.308326 -7.199855 -16.137419 2.646826 5.540099 -0.271183
11.160609 25.432055 -32.247688 -8.465081 -31.461695 -15.609124 -24.192244 34.258617 -4.462011 -18.445921
7.255363 4.332322 -12.911094 14.627669 -4.112513 -6.897354 -15.733329 -1.045634 5.892110 0.321062
12.340571 7.548831 -15.476859 10.206981 -10.729821 -6.075218 -15.040354 11.142566 1.550690 -1.555055
8.774947 3.855771 -12.720249 15.505587 -4.951403 -6.225927 -15.516625 2.654535 4.582607 2.157102
7.543687 3.699897 -11.966359 15.820284 -3.735999 -6.706722 -15.472535 -0.876843 6.040717 1.754068
12.490252 22.282963 -30.142666 -5.331101 -28.366129 -13.508879 -22.544159 31.760965 -4.762500 -15.551647
14.510574 18.318613 -27.138285 -1.888457 -24.707464 -10.488958 -20.035009 30.168358 -5.367159 -11.921941
12.754853 21.618052 -29.231236 -5.192490 -28.005560 -12.788930 -21.812061 32.278923 -4.955663 -15.043180
11.541685 24.528978 -28.909487 -6.911883 -30.048565 -16.099827 -23.884218 31.674915 -2.138515 -17.410551
13.989329 13.775061 -24.652081 3.742063 -19.273245 -7.862651 -18.629086 23.439274 -4.664954 -8.090219
8.431457 24.102386 -31.401211 -7.220870 -29.424177 -15.820256 -24.298220 29.760729 -2.710695 -18.039867
12.152054 11.534994 -23.077042 6.847156 -15.936212 -7.544551 -18.400618 17.782059 -2.161358 -6.368894
7.168460 3.648826 -11.793666 15.546939 -3.492550 -6.688172 -15.185081 -1.267448 6.051769 1.860623
9.544698 26.362867 -31.855145 -8.912501 -31.773479 -17.278654 -24.865852 32.277206 -2.429417 -19.398214
8.016144 25.845512 -30.994812 -8.698316 -30.886240 -17.594292 -25.150461 30.948017 -1.398024 -19.300852
12.238643 12.314066 -23.857204 5.488037 -16.666998 -7.377647 -17.794706 18.891724 -3.046097 -6.689320
9.752892 24.071089 -27.364368 -6.788948 -29.075108 -17.086510 -23.982986 28.586561 -0.026131 -17.400339
9.591039 4.401646 -12.944964 14.042174 -6.298549 -5.707238 -14.938162 5.160635 3.540162 1.689914
6.782185 3.717115 -11.658066 15.250735 -3.227515 -6.682650 -14.988466 -1.994507 6.180304 1.520150
8.117634 3.824719 -12.279050 15.292235 -4.536602 -6.437000 -15.293240 1.115792 5.361093 1.796087
12.132186 20.907995 -29.246220 -4.360226 -27.117388 -12.682022 -21.987989 30.717888 -4.761480 -14.590990
6.680964 3.802346 -11.551141 15.194523 -3.280292 -6.876483 -15.153131 -2.301260 6.350964 1.165508
12.540664 19.842745 -27.813601 -2.425637 -25.530958 -12.712449 -21.696285 27.761211 -3.910551 -13.471961
8.915923 4.107944 -12.966887 16.159235 -4.892299 -6.702378 -16.102474 1.355971 5.398547 1.866078
6.962663 3.951647 -12.444082 15.035028 -3.594877 -6.902382 -15.453526 -1.795969 6.108414 0.985881
8.007062 4.713298 -13.876861 14.467608 -5.409132 -6.652630 -16.241955 1.572909 4.802270 0.500795
9.846448 4.201185 -12.737291 15.281647 -6.109592 -6.087125 -15.500887 4.319244 4.376484 1.805271
9.531835 8.578795 -17.060444 9.924464 -11.058600 -8.093163 -17.458048 8.054214 3.426485 -3.874272
8.367339 4.140012 -12.220415 16.025484 -4.524265 -6.885451 -15.769670 0.497786 5.830571 1.901495
10.820529 7.015356 -18.279167 12.647427 -9.534216 -7.119308 -17.907690 9.317207 2.384862 -1.584233
5.954525 7.174280 -15.844674 10.374476 -7.352249 -7.523438 -16.999041 2.281290 5.317722 -3.635435
11.618176 21.591227 -30.360882 -4.988243 -28.072989 -12.799493 -22.497866 31.448130 -5.100553 -15.365033
9.073476 5.153267 -15.584613 14.953184 -6.350810 -6.795513 -17.243889 3.410643 4.497688 0.071069
11.978705 14.131584 -23.530870 3.541520 -19.288267 -9.813133 -19.495073 19.656582 -1.673797 -8.823218
10.959720 21.932320 -29.681355 -5.010317 -27.733841 -13.880611 -22.892941 30.157528 -3.638563 -15.705151
7.533300 19.804325 -27.508690 -3.444731 -24.570383 -13.926029 -23.328402 24.839190 -1.167718 -14.739017
9.009586 4.208403 -12.652233 16.003092 -4.817803 -6.832307 -15.934173 1.399217 5.465461 1.896886
11.724714 10.332428 -21.003523 7.031644 -14.277819 -7.102670 -16.880518 16.070932 -1.023553 -4.839482
8.334034 21.120636 -28.533997 -4.037489 -26.063684 -14.612862 -23.290789 25.795155 -1.648976 -15.598291
7.645512 4.676604 -13.724307 14.776047 -5.237860 -6.982693 -16.374929 0.727399 5.831150 -0.127372
8.651143 4.102921 -12.374486 15.457419 -5.065416 -6.764917 -15.723372 1.833583 5.467806 1.836102
8.768020 3.987395 -12.627881 16.320377 -4.688496 -6.647047 -16.003378 1.278137 5.252648 2.100005
14.132262 17.137423 -25.361620 -0.628181 -23.293726 -10.182755 -19.887278 27.713806 -4.389861 -11.140777
7.202469 3.737517 -11.971143 15.650426 -3.519080 -6.590720 -15.366831 -1.215291 5.876096 1.587070
10.971631 6.403389 -16.330141 13.394116 -8.569800 -6.593895 -16.952536 7.175482 2.927386 -0.566058
5.805020 18.280077 -27.659494 -2.419097 -22.621115 -12.673679 -22.144958 21.645889 -1.491484 -13.815721
8.679008 4.099817 -12.671319 16.134825 -4.849852 -6.710913 -15.920800 1.360440 5.495172 1.980116
7.370474 3.673386 -12.143175 15.668457 -3.683757 -6.688499 -15.432011 -0.845460 6.007441 1.691124
9.068955 4.371830 -12.904265 16.287188 -5.061600 -6.831314 -16.219187 1.561442 5.554152 1.703639
10.556104 4.531563 -13.282237 15.557582 -6.332043 -6.247482 -15.805042 4.570149 4.264193 1.769626
12.133590 8.198343 -20.612110 10.457169 -11.593877 -5.574307 -16.833838 14.281972 -1.222029 -2.032732
10.867480 23.971764 -30.708895 -6.693326 -29.686811 -15.243549 -23.643826 31.478952 -3.557023 -17.280542
