0.575658 0.212694 -2.128369 0.201802 -0.583660 0.512102 -0.231857 1.541422 0.762159 -1.964244
1.252425 1.165522 -2.891392 -1.195401 0.497027 0.329764 0.790255 2.589967 2.615116 -2.604790
-0.356217 1.188256 -2.499214 1.509717 -0.946271 -0.899456 2.098209 0.621141 1.799984 -1.328782
1.755831 -0.497021 -2.989363 -1.449769 0.342438 1.817456 -1.327160 2.993087 1.602409 -2.867450
1.417372 -0.901406 -3.738994 -0.334175 -0.618675 1.902286 -0.546694 2.437984 1.968628 -2.885604
2.666889 2.426344 -3.468211 -4.272556 2.497312 0.280703 0.870798 4.358407 4.980342 -3.093647
7.324333 -13.078154 -13.012541 -2.918297 -0.123073 5.193745 -6.152225 1.168000 16.036377 -5.068526
2.875232 -1.873912 -4.281848 -2.593536 0.454778 1.682451 -3.398097 3.014168 5.157195 -3.617410
3.391948 -1.486808 -3.743895 -3.207497 1.305586 2.129198 -4.216319 4.343754 3.932916 -3.656421
4.411219 -0.529282 -5.042104 -5.055285 4.060266 0.777577 -3.464185 4.840462 8.294623 -3.767718
9.321150 -7.909430 -10.510253 -14.190858 3.374124 6.660107 -4.930256 2.862918 24.024443 -5.378047
3.366818 -0.373346 -3.219536 -3.814504 3.140216 0.477103 -4.281706 4.129232 5.198514 -3.081706
1.744375 1.131347 -1.554081 -2.214079 3.149316 -1.399357 -3.322479 2.990855 3.412690 -1.524287
6.899843 -4.182518 -6.135661 -8.062806 3.669763 4.411651 -5.076894 6.847103 10.018438 -5.891672
1.402074 -0.479448 -2.731371 -0.584233 -0.423597 1.477372 -1.532902 2.707854 0.800313 -2.668016
9.527220 -15.599699 -15.731507 -6.941723 -4.179023 11.924401 -5.608316 2.995987 18.631458 -8.568703
2.138364 3.433107 -1.638304 -5.421632 3.437577 -0.651391 -0.055526 3.826097 5.212339 -2.270508
4.396184 -1.056425 -3.756946 -5.335989 4.001890 1.843775 -4.827473 5.637155 5.368745 -3.960933
-0.112237 0.921094 -2.415488 1.281992 -0.339968 -1.321631 0.725897 0.792754 2.553765 -0.826643
4.850179 -3.639706 -7.062153 -4.538174 0.610964 4.572736 -3.004199 5.204280 7.953526 -5.237926
0.932414 0.578144 -1.049219 -0.809990 0.452317 0.341218 -1.650273 2.291692 -0.138519 -1.900477
5.845539 -7.415426 -10.123274 -2.228074 -0.531778 6.457673 -4.722863 4.821238 8.176327 -5.061833
1.336770 5.496398 -2.385901 -4.501934 4.513518 -4.066490 3.227914 2.281468 8.258465 -1.564324
10.776085 -5.360798 -4.180527 -12.337760 7.914531 2.876378 -8.554311 6.886183 13.447960 -6.545548
10.156851 -10.189262 -12.423513 -8.971145 4.369781 5.418252 -6.767523 4.220584 20.256018 -6.724236
1.102273 0.361302 -2.028044 -1.023706 0.139799 1.146498 -1.004630 2.684463 0.566646 -2.425720
1.674189 1.284323 -1.256986 -3.958660 1.439520 1.771373 -0.646249 3.825862 1.215614 -2.953431
1.639525 -0.123141 -1.532120 -2.538995 0.358909 1.718141 -1.464023 3.135998 0.269772 -3.141705
0.430048 1.544717 -2.085185 -0.750170 -0.085412 -0.304308 1.763413 1.541663 1.835445 -2.336831
3.001906 0.499768 -2.996269 -4.203152 3.504584 0.652020 -3.113173 4.663494 4.360628 -3.005302
1.261139 -0.454014 -2.811172 0.477598 -0.137742 0.667833 -1.961167 1.961930 1.991478 -1.556799
3.905770 -1.699899 -4.882666 -3.725038 2.402814 2.087953 -4.256285 5.038595 5.582234 -4.175745
11.061794 -16.333586 -14.633677 -11.877006 -1.938395 11.850268 -8.414622 3.995921 23.254091 -8.794006
0.259509 0.418797 -1.390896 0.922482 -1.057888 0.065043 -1.067337 1.315351 -0.360644 -1.236581
0.514813 -0.711601 -2.558661 1.657411 -1.515669 0.568917 -1.327315 1.459659 0.305870 -1.535730
3.865353 -1.247507 -2.762630 -4.804342 2.598779 2.070620 -5.351028 4.951196 4.037376 -3.672468
-0.198091 1.438705 -2.508226 0.489839 -0.712208 -0.742536 2.605668 0.820174 2.172070 -1.877286
7.895526 -2.550370 -3.910674 -8.931893 8.328999 -1.237829 -6.537325 6.010046 10.289874 -4.751372
11.997849 -18.377079 -15.945251 -6.219960 -0.239542 10.930625 -10.790677 4.577346 17.783846 -8.690269
8.729064 -8.318827 -8.324203 -8.742696 1.297253 7.385763 -7.470750 7.437122 11.594619 -8.429506
2.218918 -0.422505 -1.837853 -2.807257 1.218927 1.396621 -2.944943 3.464005 1.402093 -3.116814
8.571181 -12.876537 -12.844336 -5.308901 -2.242874 10.559534 -6.684153 5.736250 11.840305 -8.018607
2.055172 0.307757 -3.096156 -1.939149 1.287639 0.823785 -1.225689 3.319875 2.972941 -2.895010
8.104033 -3.893387 -8.499347 -9.518065 5.149453 3.123247 -4.805148 5.928927 15.685188 -6.084465
9.173744 -12.195368 -12.423932 -3.433877 2.598316 4.932706 -10.620852 3.552890 14.970369 -4.869781
6.041122 -0.130767 -3.418745 -10.820739 5.268180 1.880937 -3.432387 6.602355 10.745354 -4.976374
3.614518 -3.220699 -5.836192 -2.434042 1.220873 1.491787 -3.516962 3.358765 6.935464 -3.868343
13.525175 -13.675985 -9.747528 -14.399085 6.068433 8.998432 -11.872415 4.982873 23.007692 -7.726675
3.957038 -2.230309 -5.025838 -3.853121 1.239672 3.687036 -2.661290 5.197830 4.458541 -4.804993
4.564504 -8.526192 -9.210699 1.548619 -2.629733 5.125548 -5.368996 3.666054 4.107811 -4.119966
1.709957 -0.192426 -2.180144 -1.913767 0.558065 1.488966 -2.274296 3.316241 0.707061 -2.643466
5.585892 -3.988378 -6.512377 -5.364408 0.945243 5.976740 -4.543770 6.053558 6.910225 -5.531234
2.247014 -1.501048 -3.837861 -0.976276 0.245622 0.559509 -3.210548 2.997624 3.655425 -2.958475
1.119395 0.002255 -3.104943 -0.400218 -0.221198 1.262478 -0.444468 2.557091 1.593532 -2.537527
2.339782 -2.397013 -4.382684 -0.260378 -0.767020 2.160592 -2.546277 3.178903 2.468708 -3.425379
10.493763 -3.657957 -6.509048 -19.948906 8.289531 4.550157 -4.961345 4.386636 27.213923 -4.345977
3.720327 -1.803739 -2.769519 -4.340984 2.162892 1.837916 -4.333359 4.988517 2.744581 -4.502501
2.621964 -2.376376 -3.933208 -1.161235 -0.063575 1.989470 -3.700793 3.368050 2.532894 -3.266677
5.439553 -4.869013 -7.317410 -4.524176 0.162272 6.756205 -3.803345 5.962069 6.419848 -5.560757
4.876102 -3.910299 -7.013101 -5.477906 1.059502 2.177719 -3.431967 4.250542 10.850096 -5.853886
9.783232 -3.163591 -3.141586 -13.250974 11.359523 -0.005029 -8.477864 4.330976 18.277914 -3.674072
1.565888 2.068179 -2.193375 -3.221903 1.024497 0.512772 0.921419 3.536386 2.501083 -3.137642
9.440508 -8.733867 -10.742789 -6.721419 5.889775 2.759495 -6.797420 3.300486 16.978186 -5.647732
3.961694 0.046996 -4.879933 -4.464257 4.287002 0.060525 -2.765838 4.551230 7.853025 -3.379864
1.944355 -2.429815 -4.541979 1.169238 -1.247211 1.720735 -2.943517 2.802221 2.407379 -2.233479
7.998487 -4.643407 -6.578873 -9.365659 3.997688 5.778947 -4.805683 7.644928 10.696914 -6.495150
9.859720 -9.606446 -11.454954 -8.213667 3.684129 6.320329 -8.103834 5.287748 17.232521 -6.763945
5.163041 -0.753247 -4.872097 -8.664579 2.357533 4.056970 -2.495012 5.283235 10.532844 -4.135398
4.041992 3.463659 -3.651697 -8.819682 5.452760 -0.610459 0.706505 4.657667 10.977818 -3.079673
4.094555 2.247741 -0.190480 -7.838451 6.181623 0.277717 -5.926110 5.561965 6.046325 -1.577768
1.224378 -0.407272 -1.977066 -0.648636 -0.249585 1.109123 -2.257728 2.302738 0.459606 -2.103566
