2.329169 2.473039 -4.393544 13.705642 -2.372899 4.060894 7.826679 6.784720 1.251876 4.880666
2.505012 1.746715 -3.134592 8.157002 -2.078768 9.435051 9.169424 11.518179 -0.429214 7.706278
-2.413687 -4.860625 8.599561 25.501358 -11.181664 22.655634 2.917356 29.092491 -6.570184 11.466158
-1.913568 -8.937892 -0.194467 12.378816 0.393987 25.541809 9.317907 25.213831 -6.758337 15.989486
2.992445 3.935883 -6.347841 13.450717 -0.701591 0.867741 7.356308 2.858620 3.976371 0.099683
6.314517 10.183722 -10.699752 10.077207 -1.331837 -5.343410 8.970408 1.948475 6.885618 -0.681194
6.796165 7.697058 -11.855733 8.323279 0.654370 -7.746999 5.442792 -2.114360 5.278093 -1.688751
2.326377 1.786814 -5.651679 9.354338 2.601897 6.466853 7.871867 4.914632 2.264126 2.392311
5.663774 5.788345 -10.071483 5.431162 2.268989 -4.809357 4.783342 -2.599856 4.259841 -1.534837
-0.661143 -8.482614 -7.107798 19.190481 -4.384737 7.766738 5.894484 7.729370 -7.614808 13.118867
2.989638 0.338772 -9.796204 10.416509 2.931210 2.169154 8.017633 -0.005990 2.451383 2.821149
2.884057 -0.515711 -10.064904 7.412688 2.971757 3.105855 8.541796 0.813079 1.292752 3.685725
1.329975 2.293381 -4.697604 13.205306 -2.559998 4.060743 8.368556 6.258513 1.252660 3.561149
5.294716 6.284507 -5.196287 0.256535 12.071500 4.816132 5.465342 -0.141891 5.980704 -1.450874
6.171566 9.552017 -6.376034 2.855943 8.852263 2.509538 6.814606 0.923392 7.648933 -2.730413
3.302289 -1.001851 -11.303012 4.633121 4.078683 1.680566 7.482956 -1.178566 0.700926 5.558792
2.523122 -10.221766 -14.545257 3.530791 10.958773 14.285240 12.191658 6.389899 -5.027370 16.176826
7.828371 12.511327 -9.898196 5.689065 -1.474304 -9.054605 6.046943 -0.737424 6.976829 -3.433836
-2.381055 -5.629410 6.455311 26.776651 -11.929984 19.499701 2.785434 26.168903 -7.372248 11.564797
1.352788 -3.758373 -10.256537 16.552382 -2.890894 1.637639 6.730455 1.559041 -2.253007 7.156202
1.659706 1.371672 -7.177213 13.358988 -6.576864 2.671630 8.224315 7.898389 -1.626623 10.010848
3.766285 1.961618 -13.388051 10.860114 -3.238015 -2.939349 8.800272 0.938545 1.079352 5.795425
4.422551 9.770399 -3.657300 16.055628 2.013451 -2.131532 4.738874 -0.348202 9.891301 -9.545549
8.106649 9.942985 -6.713171 3.319006 13.439326 2.120880 6.359218 -0.967191 9.340850 -4.913726
5.376265 -3.504803 -17.524916 -2.100116 11.356235 3.250264 10.879993 -2.124510 0.018829 9.328080
3.502967 -2.726567 -14.341441 5.036870 2.641337 0.496596 7.096232 -2.160352 -1.079402 8.192337
6.933435 0.409336 -17.848919 -4.579559 16.516907 2.616260 14.337867 0.531254 3.149291 6.388410
5.990134 11.931003 -7.812978 10.947992 -4.544561 -5.998198 7.373325 2.432297 7.054183 -2.690370
1.168406 1.596669 -4.884978 20.794874 -6.332216 1.809027 6.392734 7.166012 0.101852 3.645229
7.691734 11.350244 -8.937280 3.542003 8.251276 -2.013330 6.884146 -0.826318 8.710742 -3.771999
6.471745 9.104484 -10.264562 3.541656 8.062418 -1.209351 8.424767 -0.203451 7.901944 -2.565197
-2.016040 -15.580032 -7.002239 15.158170 -4.903053 19.619221 6.674775 20.580276 -15.104961 28.879015
11.596772 9.737235 -13.761992 2.748131 8.534082 -10.869851 4.408764 -4.557903 7.046207 -1.360822
2.178890 -6.796550 -13.524528 5.807255 2.600199 6.107052 8.489265 2.399798 -4.937487 14.743852
-1.096398 -5.163244 -1.740037 24.444616 -13.618981 8.735536 1.957741 16.003370 -9.171359 13.403733
5.595150 4.662480 -12.258584 4.346197 6.107387 -2.257601 7.414451 -3.026840 5.365462 -0.305361
-1.450978 -6.237570 -1.231645 24.867147 -9.047400 9.797178 2.222808 13.444979 -7.280608 9.087922
-0.515751 -1.965689 -1.592763 21.853588 -5.933252 8.571108 6.477278 13.345408 -3.262419 8.941900
5.653709 5.271643 -12.668395 5.453591 5.980131 -2.501597 7.894855 -2.490228 5.572765 0.310019
1.693789 -6.016081 -7.545013 6.712138 10.616502 13.117353 9.408815 3.464263 0.054703 5.695614
4.289436 2.961909 -9.373494 6.630279 4.898154 -0.138348 6.417318 -1.932618 4.546025 -1.335096
1.787963 2.563238 -4.100724 11.679288 1.389247 6.422037 9.878687 7.280031 2.668580 1.964774
-0.136223 -7.966506 -9.662961 5.636343 3.544132 11.872921 10.640461 7.644012 -4.908775 12.001994
8.011987 10.869324 -4.155938 0.682409 16.417736 5.414403 6.284553 0.995253 9.822734 -5.094440
0.108305 -5.330195 -6.993482 18.067720 -6.393007 9.483051 8.923510 14.186342 -6.924424 18.968975
3.285789 7.157948 -5.055753 15.437398 -1.772714 -4.019020 3.804816 -1.095098 6.373065 -5.192354
0.812149 -0.289345 -4.096375 12.356590 0.375844 7.055747 6.913291 6.000652 0.407676 2.774452
5.001555 4.253493 -12.796824 4.675446 -0.538215 -2.629646 9.086601 1.152588 1.893642 7.028325
1.281369 -3.966195 -7.353303 13.293914 0.564745 4.907290 6.994333 2.531377 -1.377809 5.221090
0.540536 -4.736019 -8.082051 10.338355 -0.844480 7.265661 6.907337 6.685949 -5.238158 13.775594
0.100874 -9.132827 -8.700029 12.434071 -5.714284 12.163803 6.628567 15.219999 -11.331670 26.087761
6.597094 6.924056 -13.327123 11.040614 2.419563 -5.909220 7.142773 -2.440701 6.608151 -2.433618
2.419137 5.724507 -4.122428 15.826198 -5.030883 3.092403 7.990447 9.365364 2.893801 0.649029
1.763573 7.750899 3.546173 20.366997 -5.833978 8.459715 5.750311 14.535890 4.621301 -4.377709
7.901786 2.752028 -17.608324 -1.231682 13.185672 -0.855689 12.970893 -0.899625 3.909444 4.455626
12.426827 11.033112 -10.541908 0.881993 12.974348 -7.442546 3.919021 -4.045915 8.210235 -3.068772
2.109521 -1.177432 -7.187287 9.834340 0.782963 5.486817 8.001953 4.090334 -0.621278 6.487803
-2.051533 -15.100142 -5.140049 22.839355 -9.217689 13.968427 2.069196 15.756858 -15.797776 24.095163
2.081755 3.035852 -4.595461 11.910432 0.219580 4.203417 8.658577 5.280205 3.016753 2.123057
7.585592 6.245258 -10.881199 -1.262293 19.675581 6.859276 11.156460 0.787153 8.020599 -0.470416
7.702384 6.276581 -11.627486 3.939888 6.615353 -4.493304 5.507704 -2.941895 4.759521 0.077097
3.744730 5.074120 -7.504397 12.687964 -0.160498 -0.911201 6.249749 0.388225 5.016054 -1.601467
2.066093 2.089317 -3.210249 9.534251 2.747919 5.918967 6.987902 4.359510 2.410877 0.311324
2.521438 -2.132470 -7.757975 5.903822 5.478643 7.863137 8.948560 3.776179 -0.199816 6.931665
2.886742 -0.267680 -9.919092 12.494399 -1.956225 1.947509 8.527752 3.628544 0.051534 7.065462
4.192570 5.627007 -8.554821 9.428491 0.076056 0.157340 9.283713 3.904933 4.426893 3.291709
8.992982 7.780880 -13.739590 1.696487 10.049671 -3.690454 8.689168 -0.413511 6.358896 1.725936
10.513915 10.592324 -12.630624 5.753227 5.918846 -9.639131 5.154094 -3.339001 7.812606 -3.095087
2.631496 1.551921 -6.920452 12.827540 1.074179 3.345967 7.869573 2.920528 2.901668 2.255256
2.976272 -0.221879 -9.440295 7.535916 2.820352 2.905228 7.935678 1.113301 1.272792 4.522609
2.550135 0.789147 -10.055461 15.719649 -4.983570 -1.594277 6.155275 1.445820 0.210935 4.886164
