9.730907 -1.061170 -1.563921 -0.170663 12.170468 -7.762838 -1.126204 1.504446 5.398438 -6.216181
5.354148 1.352150 3.104570 -6.984601 24.400303 -2.384651 1.630615 16.246737 2.472939 -13.912228
2.231725 3.358412 6.961146 -10.775949 30.265471 1.291676 3.977463 24.387102 0.399172 -17.933296
7.557435 0.448849 1.478186 -3.028383 17.945808 -5.028101 -1.199869 8.861911 3.018652 -10.209950
3.436848 2.908730 6.081953 -9.496576 28.856455 -0.171682 2.439574 21.820784 0.807073 -16.692776
0.282630 4.074132 8.491059 -12.523447 32.602570 3.361738 4.516648 28.088194 -0.859514 -19.503176
4.124710 2.737261 5.150112 -8.604044 27.779169 -1.019223 2.201986 20.240393 1.597765 -15.646500
6.886819 0.960863 2.362560 -4.757196 20.680016 -4.312916 1.334050 12.004766 3.697603 -11.742933
1.921021 3.394496 6.688208 -10.198472 28.926178 1.428746 3.140455 23.288366 0.249952 -16.912491
4.019614 2.607566 5.360036 -8.859241 27.487360 -0.707399 2.685857 20.274588 1.492705 -15.852197
9.086516 -0.893281 -1.302366 -0.383805 11.298437 -6.964527 -1.705292 1.771102 4.307610 -5.465580
7.042493 -0.647102 -0.229363 0.024403 8.608925 -5.271369 0.047898 2.547901 3.494311 -4.576723
6.513118 1.394045 2.741314 -6.082457 22.900761 -3.617272 1.605922 14.121268 3.058695 -13.183162
3.399088 3.315304 5.668752 -9.139932 28.365208 -0.003407 3.418166 21.596579 1.493690 -16.039673
7.148061 0.628253 2.257677 -5.516304 22.599943 -4.786611 -0.438609 13.123683 3.015644 -12.530825
8.014245 0.157679 0.437900 -3.616845 19.090181 -5.948687 0.035586 9.391103 4.318778 -10.330503
0.646087 3.989548 7.595410 -11.296088 30.109198 2.984853 5.081252 25.780184 0.058844 -17.891100
1.224505 3.639648 7.728468 -11.613942 31.261381 2.235689 3.922324 26.292929 -0.527215 -18.846748
2.775233 2.747298 6.070167 -9.959068 29.300463 0.419308 2.471702 22.569504 0.565035 -16.872673
3.634710 0.102579 0.195093 -0.520619 6.735083 -2.851077 0.900391 4.076223 2.340890 -4.069932
4.131051 2.089775 5.167080 -9.072595 27.707214 -1.061136 2.388908 20.446716 1.143963 -16.441021
6.068392 1.831371 3.138757 -6.477155 24.445389 -3.197174 1.346011 15.478600 2.992884 -13.464793
1.340037 3.407308 7.614678 -11.563054 31.162264 2.189454 3.930494 26.021465 -0.372005 -18.769064
8.947312 -0.982019 -1.274556 0.337804 10.875022 -7.446527 -0.484938 1.607160 5.073791 -5.851743
8.601186 -0.842792 -0.870098 -0.003029 11.236999 -7.116748 -0.147436 2.342926 4.773241 -5.741868
2.358266 3.321373 6.082376 -9.995652 29.062540 1.118253 4.053871 22.913240 1.179718 -16.470394
4.102795 2.005266 5.243125 -9.016194 27.906816 -1.090925 1.790079 20.439264 0.980167 -16.487476
7.960772 -0.425403 -0.428516 -0.787243 13.034797 -5.592014 -2.848481 4.348532 2.990341 -6.860046
4.088743 2.160289 4.870394 -8.501611 27.242487 -1.279515 1.826758 19.668602 1.514800 -15.281116
0.901081 3.747062 7.703953 -11.751673 31.770025 2.616854 3.969054 26.581388 -0.372820 -18.650417
8.790432 0.110094 0.840036 -3.086922 18.625351 -6.112997 -0.478602 8.390576 4.450945 -10.301255
3.515031 2.662714 5.902386 -9.923100 29.467653 -0.278998 2.412131 22.304903 0.616008 -17.200920
1.031647 3.784524 8.145205 -12.046215 32.474758 2.458020 3.717654 27.156610 -0.620518 -19.111309
1.777120 3.477376 7.212799 -11.268987 31.136026 1.824264 3.539406 25.306234 -0.178546 -18.360550
3.390728 3.039747 5.144512 -8.433999 26.181723 -0.038792 2.587054 19.772642 1.234227 -14.755935
4.838921 2.191135 4.258575 -7.941453 26.375422 -1.677564 2.324906 18.269596 2.285592 -15.134791
2.889176 1.904949 3.235286 -4.364385 15.696900 -0.387370 2.866198 11.824056 1.812059 -9.074937
5.257115 0.539627 1.070045 -2.642103 14.292933 -3.387334 1.848818 8.230981 3.293111 -8.078551
9.985133 -0.779962 -1.178521 -0.370480 13.152635 -7.791318 -2.012178 2.568202 4.583386 -6.962371
1.506883 3.515033 7.514851 -11.764120 32.234116 1.990703 3.670252 26.479082 -0.258643 -18.843609
4.492580 2.156438 5.239419 -8.359294 26.492956 -1.168198 2.742272 19.635754 1.664004 -15.585715
7.154737 0.097622 1.284181 -2.856515 16.366657 -4.968589 -1.997445 7.959388 2.516692 -8.937244
6.752437 0.113016 2.177231 -5.633978 22.618986 -4.216763 -0.682231 13.420610 2.567225 -12.648877
5.868890 0.443152 1.800291 -5.712511 22.017412 -3.458502 0.213362 13.468190 2.733851 -12.097362
5.097688 1.924336 3.947053 -7.907534 26.489527 -2.166259 1.462808 18.447706 1.823865 -15.013689
2.374706 3.375883 6.646094 -10.780707 30.319851 0.795799 3.515979 24.224051 0.380227 -17.765244
0.060126 4.092368 8.271598 -12.331609 32.106041 3.470769 4.977976 28.062479 -0.617830 -19.119585
8.780122 -0.902613 -1.343632 0.354953 11.083801 -7.564143 -1.501651 1.238172 4.969924 -5.709419
2.384665 3.274264 6.615585 -9.157095 26.620897 0.769964 3.622428 21.528601 0.470915 -16.100147
5.289639 0.733563 2.878110 -6.737553 23.459364 -2.715651 0.977060 15.560876 2.145394 -13.508770
1.018503 3.646912 7.806154 -12.123782 32.703697 2.513561 3.810732 27.244190 -0.551590 -19.143574
9.764361 -0.818946 -0.800852 -0.880823 14.569693 -7.796355 -0.798546 3.610064 5.449184 -7.781917
2.675830 2.975483 6.967507 -10.663295 30.647991 0.810599 3.124889 24.368536 0.210051 -18.075356
8.121611 0.791430 1.428768 -3.470923 19.744028 -5.449605 -0.245812 9.629592 4.001091 -10.712108
8.927506 -0.321438 0.037221 -2.173054 16.698568 -6.800012 -0.527972 6.464477 4.627135 -9.245020
6.751923 0.184757 1.872077 -5.318223 21.815374 -4.357379 -0.313205 12.648005 3.021546 -12.084664
7.890919 0.653630 1.000298 -3.405985 17.921387 -5.270584 1.599621 9.034208 4.724147 -9.681472
7.981191 0.692739 1.180981 -3.662096 19.128582 -5.608858 0.287750 9.307725 4.293233 -10.279032
8.759121 0.036148 0.431694 -3.362383 19.055374 -6.513505 -0.829376 8.442811 4.245493 -10.350622
2.446116 3.192737 6.300172 -10.148425 29.043266 1.122979 4.039377 23.143320 0.840875 -17.372677
1.734573 3.319848 6.425620 -10.156341 28.326952 1.785112 4.211142 23.254602 0.446013 -17.136112
1.430557 3.682587 6.950107 -10.979909 30.342152 2.194587 4.462392 25.246780 0.394595 -17.635399
1.507565 4.004169 6.845493 -10.400501 29.590176 1.968771 4.299335 24.385921 0.671229 -16.814049
3.156086 3.082303 6.024603 -9.713220 29.117157 0.101492 3.171261 22.221823 0.997870 -16.861786
2.986739 2.963448 6.045628 -10.062226 29.744284 0.431371 2.968353 22.851698 0.837405 -17.117212
1.855254 3.477330 6.733461 -10.927574 30.997795 1.559580 3.519393 24.887115 0.413996 -17.573078
9.236063 -0.972206 -1.406343 -1.079179 14.079609 -7.420321 -0.684887 3.364468 5.300258 -7.083563
4.185724 2.851130 4.989418 -8.159202 26.787794 -0.915702 2.274654 19.606161 1.615343 -14.933002
