13.876422 -8.118206 -7.165994 -0.203598 -5.720107 -14.478145 5.189348 -11.443032 -4.324939 -12.623510
11.602345 -5.396369 -8.944560 0.410744 -5.593048 -12.491879 6.879199 -8.933868 -5.326699 -12.546783
30.797596 -32.257153 12.341089 -11.964235 -13.969758 -37.484833 -11.185548 -36.391193 9.941895 -8.213434
30.038546 -31.227013 10.661938 -11.252241 -13.703320 -36.665749 -9.692406 -35.043934 8.667018 -9.042624
31.400791 -32.985855 12.204667 -12.054134 -14.210639 -38.241539 -11.336446 -36.892246 9.966952 -8.573339
15.095807 -10.450507 -5.125548 -1.572846 -6.252629 -16.539024 3.671868 -13.791614 -2.585292 -11.890923
30.968220 -32.438427 12.050438 -11.911175 -14.024411 -37.793224 -11.090064 -36.415245 9.994668 -8.582908
30.982998 -32.746742 12.029205 -11.608215 -13.723071 -37.632763 -10.971646 -36.381008 9.768165 -8.686481
22.610092 -19.224638 0.627184 -6.292515 -10.278375 -25.883142 -1.886233 -23.678705 1.936257 -11.487305
29.902269 -31.265995 11.132069 -11.267830 -13.421898 -36.527966 -10.034540 -35.103291 8.988914 -8.712379
12.091321 -7.259056 -7.181120 0.780612 -5.178065 -13.595103 5.854675 -10.864563 -4.989006 -12.544286
30.589458 -31.827085 11.402046 -11.719326 -13.704324 -37.201851 -10.734744 -35.858978 9.595644 -8.544794
30.351961 -31.912228 11.388941 -11.178884 -13.274858 -36.935551 -10.421407 -35.872852 9.396773 -9.064711
31.060108 -32.284786 11.957443 -11.747072 -13.868611 -37.454605 -11.284994 -36.194077 10.066898 -8.866190
12.352616 -5.543517 -9.276742 0.786624 -5.703488 -12.929416 6.760670 -9.010492 -6.045649 -12.959742
29.109146 -29.819395 9.835119 -10.900795 -13.654431 -35.397728 -9.428167 -33.847126 8.445459 -8.750008
31.268267 -32.572044 12.269293 -12.083855 -14.134707 -38.035431 -11.281044 -36.586601 10.002298 -8.589464
30.965149 -32.228333 11.713161 -12.009926 -14.389094 -37.919617 -11.074787 -36.247738 9.884080 -8.370893
13.365355 -7.249504 -7.644345 -0.092346 -5.867645 -14.106191 5.688453 -10.712370 -4.554417 -12.489906
29.755390 -30.174232 10.881775 -11.821621 -14.125903 -36.186325 -10.342253 -34.329044 9.079562 -7.961834
17.419394 -13.361060 -3.609105 -2.434066 -7.436502 -19.695324 2.266202 -17.191790 -1.524278 -12.243174
31.310186 -32.849606 12.728184 -12.106275 -14.176426 -38.109119 -11.455495 -36.785141 10.161330 -8.293634
30.899164 -32.399937 12.152715 -11.881670 -14.097335 -37.682621 -10.964828 -36.447994 9.817887 -8.502842
14.248254 -8.041134 -7.291923 -0.609374 -6.022163 -14.573773 5.285611 -11.436749 -3.547506 -12.731842
10.998659 -4.129029 -10.219988 1.420849 -5.236328 -11.155881 8.041694 -7.427745 -6.094643 -13.256336
30.333040 -30.843536 10.911999 -11.779241 -14.232135 -36.461777 -10.165227 -34.916393 9.103655 -8.605824
30.224005 -31.353210 11.030533 -11.662017 -13.997170 -37.011063 -10.412726 -35.409473 9.342624 -8.560589
12.611799 -5.975266 -8.781471 0.742167 -5.430228 -12.902469 6.616254 -9.520802 -5.330145 -12.823107
27.897028 -28.355494 7.581632 -9.541135 -12.230765 -33.766785 -7.399266 -31.948765 6.603853 -10.718758
13.269429 -6.955119 -8.176124 -0.125174 -6.118327 -14.147764 6.099552 -10.608293 -4.884732 -12.683924
27.481441 -27.917377 7.918163 -9.625040 -11.861731 -33.138302 -8.067219 -31.804514 7.326462 -9.523956
23.007753 -20.618263 1.215570 -6.058684 -9.717689 -25.932514 -2.208321 -24.342524 2.374015 -11.614897
30.716011 -31.373325 11.455697 -12.102456 -14.540442 -37.089462 -10.754713 -35.361668 9.446863 -8.206000
23.591110 -21.989529 2.646252 -6.960607 -10.157732 -27.337362 -3.144124 -25.703251 3.430312 -11.172538
30.452894 -30.967604 11.315710 -11.893429 -14.016694 -36.764420 -10.650920 -35.082455 9.562451 -8.131842
18.563210 -14.561310 -2.477167 -3.948398 -8.122563 -20.974995 0.965489 -18.106989 0.042018 -11.372381
13.144184 -6.534173 -8.728083 0.354816 -5.894000 -13.526473 6.457063 -10.059459 -5.485976 -12.903776
19.049820 -14.632330 -2.993794 -3.738823 -8.757810 -21.663574 1.405173 -18.649191 -1.139821 -12.117329
11.679683 -5.324322 -8.709287 0.829844 -5.281753 -12.372018 6.697900 -8.831587 -5.454056 -12.353346
29.698761 -30.681684 9.547419 -10.428220 -12.764911 -35.669300 -9.031938 -34.314342 8.056566 -10.168838
19.243378 -16.249466 -1.214089 -3.974304 -7.831208 -21.949940 0.532747 -19.581854 0.049076 -11.997994
23.153564 -21.019020 1.804398 -6.732610 -10.525971 -27.337757 -2.847657 -24.988695 3.062445 -11.218690
18.895571 -14.964208 -2.370923 -4.036812 -7.983684 -21.054512 1.126933 -18.213638 -0.103463 -11.880306
14.798482 -8.218374 -7.448163 -0.931693 -6.904812 -15.353726 5.395353 -11.918860 -4.014915 -12.725447
30.681873 -32.362740 11.759159 -11.648712 -14.009856 -37.563206 -10.779548 -36.383350 9.705843 -8.622116
12.656213 -6.183126 -8.641256 0.638418 -5.765044 -13.495500 6.686516 -9.925204 -5.279629 -12.843740
31.096889 -32.327480 11.695069 -11.844597 -14.323617 -37.740185 -10.774684 -36.191959 9.620542 -8.763739
29.912500 -30.904589 10.900537 -11.336026 -13.538930 -36.469604 -10.215173 -34.970612 9.124486 -8.506941
29.985102 -30.707554 10.975352 -11.439513 -13.731749 -35.856689 -10.100818 -34.452564 8.861952 -8.559184
24.080744 -22.173237 2.197568 -6.873643 -10.364409 -28.112240 -3.263749 -25.892653 3.249764 -11.356232
23.374725 -20.715347 1.158950 -6.198769 -10.304929 -27.198849 -2.333592 -24.877848 2.233535 -11.998307
16.357880 -13.257187 -2.989404 -2.005290 -6.753775 -19.029758 2.155460 -16.586050 -1.552554 -12.207174
30.926683 -32.270054 11.321446 -11.728685 -14.298064 -37.902092 -10.530636 -36.184498 9.480753 -9.092688
30.687651 -32.081402 11.832748 -11.913574 -13.938096 -37.405994 -10.989995 -36.039371 10.095927 -8.401387
13.419031 -7.056201 -7.854433 0.066978 -5.573857 -13.734408 5.939487 -10.622538 -4.633767 -12.392324
13.007184 -7.301259 -6.947377 0.252982 -5.161376 -13.830458 4.851038 -10.927610 -4.748683 -12.007646
26.245773 -25.510530 5.208191 -8.712540 -11.805757 -31.189384 -5.659045 -29.324495 5.357556 -10.654972
28.300741 -28.635164 8.422413 -9.862226 -12.336323 -33.864941 -8.238972 -32.471214 7.133419 -9.794541
30.410433 -31.904633 11.638247 -11.775831 -13.859049 -37.272865 -10.805997 -35.967556 9.674532 -8.427151
12.219567 -5.360939 -9.430956 0.763873 -5.644933 -12.608920 7.010118 -8.916337 -5.981758 -12.868748
30.202110 -31.141382 10.941928 -11.198324 -13.236096 -36.269985 -10.098863 -34.877003 9.055227 -8.972375
30.434946 -30.939438 10.303344 -11.590710 -14.230899 -37.097046 -10.021279 -34.964527 8.876943 -8.861708
30.751307 -31.525005 11.405266 -11.986504 -14.361548 -37.085541 -10.741151 -35.490261 9.459835 -8.287138
30.988773 -31.964577 11.618844 -11.979785 -14.312899 -37.702644 -10.851581 -36.067204 9.586045 -8.558843
31.283649 -32.295334 12.013964 -12.117672 -14.477618 -37.854210 -11.235909 -36.304920 9.849813 -8.519864
28.068369 -28.217512 7.741023 -9.751648 -12.311264 -33.394608 -7.400159 -32.127441 6.435537 -10.617241
24.298780 -22.440371 2.296675 -6.862020 -10.211205 -28.145046 -3.383672 -26.104975 3.053317 -11.809618
13.617031 -8.366117 -6.928982 -0.244620 -5.871051 -14.859126 5.206286 -11.640970 -4.439648 -12.804192
