-2.070830 -5.304862 -1.467136 4.897823 -9.365000 -13.186550 0.717414 -3.842079 -13.905572 0.188811
5.554484 -11.555012 -3.173101 6.850214 -9.313518 -3.188806 4.546746 11.823933 -8.331449 -7.510807
15.617715 -15.700471 -10.176687 8.254869 -15.536489 -1.253461 6.855730 20.993046 -2.266878 7.232403
3.035634 -3.125620 -5.971766 0.880757 -13.963676 -10.247701 17.979328 3.233434 -9.787874 11.728984
13.604959 -15.025767 -9.210484 10.764977 -13.340970 -5.586684 15.768380 22.837860 -3.173616 9.308045
19.903713 -18.129061 -12.250189 10.035551 -14.776412 7.283366 15.373032 27.939148 0.952429 4.239002
9.719583 -8.199265 -5.744988 6.476202 -9.217578 -2.532117 19.711300 17.153099 -7.202159 -1.756788
5.562406 -8.995378 -5.823263 3.258505 -14.574184 -9.943505 0.046213 4.973344 -7.648682 9.496133
15.326562 -14.654450 -10.304851 5.358281 -14.203668 6.591902 9.193313 19.417656 2.365587 7.485967
9.370730 -10.580527 -8.574597 4.444793 -15.875293 -5.930731 18.969847 13.764300 -11.466680 -0.266456
-0.684531 -5.672867 -0.418291 2.361049 -10.563072 -12.772760 3.930140 -1.817450 -15.664063 -8.944792
1.562970 -6.569417 -4.432914 0.911405 -14.076402 -10.003383 -0.488000 -3.024258 -10.228797 5.599626
6.692810 -11.603296 -5.339224 4.482470 -14.953198 -12.045621 3.129822 7.942966 -10.805198 1.004318
13.648944 -13.632492 -6.080914 11.117276 -8.699003 0.627342 12.292189 23.630295 -1.001031 3.745280
4.709086 -9.269519 -2.657034 6.058666 -13.115487 -16.324501 10.315426 8.813968 -14.826299 -2.587369
3.155261 -6.280004 0.978430 9.545729 -6.965572 -21.223112 6.714036 8.285898 -15.808718 3.196709
14.070275 -10.999231 -8.367461 6.137839 -11.926311 -2.242718 12.631226 19.647461 -1.113186 10.872948
14.487077 -14.586276 -10.340351 5.807818 -13.911777 6.336885 12.309929 19.395943 0.471828 5.169039
12.470103 -17.371300 -8.392993 8.626801 -12.131134 6.467793 13.407743 20.839893 -1.559867 -4.463017
1.989043 -3.362478 -4.366505 0.077265 -14.740594 -16.451591 -3.666408 -5.427606 -12.159019 17.640221
8.198295 -12.171824 -7.800381 8.233680 -14.692217 -10.689682 7.709159 12.617107 -10.742635 4.860726
6.662250 -10.638011 -4.046204 8.598964 -10.898732 -9.060069 12.239896 14.754743 -11.145860 -3.213371
16.440176 -16.051828 -11.295097 8.868996 -15.675554 -0.492730 14.210535 23.012636 -3.266835 6.691890
0.007258 -3.249145 -4.231198 1.816782 -11.002636 -5.901330 4.165070 -3.548032 -8.325242 11.815242
2.795369 -5.823298 -4.887343 1.404564 -14.743936 -13.278549 -0.071465 -1.658065 -12.381557 7.877420
12.728137 -16.088030 -6.029845 11.740420 -8.823502 3.763177 7.716969 20.940174 -1.776004 -4.874498
7.628450 -12.237872 -6.143160 6.171877 -12.891768 -4.352640 11.738389 13.668946 -7.178543 -1.296348
-8.046536 12.603783 3.998554 -2.454315 -3.370285 -22.117344 32.483639 -12.013771 -33.296909 -18.817389
7.922940 -7.181180 -3.608693 8.493625 -7.646608 -4.821902 19.339235 16.532377 -10.135707 -6.251849
20.539274 -20.805637 -12.783978 11.482990 -14.921621 11.505147 14.388184 29.083706 2.404263 1.392200
5.507562 -10.525916 -7.616581 2.154544 -18.379837 -10.557279 7.078580 6.249764 -11.884097 3.796241
9.824221 -13.883523 -7.607292 10.151830 -13.595185 -5.829372 14.380544 17.697201 -9.713645 -0.279362
18.983074 -17.239254 -8.730519 13.968346 -10.565908 1.496718 18.123917 31.599791 0.036855 3.025498
14.461270 -18.390928 -10.340220 10.285421 -12.712753 10.754064 11.319839 23.002523 1.614337 1.200764
7.558395 -13.025526 -5.525984 3.796972 -8.824625 12.701343 6.605440 11.067443 2.227367 -7.268371
7.576497 -14.519398 -5.779881 8.589573 -12.358253 -5.797375 4.053090 13.425239 -6.305000 -2.289223
10.901122 -12.118240 -9.186396 -0.835767 -18.695368 -4.956716 -3.005817 7.714697 -1.516963 17.213232
1.142661 -0.653195 -2.672333 1.959892 -10.229939 -9.950624 2.360448 -0.877975 -7.420014 22.192392
-0.237870 -8.823427 -3.414645 4.712546 -13.176339 -12.837354 -0.121029 -2.009075 -10.328982 0.983554
16.617212 -16.555052 -8.026293 14.039488 -8.836002 4.003080 17.419079 29.148401 -1.405504 -2.138074
7.896367 -10.682987 -6.121462 4.944613 -13.055989 -5.765731 8.183897 11.637322 -6.898644 2.482620
2.748441 -5.482461 -0.521669 2.131011 -5.945074 -1.433777 9.705138 7.433110 -4.280817 -6.475005
4.461467 -11.474417 -3.206743 10.614506 -12.283064 -14.686836 12.275118 11.367644 -16.282564 -5.337059
5.177000 -7.082983 -0.939964 7.484718 -8.827718 -12.565218 13.173140 10.559484 -16.836195 -11.380212
10.327344 -9.617497 -6.686762 6.762735 -11.287566 -2.734643 21.614235 16.964214 -8.422747 -3.054960
11.679270 -11.568786 -5.408959 9.887461 -9.343823 -5.447380 11.171082 20.069567 -5.252158 3.977355
16.616358 -15.166433 -10.142725 9.235396 -12.054353 5.810421 15.412857 24.363113 -1.168349 1.901342
-2.540551 -6.195104 -0.039413 8.621992 -5.538377 -12.442769 1.433998 -0.166673 -5.902807 6.946304
11.868073 -10.252875 -7.634640 4.102315 -13.577992 -9.183851 8.271839 16.433937 -0.043473 19.097103
4.101952 -10.071108 -3.702701 7.673890 -11.849075 -12.836777 7.165973 8.073265 -13.184422 -1.927205
18.832863 -19.588783 -10.934099 12.994027 -12.292151 9.501134 15.370890 29.151329 0.445775 -1.766254
-0.250697 -7.205675 -2.528120 5.184154 -11.951410 -14.098583 1.175628 -0.700199 -13.242063 -0.080252
13.342340 -14.039408 -10.101842 7.160622 -14.085677 1.259562 16.062744 19.302944 -4.347581 2.913610
3.357598 -11.361905 -5.717087 6.054243 -10.943080 0.276028 7.867988 8.283465 -2.086399 1.696077
3.685563 -10.748553 -3.639725 4.198617 -10.222537 -3.794158 2.871805 4.815893 -6.462174 -2.875266
4.746273 -11.225325 -4.305745 6.464208 -15.221817 -17.001745 7.340999 7.222180 -14.899770 -0.329267
3.304234 -8.432331 -5.993704 3.286165 -13.528974 -4.894173 5.326944 3.551378 -6.044669 6.313692
2.770748 -8.307322 -1.280356 4.543055 -10.119618 -10.700402 5.337410 5.708786 -11.178825 -5.316730
3.687718 -9.847912 -4.907823 3.541101 -12.426415 -4.142450 8.118548 5.681069 -7.861424 -2.287802
11.269780 -12.844576 -7.796343 6.087373 -13.727857 -0.894391 6.509430 14.380212 -4.733015 2.606549
8.503592 -9.990050 -6.205757 4.304509 -9.470199 3.747204 4.627861 10.865206 1.586946 7.209326
7.636806 -8.384133 -3.485263 7.890048 -5.334856 1.480175 14.349032 16.561214 -0.411538 0.407402
21.729328 -18.388367 -9.186835 14.495698 -10.553003 6.125569 14.732879 33.336147 2.440472 2.894886
12.355863 -15.297990 -8.457351 9.257343 -12.780580 -0.923710 7.907440 19.129398 -1.763031 5.307198
12.690470 -14.270913 -5.936872 11.764327 -9.410221 0.911789 16.644890 22.966845 -6.588367 -7.068439
17.867714 -18.973717 -8.032964 14.201878 -8.849134 11.944275 16.184103 30.031769 -0.596916 -9.844964
-1.419223 -5.275477 -1.530058 4.755341 -10.339501 -13.261928 0.675690 -5.119792 -13.232633 3.556838
10.273196 -11.877523 -3.033516 8.160871 -8.258723 -1.657655 10.606034 18.639587 -3.770267 -3.624943
