-11.856882 10.877974 -2.979559 -6.771628 12.831240 4.613201 -16.924088 -12.633266 4.593762 -15.373599
-13.507511 12.321947 -4.711821 -8.132492 14.353226 5.610345 -20.143570 -15.572407 5.635749 -17.500376
-14.208999 13.111820 -5.264869 -9.181030 15.715641 6.470829 -21.858757 -17.059658 6.481928 -18.943747
-11.632918 11.284160 -2.909060 -7.310771 13.291374 5.101272 -17.702505 -13.033812 5.197717 -16.401091
-13.837810 12.866009 -4.541834 -8.697279 15.352740 6.210510 -21.136274 -16.084787 6.294168 -18.652273
-14.267652 13.262312 -5.365721 -9.407485 15.877022 6.659245 -22.226999 -17.336094 6.737937 -19.287535
-13.860556 12.840866 -4.382808 -8.465553 15.203035 6.000508 -21.009211 -16.037159 6.083120 -18.494776
-13.431492 12.473891 -4.543141 -8.494063 14.786770 5.967406 -20.445688 -15.861073 5.855481 -17.913406
-13.625097 12.823799 -4.763454 -9.039141 15.239407 6.429595 -21.312702 -16.444262 6.483093 -18.799173
-13.795433 12.768839 -4.696265 -8.640630 15.147077 6.069701 -21.042625 -16.204348 6.067822 -18.451979
-11.170229 10.363534 -2.458089 -5.939448 11.998735 4.090090 -15.929965 -11.750940 4.129405 -14.443450
-10.806567 10.667946 -2.681792 -6.961680 12.377183 4.685511 -16.430292 -12.586348 4.530351 -15.158149
-13.475158 12.330094 -4.496731 -8.202332 14.685058 5.847445 -20.090902 -15.447838 5.710559 -17.544268
-13.881998 12.917893 -4.491222 -8.733522 15.414517 6.184059 -21.337603 -16.554644 6.246860 -18.545572
-13.286278 12.112804 -4.012481 -7.799193 14.347065 5.529252 -19.471317 -14.550874 5.489437 -17.370531
-12.724597 11.600731 -3.657199 -7.196956 13.707522 4.938855 -18.389076 -13.827810 5.175204 -16.378065
-13.975458 12.998642 -5.273776 -9.288902 15.737764 6.589722 -21.831211 -17.095806 6.622161 -18.815935
-14.052122 13.103524 -5.326149 -9.323731 15.686024 6.546353 -21.834623 -16.989895 6.650929 -19.067257
-14.035840 12.922772 -4.775861 -8.607716 15.223462 6.095817 -21.302551 -16.333364 6.209618 -18.694563
-9.526692 9.458958 -3.374413 -7.265542 11.806779 5.187781 -15.257464 -11.586830 4.716448 -13.689357
-13.716776 12.523170 -4.908940 -8.620474 15.027132 6.001106 -20.673506 -15.883170 6.020920 -18.089314
-13.589233 12.414148 -4.101644 -7.933728 14.672655 5.590293 -20.147400 -15.298637 5.721119 -17.838507
-14.138668 13.060718 -5.388942 -9.279634 15.747862 6.531774 -21.864199 -17.005507 6.551913 -18.957119
-11.396902 11.147532 -2.911007 -7.176465 12.905091 4.798973 -17.076008 -12.741558 4.792135 -15.699996
-11.845818 11.200270 -3.257529 -7.453479 13.203865 4.998412 -17.624264 -13.376677 4.930958 -16.030592
-14.447128 13.201324 -5.059603 -8.905149 15.774854 6.452383 -21.953041 -17.065882 6.470631 -18.837992
-14.010167 12.784797 -4.901069 -8.579515 15.250585 6.106575 -21.030663 -16.050810 6.176342 -18.409056
-10.726060 10.055147 -2.111267 -5.600590 11.469488 3.884905 -15.463132 -10.982234 4.005922 -14.184594
-13.971781 12.665257 -4.432179 -8.169249 15.068254 5.839905 -20.730953 -15.661079 5.959910 -18.204250
-14.205094 13.158401 -5.146528 -9.221153 15.664915 6.517076 -22.004749 -17.170841 6.564931 -19.133841
-12.908755 11.894211 -4.033280 -7.923265 14.033943 5.471328 -19.195532 -14.656309 5.356062 -17.124887
-14.021189 12.820452 -4.816193 -8.630079 15.238092 6.078633 -21.065876 -16.110506 6.104105 -18.492037
-14.407908 13.248887 -5.075678 -9.124535 15.968206 6.544231 -22.084499 -16.927937 6.688191 -19.227591
-14.055940 12.973476 -5.062255 -9.049368 15.376560 6.449731 -21.619595 -16.803867 6.442585 -18.904253
-13.491800 12.618815 -4.389138 -8.630360 14.891422 6.114596 -20.829582 -16.175043 6.138954 -18.305101
-13.849905 12.763198 -4.711639 -8.620977 15.064257 6.046477 -20.944897 -16.203810 6.011829 -18.318808
-11.585405 11.413135 -4.130909 -8.533073 13.524257 5.872156 -18.777325 -14.937591 5.564808 -16.562595
-11.191021 10.756643 -3.739049 -7.832892 13.361641 5.566138 -17.581490 -13.317727 5.360991 -15.658961
-11.743234 10.900844 -3.093241 -6.807505 12.732145 4.626755 -16.956909 -12.413664 4.661780 -15.520715
-14.424097 13.203340 -5.064208 -8.997635 15.760201 6.388488 -21.958023 -16.906010 6.523790 -19.140951
-13.745363 12.646231 -4.932222 -8.901605 15.215112 6.187954 -21.018431 -16.312988 6.238616 -18.415995
-12.911404 11.923351 -3.755132 -7.511616 14.034273 5.469030 -19.124104 -13.913758 5.636028 -17.294565
-12.929922 11.506614 -4.004033 -7.415338 13.696694 5.240883 -18.656895 -13.825267 5.091418 -16.526705
-13.446266 12.054953 -4.381701 -7.571809 14.105187 5.311062 -19.593388 -14.934500 5.386768 -16.986067
-13.899155 12.661556 -4.524785 -8.329102 14.948034 5.827169 -20.629736 -15.683960 5.961624 -18.130823
-14.149071 13.007849 -5.009397 -8.856340 15.643874 6.333933 -21.534626 -16.528530 6.436251 -18.751347
-14.379351 13.298983 -5.623986 -9.415512 15.943422 6.642179 -22.361263 -17.539932 6.782251 -19.231792
-11.992350 11.443661 -2.931820 -7.268214 13.754827 5.143166 -17.969454 -13.140456 5.368552 -16.316559
-13.066803 12.325981 -4.670256 -8.828671 15.089442 6.304901 -20.447922 -15.612346 6.357086 -17.930496
-13.336445 11.998528 -4.561592 -7.864875 14.276802 5.606034 -19.602715 -14.897929 5.463152 -17.006838
-14.566345 13.306258 -5.334009 -9.176157 15.869703 6.503529 -22.219614 -17.230785 6.607784 -19.261343
-12.288217 11.237157 -3.332147 -7.023328 13.193782 4.776462 -17.758869 -13.399826 4.672382 -15.857612
-14.169853 13.037412 -5.092099 -9.053787 15.610210 6.345829 -21.695486 -16.775938 6.435509 -18.971100
-12.515087 11.909338 -3.363210 -7.639426 14.048441 5.232584 -18.847588 -14.198304 5.389471 -17.098478
-12.899332 12.110737 -3.909525 -7.760429 14.071106 5.385618 -19.333309 -14.810604 5.434250 -17.130121
-12.993958 11.587116 -3.989447 -7.338825 13.688117 5.186210 -18.643970 -13.975554 5.020651 -16.399744
-13.042218 12.234987 -4.496346 -8.490512 14.507465 5.911146 -20.169558 -15.639030 6.008613 -17.791574
-13.147515 12.249958 -3.866261 -7.705016 14.364057 5.453877 -19.689919 -15.034094 5.548292 -17.398266
-13.193400 12.211447 -4.132205 -7.936024 14.342212 5.528185 -19.652550 -14.883472 5.545015 -17.481962
-13.806544 12.855930 -5.239117 -9.119951 15.422708 6.343513 -21.389122 -16.802361 6.319925 -18.498837
-13.633438 12.714594 -5.234467 -9.103654 15.235537 6.354313 -21.259281 -16.671440 6.455376 -18.531864
-14.376888 13.159288 -5.225916 -9.007195 15.884688 6.429177 -22.010756 -17.048569 6.673260 -18.996435
-14.057464 13.071771 -4.739454 -8.973513 15.624735 6.437625 -21.776085 -17.004499 6.489425 -18.801416
-14.174196 13.029898 -4.871884 -8.882771 15.541254 6.352643 -21.587574 -16.665306 6.336323 -18.834663
-14.300200 13.034370 -4.909464 -8.645470 15.431580 6.136494 -21.492924 -16.558434 6.210587 -18.682232
-14.484406 13.203117 -4.944945 -8.845693 15.689302 6.333824 -21.975712 -17.029814 6.422771 -19.015953
-12.106055 11.181703 -3.227679 -6.945073 13.009872 4.806308 -17.483433 -13.161926 4.550756 -15.573801
-13.577518 12.789683 -4.121653 -8.356028 15.085970 5.932936 -20.809151 -15.990095 6.003217 -18.278334
