0.767928 -18.053438 -13.954743 -0.107095 1.432379 -6.894503 6.492802 4.907524 -0.721143 5.999296
3.649047 -14.815176 -12.753433 -1.174625 0.118941 -6.799970 8.030639 4.495497 -0.534110 5.969447
-0.310590 -20.108883 -14.861503 2.990537 0.305311 -7.041447 5.237679 5.045570 -0.840030 5.877688
2.546082 -13.699759 -11.915828 -3.428149 2.662323 -6.936316 8.261708 4.596378 -0.966201 6.528363
-2.667962 -15.526529 -12.118096 -3.355228 7.158450 -7.937658 6.094555 5.047441 -2.847499 7.536889
8.771465 -9.605539 -9.686216 -6.028106 -1.184190 -5.227766 8.731965 4.048677 0.784721 4.209322
-6.208239 0.611783 -1.241272 -10.185373 15.985709 -7.969893 0.343340 3.987622 -9.500690 6.682530
-0.760426 -11.752672 -9.065439 -3.985652 5.899409 -5.690992 4.595028 3.872867 -1.867598 5.419971
2.230703 -9.804830 -9.274264 -6.377410 5.464547 -6.002438 7.661874 4.238669 -0.249282 6.288756
6.227056 -6.300863 -6.533603 -10.337937 4.632482 -5.109958 6.658657 4.070576 0.066664 3.857053
3.255100 5.800435 -0.068868 -14.329578 12.633457 -5.235570 5.724904 3.395328 -1.346377 4.977803
5.502513 -9.039143 -8.293588 -6.913651 1.446661 -4.527020 7.003232 3.832748 0.630407 3.787396
8.589682 -11.369034 -9.843413 -3.578675 -4.123854 -3.247150 6.977524 3.639340 2.768475 1.758143
9.329508 -2.109393 -5.254297 -10.746065 3.152928 -4.935966 8.685147 3.664919 -0.007931 4.740918
0.003724 -16.307156 -13.172439 -1.763623 4.044158 -7.541030 7.099364 4.996818 -1.363523 7.159028
-8.486067 3.982969 -0.938574 -8.941732 20.832272 -9.739905 2.826915 4.520831 -8.831223 9.906552
7.768486 -9.250313 -9.239116 -6.503074 -0.718723 -4.049484 8.447141 3.605904 2.820677 3.563861
8.526518 -6.220075 -7.178862 -8.621320 0.023117 -3.826542 7.665214 3.470152 0.953963 2.829437
0.121475 -19.853498 -14.523971 2.732539 -0.115599 -6.373869 4.766966 4.827827 -0.475438 5.030311
-0.454825 -7.237623 -5.827067 -9.817440 7.559100 -5.771048 4.001873 3.807270 -3.728117 3.851570
4.787191 -16.655909 -13.564689 0.953662 -2.840737 -5.693730 7.214118 4.606493 0.581561 4.561418
-4.367758 -5.589480 -5.269572 -11.349668 13.770101 -8.160559 2.947956 4.475173 -6.227434 6.536846
13.037788 -8.493994 -7.772464 -6.648688 -5.534632 -2.453161 6.479333 3.880063 4.764585 -0.756516
10.096705 2.468914 -3.532062 -6.723766 2.248666 -3.947233 8.507226 3.384969 -0.723981 5.020651
-2.461380 -2.838437 -3.224571 -11.562220 12.842045 -7.032726 1.882527 3.591950 -7.328795 5.013652
2.632979 -15.836416 -12.963192 0.235199 -0.032366 -6.659486 7.175843 4.646172 -0.984014 5.552753
6.239453 -12.093841 -11.425660 -2.198979 -1.604548 -6.084480 8.954730 3.999149 -0.354053 5.300871
4.536354 -13.163387 -12.133531 -0.431508 -1.069703 -6.659833 9.340232 4.436778 -0.509671 6.596633
3.118053 -17.482859 -14.403041 1.329332 -1.273080 -6.865767 7.960383 4.720824 -0.448675 6.379043
6.642472 -9.528758 -8.622012 -6.173997 -0.102544 -4.863796 7.182050 3.698029 0.385510 3.066679
-0.879392 -16.544176 -12.219218 -2.113673 4.012559 -6.698602 4.124864 4.985206 -1.981550 4.871385
3.789809 -9.496193 -8.605288 -7.307534 4.028123 -5.699967 6.516006 3.840879 -0.885519 4.422081
-3.740582 4.587789 -0.213256 -13.337931 17.168585 -7.397175 4.088187 3.996619 -5.801099 7.272695
-0.593578 -20.877050 -15.522188 3.538859 0.359816 -7.294498 5.446169 5.405861 -0.903923 6.351596
-2.754828 -19.312496 -14.097652 1.077859 3.830895 -7.517981 4.587864 5.278214 -2.372967 6.689292
4.569955 -8.839733 -9.571311 -5.951896 3.662398 -5.830795 8.912102 4.125520 0.316761 6.609215
0.907982 -19.647024 -14.783490 4.913756 -2.723007 -6.643837 5.635731 4.733537 -1.404466 5.678341
12.777636 0.638175 -3.346639 -6.417001 -4.510499 -1.604979 7.137470 2.504763 1.122025 0.349736
-4.733178 3.062121 -0.175148 -12.711853 17.122158 -7.319746 1.608574 3.111564 -8.356825 6.324983
3.198775 -1.513688 -5.139113 -8.960094 8.102178 -6.543165 7.961728 3.568273 -4.951797 7.449785
3.155973 -14.229713 -12.031960 -1.329163 0.192999 -5.773909 7.235898 3.948103 -0.575216 5.181085
-3.880841 -1.886688 -3.969996 -9.810414 14.923313 -8.708671 4.584834 4.395028 -6.491194 8.449557
5.369875 -12.929267 -10.960742 -1.964129 -1.354028 -4.757589 6.634080 3.843337 -0.194302 3.799899
9.007854 -1.655923 -4.176674 -11.264637 3.286371 -4.041734 7.096072 3.873061 -0.152105 3.264849
-3.388213 -1.184243 -2.375036 -10.792576 13.023297 -7.055095 1.553509 3.070894 -8.185216 5.013672
0.111139 -4.162092 -5.501500 -7.354866 8.371087 -6.688580 6.559132 3.746877 -4.387837 7.190143
7.657221 -2.340858 -5.044553 -7.140101 1.748279 -4.491342 8.012555 3.350438 -1.429117 4.410656
-0.005121 -12.196980 -8.513946 -6.194714 4.829921 -4.859960 3.125099 3.645217 -1.805291 3.055435
3.641507 8.172260 0.471509 -14.081045 11.279271 -5.160151 6.346026 2.742504 -3.696485 5.477726
2.001487 -7.893752 -8.264655 -6.065822 5.358461 -7.174420 7.265293 4.306097 -3.883564 6.339360
-8.947914 -9.032278 -7.774315 -1.990271 12.628621 -10.119765 1.066157 4.676850 -11.059567 8.560353
4.022481 -14.744896 -12.868922 -1.372187 0.329173 -7.059107 8.389704 4.671959 -0.618671 6.383724
-0.885010 -5.803836 -6.506609 -11.439444 11.249824 -7.570772 6.275557 4.556769 -3.674761 7.123033
-0.439193 -13.845687 -11.479892 -3.610982 5.864167 -6.368825 6.401197 4.060145 -0.826626 6.630677
0.870376 -15.256845 -12.514439 -1.112527 2.293120 -7.454297 6.300481 4.558941 -2.670528 6.202875
-4.260427 -16.190798 -12.416566 -2.811845 8.398059 -8.497587 5.055315 5.086967 -3.885017 7.600647
11.167128 8.813479 0.424693 -13.686169 3.400827 -1.931489 7.651636 2.143918 3.836826 1.619144
5.473727 -8.011843 -8.693166 -3.529490 -0.243292 -4.638433 7.845409 2.910188 -1.350344 4.520976
0.562456 -13.940698 -10.885531 -2.843812 3.605771 -6.415218 5.722055 4.140899 -2.160216 5.326591
-3.637666 -5.830550 -6.141391 -9.827398 13.029704 -8.855227 4.843132 4.697181 -6.427135 8.225718
4.035143 -6.645637 -6.184948 -8.477831 3.070646 -4.287916 6.433265 3.835441 -0.941451 3.045828
12.712957 5.025505 -1.184571 -13.468961 3.477044 -1.770308 6.969249 3.159398 7.283945 1.257245
4.711562 -13.238884 -11.811795 -1.174657 -1.050299 -6.857925 8.475358 4.465312 -1.172613 5.881018
2.281564 -0.511654 -2.517854 -11.363920 10.257752 -6.070209 4.039140 3.441651 -5.331517 5.180433
12.229625 -1.856258 -5.224052 -7.936794 -0.832820 -3.705819 8.588517 3.576754 0.478643 3.597550
-6.249864 -15.713355 -11.441634 -4.289063 10.698956 -8.660886 3.314547 4.900090 -4.718582 7.389857
4.030857 -2.456396 -5.571638 -11.643598 7.513628 -6.506697 9.028314 4.349266 -3.526251 7.159939
5.641094 0.918745 -2.325639 -12.523075 8.145924 -5.018031 4.667251 3.065792 -4.002433 3.887400
4.767598 -3.752287 -5.416478 -11.482542 5.455608 -5.436521 8.609967 4.790386 -1.024992 5.631904
12.768029 -3.874535 -6.108627 -10.866596 -0.191787 -3.491812 8.722306 4.446773 4.158759 2.257210
14.590253 -4.967232 -6.997329 -11.158762 -2.866636 -3.342322 9.512040 4.708302 4.529713 1.484752
2.267709 -15.870538 -12.534765 -2.060286 1.289327 -5.959164 6.772918 4.486698 0.062143 5.263385
