0.942056 -16.234482 -13.126108 -0.242422 0.935927 -7.064878 7.316471 4.216123 -1.212645 7.088129
1.501976 -14.966037 -12.407279 -0.494069 0.874997 -6.870745 7.525801 4.111832 -1.123250 6.846892
0.861723 -16.341951 -13.115077 -0.062376 0.949985 -7.056844 7.051175 4.274774 -1.214535 7.043392
1.883354 -14.302195 -12.096145 -1.405803 0.954716 -6.871504 7.817646 4.095098 -1.073389 6.781980
0.944085 -14.821867 -12.344922 -1.131467 1.219674 -6.955516 7.455162 4.037068 -1.257960 6.998412
7.606709 -7.956604 -8.413978 -5.711013 -0.072534 -4.466016 8.266684 3.702296 0.335481 4.413935
-5.523786 -1.312112 -2.542917 -8.200233 13.606487 -7.031600 1.771509 3.467420 -7.575374 6.573434
2.823035 -9.451607 -8.721932 -3.423736 1.223435 -5.023241 6.521550 3.230290 -0.663912 4.795854
4.489498 -9.244069 -9.176070 -4.273271 0.853519 -5.280699 7.710127 3.688568 0.031394 5.096319
10.453165 -2.433870 -5.096465 -8.918689 0.481087 -3.266960 8.039696 3.423010 1.906270 2.783474
3.328857 -0.504853 -3.651310 -9.262268 6.859286 -4.865950 5.652134 3.436646 -1.888979 4.448624
6.864019 -7.866355 -8.320577 -6.189944 0.254991 -4.643815 8.024974 3.722275 0.702520 4.370283
6.298274 -10.459416 -9.393582 -4.624248 -0.512896 -4.642349 7.637472 3.719129 0.555314 4.255840
11.563060 -0.200927 -4.325212 -10.039333 0.065268 -2.661351 8.333105 3.225626 2.067129 2.576309
1.012289 -15.676122 -12.757604 -0.340225 1.075143 -7.020687 7.485437 4.255657 -1.316695 7.064909
-5.102925 -1.177856 -2.725796 -8.220968 14.222147 -7.059897 2.347062 3.712854 -6.825253 6.044314
8.973516 -5.859780 -7.471230 -7.294822 -0.877230 -3.465217 8.126318 3.384280 1.996516 3.067802
11.341922 -2.537614 -5.336826 -9.115700 -1.145325 -2.330829 8.042093 3.276584 2.501274 2.151315
1.156943 -16.167875 -12.875267 -0.404398 0.891204 -6.939971 7.059230 4.262536 -1.112945 6.866445
2.753561 -2.778200 -4.396087 -8.833332 5.960879 -5.162991 5.554814 3.151237 -1.924007 4.619299
1.592273 -15.821221 -12.721255 -0.508214 0.754095 -6.798654 7.361972 4.195717 -1.062670 6.757214
-3.665384 -1.385506 -3.394147 -9.916407 13.183737 -7.379071 3.116689 3.642555 -6.660387 6.742849
12.893982 -3.364033 -4.943984 -8.866755 -2.449742 -2.145184 7.487857 3.382869 2.937276 1.022161
11.286749 -0.521540 -4.248726 -8.320299 0.237303 -2.709105 8.143904 3.257389 2.080077 2.400595
-3.327608 -0.626679 -2.646679 -9.950695 12.694447 -6.650444 2.780369 3.274645 -6.888382 6.069862
1.406478 -15.057045 -12.294554 -0.505700 0.937779 -6.760038 7.231419 4.092692 -1.328685 6.653269
2.516215 -13.231358 -11.530766 -1.308715 0.631288 -6.321544 7.911453 3.926529 -1.008128 6.376981
2.145149 -13.639983 -11.962573 -1.038940 0.592000 -6.630066 8.219650 4.092537 -0.994793 6.879273
0.967826 -16.439270 -13.254608 0.048718 0.801245 -7.041197 7.420711 4.263889 -1.254296 7.106849
7.038224 -8.177745 -8.315133 -5.776081 -0.119880 -4.745319 7.728925 3.654625 0.794656 4.073320
1.134025 -15.361262 -12.259493 -1.008335 1.155441 -6.754597 6.791902 4.176599 -1.192588 6.699526
6.216254 -7.660393 -8.271222 -5.795466 0.877810 -4.870659 7.812816 3.497601 0.620591 4.441665
-3.815027 -0.958187 -3.031945 -9.042099 12.822870 -6.837775 3.172208 3.692443 -6.352604 6.292833
0.809264 -16.862019 -13.366746 0.058159 0.904265 -7.152901 7.099597 4.353957 -1.226725 7.179513
0.642159 -16.641014 -13.200984 -0.104097 0.982672 -7.120466 7.000721 4.301471 -1.251488 7.226655
5.583484 -8.629716 -9.297168 -4.613925 0.499955 -5.044047 8.456572 3.699628 0.282814 5.133357
0.969536 -16.391687 -13.032729 0.025468 0.745867 -7.051406 7.062933 4.187400 -1.334004 7.095539
11.841176 -0.012382 -3.576304 -8.224945 -1.988237 -1.827104 7.491548 2.513942 2.570852 0.969319
-3.824273 -1.086652 -2.931666 -9.294754 12.934690 -6.768909 2.782784 3.473622 -6.782992 6.197279
4.705923 -0.649879 -3.810995 -9.657291 5.972854 -4.587900 6.578979 3.318218 -1.845822 4.516586
2.112807 -14.585151 -12.205277 -1.207039 0.713835 -6.544765 7.615857 4.038257 -0.802284 6.493314
-3.574600 -1.107276 -2.966046 -9.284891 12.863308 -6.747934 3.052836 3.615105 -6.204570 6.141201
4.576991 -12.322528 -10.324157 -3.069549 0.235935 -5.376168 7.463647 3.895574 -0.193873 5.134427
10.745340 -0.281265 -4.184209 -9.616146 0.432110 -2.667079 7.774444 3.226336 1.943212 2.510997
-3.905881 -0.849578 -2.758095 -9.087637 12.745556 -6.870289 2.444898 3.385848 -7.139058 5.994612
1.700755 -1.021833 -3.229558 -8.537271 7.088459 -4.693676 5.017722 3.026421 -3.066037 4.910018
10.537641 -0.465384 -4.065883 -8.727490 -0.003756 -2.544730 7.731688 3.111593 2.076903 2.330803
4.991032 -9.260201 -8.235798 -5.711743 0.729179 -4.886022 6.608513 3.483523 0.029244 4.388751
3.705960 -0.328356 -3.643304 -9.725366 6.817302 -5.064260 6.028539 3.281758 -2.360788 4.736852
3.579296 -6.409234 -7.084314 -5.690885 2.817316 -5.253411 6.963854 3.526112 -1.614810 5.306459
-6.688430 -3.371616 -3.763346 -6.973663 14.156986 -8.005150 1.360176 3.636533 -8.144586 7.245717
1.801709 -14.655260 -12.369714 -0.536715 0.790932 -6.927224 7.898925 4.161941 -0.972816 6.911341
1.624266 -1.718551 -4.155672 -9.849783 8.107929 -5.602236 5.778233 3.331648 -3.116419 5.692767
2.368054 -12.883606 -11.318799 -1.843664 0.847206 -6.300828 7.738204 3.807483 -0.483666 6.134671
1.065517 -15.266471 -12.363435 -0.403422 1.120266 -6.940837 7.172778 4.119165 -1.289273 7.020733
0.781575 -15.404316 -12.584506 -0.819479 1.310002 -7.106618 7.201044 4.100195 -1.257327 7.085427
10.919819 0.211081 -4.053391 -10.194710 0.261661 -2.669538 7.843929 3.151318 2.091723 2.083468
7.209862 -5.838780 -6.806895 -5.445876 -0.515443 -3.299601 7.247429 3.096655 1.007823 3.328444
1.358273 -14.712880 -12.193540 -0.908259 0.937082 -6.748226 7.312038 4.076669 -1.200629 6.757305
-3.684458 -1.645083 -3.349311 -9.839518 12.858423 -6.915911 3.555613 3.596776 -6.727841 6.935094
7.304410 -1.687061 -3.920172 -8.244578 1.836805 -3.334085 6.288388 2.881013 0.729283 2.509774
11.813883 0.287371 -4.002675 -9.674685 -0.698805 -1.874787 7.755922 2.989187 4.011678 1.378334
2.042431 -13.307942 -11.516657 -1.142876 0.790012 -6.507367 7.593208 3.918479 -0.965142 6.539780
3.153066 -0.552298 -3.452220 -9.652107 7.717635 -5.137549 5.532733 3.501500 -2.985576 5.087775
12.437848 -0.481768 -4.392072 -9.216264 -1.144066 -2.367557 8.203978 3.170594 2.500598 2.190311
0.592069 -14.557500 -11.744828 -1.649423 1.829742 -6.992902 6.969131 4.023088 -1.302280 7.009749
5.232285 -0.353477 -3.533106 -10.910427 6.293759 -4.923359 7.047987 3.282541 -1.988655 4.955427
3.396141 -0.659764 -3.859447 -9.989074 7.417743 -5.108201 5.692977 3.399734 -3.181339 5.092101
5.033131 -0.572607 -3.875795 -10.422867 5.999940 -4.898157 6.750146 3.609435 -0.979689 4.696821
13.093943 -0.642335 -4.621159 -9.721614 -1.241329 -2.246495 8.542036 3.319756 3.470230 1.790403
13.815941 -0.853027 -4.796876 -10.506987 -1.888052 -2.188149 8.831570 3.510895 3.418783 1.572938
1.776536 -15.115582 -12.479781 -1.255644 0.809355 -6.808065 7.696524 4.180191 -0.920562 6.728532
