-11.351881 -5.066130 5.935892 6.034183 -7.314583 -5.646461 -6.448296 6.666964 -7.350874 -12.226027
-8.428337 -4.274008 6.729973 6.715064 -1.542718 -13.108149 -6.973394 10.308890 -11.101387 -8.230088
-1.163740 -1.755325 -0.770820 1.055907 0.461325 -2.980603 -0.283073 1.792338 -0.913224 -2.721256
-3.857891 -1.047930 3.461383 2.560817 1.980199 -7.009968 -2.755056 3.885667 -4.607689 -2.755862
-13.904774 -7.770818 7.046743 6.945694 -10.868983 -7.149694 -7.271332 8.791649 -11.184982 -15.122409
-18.222713 -11.709989 11.722265 7.768217 -21.993490 -1.157820 -10.277411 11.470426 -14.459700 -16.669127
-16.892189 -14.097488 10.437589 8.642586 -24.331596 -5.652650 -7.455936 11.161263 -18.805454 -19.421640
-11.046994 -6.423245 6.969285 7.196223 -4.761409 -16.344006 -4.933322 7.433654 -14.332733 -13.540933
-13.951777 -13.687746 10.133327 9.277277 -20.476124 -14.246029 -6.144866 10.256123 -21.415594 -20.177101
-4.736000 -3.213990 1.293788 3.510792 -5.038182 -5.950171 0.442083 -1.291928 -4.109168 -9.551113
-11.892365 -8.377542 7.587164 7.297520 -13.329387 -11.674162 -2.933398 3.535077 -12.726898 -17.566072
-13.354385 -7.019619 11.259247 6.793682 -13.392323 -9.618036 -4.594769 2.859184 -13.826926 -13.538920
-9.820030 -4.982388 5.193819 5.365921 -6.416615 -5.374447 -5.102942 5.766352 -6.878579 -10.839549
-9.153070 -14.191466 13.859801 13.849624 -13.824536 -33.681854 -11.747664 21.585575 -29.177605 -18.053347
-13.672302 -12.925749 12.771269 11.031615 -16.201031 -22.523973 -10.947390 17.794146 -22.311771 -20.380438
-12.800417 -8.331608 15.676372 7.122071 -18.516781 -13.186760 -4.938482 4.403717 -19.332096 -13.487296
-9.280925 -2.169787 10.713790 4.366076 -5.739199 -13.036009 -1.132882 -2.887627 -11.544532 -9.266978
-17.823227 -15.383812 11.108135 9.792083 -25.223251 -3.923379 -10.824164 14.743399 -20.490671 -18.988741
-1.294859 -2.030319 -0.828752 1.161016 0.119012 -2.826210 -0.409857 1.902092 -0.958983 -3.099789
-10.254296 -4.519860 5.166467 5.350928 -8.185863 -4.841041 -3.983115 2.630478 -6.063433 -12.456307
-9.072224 -2.948670 6.359869 4.789681 -5.734548 -3.800283 -4.132894 2.259913 -5.608589 -8.421859
-14.860851 -6.622432 10.842904 6.573269 -14.582955 -2.343792 -7.865550 6.541375 -10.946795 -12.246585
-13.772478 -10.531325 2.468656 8.025475 -9.245574 -10.248301 -8.296067 14.564637 -11.835030 -19.288132
-12.753579 -18.474735 14.028439 14.361156 -22.035770 -31.963091 -10.873918 20.491703 -31.945782 -25.290127
-10.450708 -7.259329 19.089640 7.910839 -15.567983 -23.193314 -3.057587 0.860092 -24.268715 -10.925460
-11.974653 -7.974272 11.772367 6.146427 -16.258018 -9.738722 -2.184004 0.172086 -16.246065 -13.550113
-11.830503 -9.491772 24.000931 10.645840 -21.472778 -25.828154 -7.276688 5.360960 -28.180721 -11.506377
-16.418537 -9.432541 9.635055 7.189868 -17.185940 -0.867662 -8.851742 9.659538 -12.628593 -14.772084
-8.067282 -3.705393 3.024293 4.481730 -5.828918 -4.718405 -2.428509 1.737780 -4.237113 -10.519994
-18.002806 -17.715530 13.651542 12.949898 -23.525650 -20.276167 -14.037946 22.351370 -27.540741 -24.049120
-17.031063 -16.542778 15.010661 13.147427 -23.598188 -20.082924 -13.485740 20.791130 -26.974695 -21.166731
-3.722795 -0.238298 2.799649 2.042805 -1.512541 -3.045266 -0.833684 -1.305592 -1.865437 -3.564593
-17.535667 -19.718311 19.809376 13.452471 -32.651962 -18.563154 -11.760110 16.683054 -33.845070 -22.271311
-9.991514 -2.411981 11.167727 4.683245 -8.379779 -8.545954 -2.366617 -2.437410 -10.208024 -8.357371
-2.187883 -1.627076 0.159890 1.285748 -0.944020 -2.360629 -0.435285 0.216008 -1.437204 -3.258221
-14.422476 -11.176567 12.903064 7.971878 -18.862015 -16.340271 -4.394058 6.771349 -20.599638 -19.367132
-2.746114 -2.529939 -0.275705 1.869737 -1.817153 -3.617982 -0.196922 0.015934 -2.130092 -5.590634
-4.166010 -2.488317 0.585630 2.509994 -1.720461 -4.074826 -1.335224 2.045236 -1.813613 -6.392390
-16.645792 -13.488993 15.033837 9.218450 -24.468891 -12.787111 -7.538687 10.698388 -21.239395 -19.709148
-6.771400 -4.911028 5.406503 5.653491 -3.402284 -19.968014 0.116066 3.289566 -12.409889 -13.414124
-13.746246 -11.490188 7.261496 8.431546 -14.739906 -12.785379 -6.307900 9.806656 -17.070549 -18.449013
-9.879178 -6.516865 1.486110 6.510958 -3.754842 -9.552053 -7.590729 11.847318 -6.267268 -13.748111
-7.660864 -1.802811 7.000264 3.911259 -3.691309 -8.941115 -1.572977 -0.890409 -7.243218 -7.775249
-11.458264 -16.712803 11.811131 14.996946 -14.133082 -34.823784 -15.423808 28.700817 -31.030678 -21.653008
-5.645127 -0.256394 4.458790 2.889174 -2.644168 -2.938828 -1.940791 -0.589120 -2.014621 -4.839264
-14.490112 -9.456423 6.148173 6.751587 -15.441813 -3.716828 -5.653802 8.478994 -11.079098 -17.880852
-8.935729 -5.500072 3.281511 5.565923 -3.704627 -11.739920 -2.658199 4.795333 -8.081639 -13.688865
-15.272863 -6.650827 16.661947 6.301623 -18.038425 -4.132139 -8.209001 4.974270 -15.496319 -10.060866
-8.893072 -5.667634 3.275796 5.700955 -8.269605 -9.308382 -1.363780 0.768958 -7.856286 -14.448078
-8.124862 -1.318764 9.119912 4.051896 -5.678217 -9.975581 -1.827205 -1.941753 -8.279554 -8.381026
-6.209147 0.208579 6.611765 2.716707 -2.497103 -4.458900 -2.185007 -1.364585 -3.776129 -4.596909
-17.172226 -11.717664 13.667193 7.497991 -22.777248 -4.679049 -7.130084 6.953155 -17.942251 -16.109991
-9.365896 -3.819964 4.159324 4.670433 -2.669828 -6.337500 -5.374767 6.420348 -5.967520 -9.893596
-4.422822 -4.876497 -4.412014 3.412650 3.020984 -8.287719 -4.882567 11.422293 -2.975077 -9.416877
-14.377757 -11.816335 21.939562 10.814696 -24.138493 -22.576725 -8.453422 8.317900 -28.102102 -15.472238
-17.034630 -19.198658 20.926666 13.816555 -31.242989 -20.063969 -13.825163 18.289915 -32.911480 -21.367489
-10.598223 -5.513038 7.971398 6.515273 -7.716506 -11.502840 -4.193901 4.527710 -11.610449 -12.167969
-3.047989 -0.840161 1.441722 1.983544 -1.923222 -2.376523 -0.535129 -1.060737 -1.493576 -3.682473
-11.676867 -6.464952 4.617029 6.686297 -4.843994 -11.172914 -6.818853 9.914614 -9.214326 -14.822221
-11.375598 -11.769996 17.102091 12.647177 -13.827301 -34.246376 -11.686907 19.160772 -30.035921 -15.930968
-12.163710 -15.623271 16.128450 11.962311 -23.978376 -22.720123 -8.759831 13.421265 -28.308826 -19.475428
-15.336494 -10.104055 8.531411 7.299654 -14.081958 -8.413457 -7.080897 9.931170 -13.811380 -18.050974
-11.830676 -8.357400 2.644968 7.166188 -4.742403 -15.368330 -5.758752 11.240873 -11.180048 -18.355188
-9.735903 -6.140680 11.817240 7.024021 -8.788850 -18.179924 -3.345018 2.357570 -17.190807 -11.284975
-12.217493 -6.218191 9.210639 5.537920 -12.312089 -4.322602 -4.438858 1.436768 -11.535036 -11.199336
-15.837870 -7.932539 10.588494 6.996253 -13.285708 -6.291151 -8.648653 10.539627 -12.912998 -14.685176
-16.169468 -17.655220 18.360929 13.741310 -26.951683 -23.858170 -13.062314 19.353828 -32.043499 -21.441671
-18.542007 -20.562527 17.156382 13.441629 -32.622940 -13.078293 -14.841977 20.910973 -30.449327 -22.780972
-13.170355 -6.415711 8.031518 6.746811 -10.051242 -6.546702 -7.263338 7.589486 -10.037649 -13.461364
-13.285207 -8.112121 13.510456 7.148853 -15.884183 -11.327385 -4.914979 4.408864 -16.654938 -13.893134
-13.158623 -6.556023 8.893931 6.508844 -13.290706 -3.574592 -5.575877 4.224154 -10.346395 -13.105725
