-8.303920 -0.483194 -4.302656 3.225722 8.374741 4.927254 5.041175 -0.851820 8.015169 -0.080149
-6.141342 -2.898319 -4.579650 3.445579 7.550726 5.009275 6.369613 -1.706670 7.481488 1.211211
-8.126811 -5.731114 -6.353677 6.899925 12.438476 6.982429 8.791405 -0.284730 13.069932 5.279627
-8.401784 -5.840882 -7.239728 6.838860 13.388367 7.503290 9.236362 0.175586 14.046175 4.706602
-9.395799 -7.907377 -8.663156 8.741924 15.952712 9.292200 10.833222 0.618699 17.424540 7.394826
-6.510119 -2.945636 -4.976902 3.663407 7.918788 5.129127 6.498569 -1.055377 7.829708 0.896347
-9.822187 -7.573511 -8.104379 8.844268 16.619736 8.939663 10.254829 0.922130 17.777283 7.542383
-6.535024 -5.327170 -5.571878 5.404098 10.203196 6.277973 8.021426 -1.035909 10.486259 3.747682
-5.271446 -3.552182 -4.581572 3.556283 7.280552 4.728199 6.299390 -1.416614 7.026153 1.512167
-10.107414 -1.809148 -5.178603 4.822726 10.258760 5.862913 5.996124 0.975767 11.188238 0.669605
-6.152973 -3.199334 -5.436307 3.629660 8.413892 5.086659 6.472540 -0.934971 8.731039 1.103248
-10.897445 -6.450382 -8.248944 8.727936 16.855377 8.898261 9.889134 1.476596 18.016432 6.477313
-8.587877 -5.889345 -6.903096 7.360769 13.217780 7.438947 9.132396 0.274409 14.237155 5.853072
-6.936568 -5.502832 -6.438866 6.067000 11.224562 6.358383 8.245266 -0.608564 11.867476 4.352829
-5.609817 -1.952365 -4.182620 2.435182 6.629149 4.261005 5.250073 -1.397484 6.522875 -0.097026
-7.874257 -3.211286 -5.411464 4.930662 9.166078 5.831469 6.579329 0.002432 9.826777 1.525820
-10.161344 -7.968200 -8.614079 9.187819 17.079437 9.508411 10.637330 0.845986 18.314131 7.719023
-10.146056 -8.777861 -9.058791 9.709467 17.943830 9.824662 11.228528 1.524132 19.467861 8.290041
-7.906386 -3.025631 -5.584629 4.464447 9.376950 6.075321 7.208825 -0.546908 9.978420 1.580917
-9.229878 -4.379089 -6.497490 6.312964 12.244143 6.916503 8.230042 -0.132816 12.909067 3.588962
-6.656580 -1.643493 -4.280577 2.908471 7.388662 4.531371 5.292942 -1.404076 7.298318 0.030382
-9.802323 -8.993265 -8.958940 9.735760 17.658609 9.845713 11.546830 1.176024 19.045210 8.429266
-10.520181 -7.768293 -8.464885 9.323910 17.047743 9.373684 10.708383 1.056771 18.407419 7.410725
-5.349524 -1.946069 -3.761041 2.243681 6.185540 4.040424 5.006525 -1.828884 5.966402 -0.221586
-6.154595 -2.289972 -4.324054 2.768657 6.631589 4.571054 5.496705 -1.438629 6.629810 -0.489107
-6.531084 -5.270745 -5.895739 5.680110 10.355855 6.046395 8.181190 -0.965604 10.656054 3.688727
-8.378139 -6.085134 -7.156190 7.085697 13.183799 7.430858 9.017913 -0.074023 14.091791 5.239434
-5.950861 -2.591161 -4.520063 3.163205 7.007159 4.680775 6.002612 -1.483317 6.755245 0.501582
-10.261070 -1.217898 -5.300148 4.703231 10.759778 6.202287 6.228542 -0.201968 11.286860 0.946153
-5.628151 -2.558225 -4.082101 2.986555 6.768894 4.404603 5.710889 -1.832278 6.225605 0.430617
-6.497200 -5.306194 -5.978500 5.772502 10.271223 6.094908 8.026045 -0.795351 10.634681 3.915566
-7.237946 -2.781322 -4.445111 4.092561 8.440103 5.164399 6.448503 -1.197000 8.232735 0.983623
-10.910725 -8.622099 -9.393501 9.803249 18.343672 10.241785 11.371453 1.456596 19.995485 7.793321
-10.716087 1.128742 -4.419109 3.296527 9.720226 5.419485 4.336055 0.281350 10.120735 -1.098815
-9.592287 -8.521789 -8.959792 9.409900 17.199299 9.493245 11.442847 0.974506 18.686171 8.185815
-12.105958 -0.471863 -5.369948 4.434580 11.069448 6.445562 5.676348 1.049087 11.967617 -0.627605
-6.578623 -3.219516 -4.693742 3.741184 7.577635 5.405121 6.577612 -1.342240 7.685771 1.026425
-7.229379 -4.406300 -6.108606 5.571517 10.239933 6.472048 8.122685 -0.326319 10.962105 3.708189
-4.581758 -3.516189 -4.120869 2.954657 6.651671 4.234421 5.950927 -1.976799 6.249043 1.165420
-11.358250 -2.024174 -6.742174 5.601991 13.156318 7.552013 7.108232 0.999595 14.043722 2.544949
-10.023758 -9.450272 -9.961814 10.072315 18.859280 10.417768 12.211454 1.418355 20.412493 8.578980
-5.716182 -4.216083 -5.121588 4.304400 8.431228 5.081265 6.979286 -1.509955 8.430054 2.040013
-8.568526 -1.218299 -4.491542 3.568906 9.432672 5.097450 4.975569 -1.066964 8.947708 0.565894
-6.522442 -2.269019 -4.376193 3.088619 6.872223 4.913247 5.779405 -1.192247 6.984402 -0.049980
-7.365984 -4.686999 -5.803309 5.917189 10.512586 6.176414 7.676428 -0.324540 10.964966 3.851116
-6.423625 -2.404459 -4.475169 3.058831 6.896137 4.838963 5.732423 -1.673874 6.260448 -0.409765
-10.439118 -9.171341 -9.612189 10.157890 18.655294 10.373156 11.720582 1.439221 20.118902 8.642732
-7.924108 -5.983546 -7.184295 6.857523 12.877044 7.715620 9.381107 0.072141 14.151263 5.685435
-8.420794 -6.488911 -7.085560 7.532552 13.573301 8.002087 9.706757 -0.480475 14.427023 5.530063
-7.400973 -6.606556 -7.039364 6.758353 12.840434 7.781516 9.190310 -0.243133 13.967817 5.656278
-5.091148 -3.591192 -4.127175 3.563934 7.434688 4.518802 6.485147 -1.919112 7.122201 1.731187
-9.993194 -0.641954 -5.504666 4.044188 8.114995 6.122027 5.351742 1.032298 9.636410 -1.840034
-8.599607 -5.707965 -7.230728 6.858287 12.851014 7.844410 9.286513 0.048988 14.013008 4.802102
-9.654402 -7.755417 -8.405082 8.864979 16.323292 9.141769 10.489751 0.814383 17.693663 7.433836
-6.240061 -5.559570 -6.001399 5.627372 10.196536 6.084941 8.111299 -0.985013 10.772051 3.910249
-4.365693 -2.613716 -3.889718 2.688761 6.156029 3.847298 5.488153 -1.401884 5.850475 0.906907
-6.333787 -3.120163 -4.914267 3.767439 7.739708 5.103760 6.319153 -1.214080 7.618642 0.906926
-6.090833 -3.054498 -4.709305 3.403264 7.211348 4.997228 6.293722 -1.416013 6.965910 0.527374
-5.459745 -2.885823 -4.470428 3.316701 7.305691 4.569653 5.889448 -1.468179 7.208728 1.274636
-9.874231 -8.129484 -8.884198 9.304705 17.731169 9.521994 10.958274 1.223187 19.010118 8.197197
-4.928500 -3.265343 -4.315932 2.844810 6.499997 4.384884 5.848650 -1.482638 6.190762 0.673549
-6.048162 -4.174455 -4.802433 4.906493 9.871095 5.652888 7.587460 -0.599592 10.039185 4.147252
-6.001693 -5.995698 -6.526607 5.905919 10.931629 6.641749 8.666347 -0.511814 11.855869 4.949991
-11.143743 -8.786926 -9.669807 10.056875 19.064138 10.452329 11.775757 1.822429 20.450859 7.965088
-9.842273 -9.126415 -9.144069 9.703258 17.876196 9.969365 11.533359 1.296357 19.429976 8.449951
-10.631546 -8.483500 -9.173063 9.667906 18.023993 10.002502 11.054101 1.313861 19.446154 7.982381
-13.167074 1.437915 -5.992842 4.371019 10.979211 7.139025 4.959461 2.013210 12.623500 -1.829837
-12.684411 5.787345 -3.630630 1.521021 8.210922 4.983201 1.403481 2.793811 9.160597 -5.625917
-13.466063 5.548143 -3.546007 1.395731 9.227851 5.255836 1.712181 2.527609 9.708585 -5.383479
