12.050873 4.700708 -3.495831 -15.552782 15.640981 11.553612 0.588064 4.267130 -5.308138 9.755950
9.254679 -4.673398 3.982246 -14.679458 15.669255 13.858367 9.693473 10.809760 5.662435 9.464202
23.466484 -4.865103 22.432560 -33.820160 25.783468 20.394493 -8.258519 25.290752 7.636645 25.172855
18.055851 -22.501547 19.768866 -22.811626 24.649750 21.631397 9.746177 20.891264 20.340002 19.269194
10.172461 4.360302 -7.841633 -13.067237 13.474870 11.578528 -1.274258 1.271833 -8.787437 5.836716
7.087635 13.261333 -16.374668 -9.336911 11.294027 12.798051 4.918144 -3.474381 -11.912791 2.289510
7.463068 12.686540 -12.069953 -5.768677 10.440297 11.870139 3.746318 -7.086737 -8.736259 0.266569
9.405542 -5.526099 -2.668842 -11.247913 14.402467 12.924764 3.144508 3.014905 -1.512513 5.403898
6.004119 6.065405 -8.820836 -4.285118 9.250262 9.862588 4.935268 -6.086771 -4.314796 -0.173786
20.467024 3.843869 12.262593 -17.678211 21.779165 18.537945 5.333998 0.982002 6.990693 13.233302
10.312264 -0.119920 -6.358565 -8.406502 15.131404 13.710524 6.546951 -4.808455 -1.999640 3.641888
8.108023 -4.260125 -3.619590 -6.129101 13.769349 14.688182 11.191675 -3.881392 3.016161 1.751615
11.787482 1.194544 -0.960358 -15.744620 16.209534 13.267884 2.594131 5.386178 -2.555270 9.674228
1.027825 -9.915545 -11.169645 1.114421 9.529889 4.994640 6.656927 -4.436483 -2.957273 0.064076
2.966524 -4.824922 -13.290089 -4.150915 10.858089 6.873707 7.523320 -1.277261 -4.963272 2.565965
8.581945 -2.445270 -1.898891 -2.858114 13.673112 12.036647 14.181367 -6.744713 5.316545 2.471267
13.941195 -19.398857 12.770045 -6.245877 20.734955 19.716076 24.936239 -0.826573 24.177750 8.518221
4.064167 14.582468 -12.172153 -7.978215 6.676234 9.462474 4.557327 -0.983756 -10.788778 0.586614
24.749020 -0.580280 23.018055 -34.063652 25.745422 21.127865 -8.505444 23.475803 6.783690 24.743591
17.052563 10.980139 1.803296 -14.147799 17.815592 16.263718 3.204461 -3.441284 -2.119802 7.931863
14.789511 9.586393 3.965725 -16.916769 17.660812 15.160888 7.076775 5.453084 -0.382672 11.245812
11.682800 15.685349 -6.153246 -9.228415 14.608171 16.885021 12.844779 -5.073661 -3.990890 3.336691
10.934912 9.397064 -12.216725 -16.839647 11.754413 8.069459 -15.452533 4.012189 -19.889414 6.919279
1.697214 -9.850435 -19.004700 -0.742639 10.123789 6.023014 0.068937 -5.394608 -7.786462 0.063945
6.211984 -8.624867 1.101506 3.260891 13.165376 14.355897 26.530500 -9.975976 15.339992 -1.105592
11.311317 5.720038 1.714039 -2.658171 14.152966 13.807663 16.856882 -9.715157 6.544014 1.780347
-1.035542 -21.325413 -11.671644 6.682018 11.699347 15.162253 27.853973 -9.371837 15.306530 -3.740194
7.982705 15.991578 -11.278909 -13.889818 10.421381 11.820362 1.540775 2.880778 -12.967500 4.668133
17.910919 12.350533 1.602570 -21.568901 18.223850 15.975715 -4.986089 5.273297 -7.642917 12.161726
0.326421 -1.440055 -20.168736 -0.936398 9.236136 8.397034 8.128552 -5.578668 -8.769556 -1.624777
1.840982 -0.165775 -17.826460 -1.645313 10.061707 11.560124 9.300437 -6.863547 -6.635395 -2.403502
24.297001 -4.532547 28.665318 -20.384251 27.405380 24.093714 20.355022 10.354314 26.046358 20.911043
-1.177311 7.442962 -23.557606 7.419538 5.998619 11.205482 11.646333 -14.822221 -7.974380 -9.020907
13.912895 -2.091084 10.074107 -5.444266 17.736500 17.426439 23.984762 -4.994157 15.961835 5.918814
24.601292 15.761892 20.737295 -27.316036 22.159996 21.134266 -1.283931 11.756581 4.099341 18.446558
5.181814 0.683558 -13.228606 -1.340765 12.208949 10.931062 10.694964 -9.151896 -3.060587 -0.298149
23.874393 10.806389 17.622883 -25.768682 21.170776 19.151333 -6.622241 9.312870 1.842042 16.768480
20.288874 3.862745 8.160211 -24.737850 22.278378 17.178421 -4.038273 10.573512 -0.433500 17.383535
4.910177 -0.031193 -13.791417 -1.250376 12.438090 12.219127 12.626073 -9.739841 -2.104192 -0.926578
10.178332 -22.910812 3.858960 -7.473102 18.699520 14.198455 9.659371 0.500947 10.992087 7.290332
6.470395 -2.051494 -9.130912 -4.878361 11.621354 10.291625 3.687011 -4.901392 -4.887978 1.038198
10.299498 -8.928158 -4.516711 -15.139243 17.506096 13.289624 2.456757 7.192047 -1.683944 9.412208
12.981589 -14.549716 11.663558 -9.497434 18.775043 17.798134 18.139742 3.019107 18.334646 8.950201
-1.795210 -20.125187 -19.909988 -2.978824 9.634440 3.960618 -1.308979 4.097193 -10.655269 2.349679
20.595497 1.826121 12.818189 -20.797977 24.906761 21.110012 12.368528 6.914567 10.606224 17.468382
11.622261 14.564789 -8.602597 -14.071192 11.438516 7.845568 -9.762131 0.523745 -16.110577 6.374153
12.156863 -4.520045 1.011178 -14.120093 16.158485 13.481810 0.498545 4.086418 -0.935735 8.116050
7.009434 9.535810 -7.082519 -3.905857 12.457828 15.183810 20.862505 -6.487291 1.666303 0.626198
13.868138 1.656996 0.680839 -11.291247 16.250879 13.834750 2.179863 -2.907504 -0.370071 6.668037
14.525852 -2.332935 9.515954 -10.186955 18.849098 14.582118 15.423955 0.166013 11.243929 10.531699
20.967209 2.466232 21.176533 -15.347114 23.856537 20.948864 23.976221 4.264786 21.042650 16.021910
7.385153 13.885372 -18.652899 -6.470432 10.974660 13.666215 1.321679 -8.175994 -14.853270 -0.988952
12.678682 6.835066 -3.328348 -20.205597 15.501409 15.559875 -3.790423 8.994599 -9.613842 8.983940
14.351709 1.095914 -0.903414 -27.774229 16.790699 13.926698 -15.964655 18.650194 -12.605218 14.054873
-0.341783 -12.801983 -15.749716 5.826146 11.367321 15.359889 24.315044 -12.361220 9.192606 -5.296856
-4.366211 7.508848 -27.534498 9.812615 3.218990 4.284124 4.183545 -12.534281 -14.558071 -8.431279
9.928917 -4.290381 -0.485918 -9.137816 15.083517 12.904592 8.951566 -0.422315 2.723969 5.762073
27.328625 9.351662 27.380430 -22.176403 25.520876 22.458652 9.880420 5.098675 16.623386 19.855526
9.278469 -2.658934 -6.490881 -12.588403 14.824864 10.763135 1.400805 3.078724 -5.020323 7.668776
-1.683659 -22.093704 -22.308456 2.552261 11.886851 10.678695 10.380267 -4.250537 -2.896513 -1.996745
2.416690 3.185167 -14.676141 2.543370 8.564849 8.693139 9.768992 -11.504769 -2.467343 -3.047549
8.698968 10.035506 -11.315389 -10.792088 11.760724 9.794817 -2.379451 -1.681010 -13.310560 3.811383
8.438573 -6.598806 -4.290257 -11.343856 13.529409 9.282146 -1.061840 3.673630 -3.380692 6.594989
7.164538 -13.492062 -0.193396 -4.110258 14.795331 12.402513 14.782990 -1.820488 8.934389 4.070797
12.299755 8.418318 -2.707896 -10.786571 15.596682 15.818942 9.635542 -3.178025 -1.050752 5.187588
7.412182 1.871833 -10.424681 -9.420138 14.015343 11.515554 7.942396 0.085334 -4.832485 5.490826
-1.248711 -3.270090 -20.030220 4.836652 7.989289 12.269532 16.469429 -11.557969 -0.662757 -6.107696
0.864057 11.815869 -22.136116 1.394806 5.649593 9.523023 4.541879 -10.463149 -13.521609 -5.771492
10.091976 0.801768 -6.811014 -11.532013 14.967449 12.985184 3.028285 -0.000102 -5.456600 5.683117
8.085197 -2.148787 -4.855069 -5.359083 13.798433 12.511515 11.373897 -4.662583 1.094905 2.388349
14.376503 17.981903 -2.238448 -12.932530 14.553004 14.231584 3.861277 -2.963375 -7.221478 6.096824
