-3.725064 -4.635923 -5.470066 0.776279 3.674922 -0.232997 3.078358 -2.400680 -3.527618 -5.707082
-5.439571 -6.441032 -3.501748 -3.541877 3.722890 4.144747 2.253968 -2.909791 -1.805302 -4.155400
-8.728741 -10.702192 4.724911 -10.381462 6.366940 12.765448 -9.384363 -4.377623 -0.795684 1.438091
-3.088531 -9.837862 -15.132411 -4.794740 -5.432345 2.535594 6.377615 10.800892 16.289307 -14.985108
-7.133133 -10.715899 2.604614 -11.089289 4.704506 13.148895 -8.511766 -2.443279 1.392848 -0.071123
-6.746799 -9.501959 3.151861 -11.977689 4.769440 13.022132 -8.637262 -2.813225 0.685443 1.139561
-7.005828 -9.489617 2.190683 -13.406816 2.158442 13.394814 -6.694458 -1.655900 4.227295 -0.383078
-7.523354 -10.175213 2.414087 1.390634 10.281068 4.803833 -5.809923 -4.648958 -8.322498 -3.361132
-7.164573 -9.586655 3.396859 -11.456849 3.144113 13.000213 -8.440050 -1.880947 3.408007 1.168068
-6.491078 -9.273752 2.811471 -9.733192 4.033309 11.322702 -6.944262 -2.469272 1.235546 -0.475736
-4.771046 -4.632504 -8.207661 -1.289885 2.678930 -0.086889 5.704340 -2.168220 -0.812029 -7.065620
-6.886370 -9.690778 0.361748 5.446204 10.190884 0.310472 -3.571623 -3.960772 -9.224702 -6.148054
-6.449883 -8.116708 -3.082200 -0.190654 8.006753 3.156606 -0.705237 -4.202851 -7.849175 -4.598042
-7.090675 -9.462000 5.073935 -12.608427 3.778148 14.105699 -9.144931 -2.897973 1.612583 0.502853
-3.664581 -5.732345 -5.809186 -1.542974 5.338756 2.681698 1.685838 -2.387860 -3.904964 -6.078833
-3.194542 -5.553344 -6.338633 -1.468316 4.872366 2.708706 2.999171 -2.683728 -5.265860 -6.793350
-6.228830 -8.604618 6.246133 -6.708676 7.624870 10.051867 -9.381577 -4.167323 -4.170265 -0.424379
-6.515912 -9.271280 1.945925 -8.855656 5.846581 10.647624 -7.440530 -3.047685 -1.393555 0.095854
-6.599240 -9.151175 2.288623 -12.937326 3.025504 13.181130 -7.009229 -2.893624 3.375519 1.098022
-6.241554 -10.394478 3.525463 7.988965 11.377241 0.669861 -7.143335 -4.097845 -12.796958 -4.142198
-5.966492 -10.115254 -0.360601 -0.229877 11.539658 5.029385 -4.978371 -4.434273 -11.093329 -2.902051
-6.391304 -8.142275 0.278263 -10.038940 2.853539 10.253427 -4.524990 -2.577658 1.912795 -1.637062
-6.150082 -9.264271 1.949242 -7.585265 7.344156 9.873115 -7.415547 -3.355084 -3.514069 0.082622
-3.394394 -4.833153 -4.509599 1.495298 3.883155 -0.219924 2.265388 -2.315639 -3.551865 -5.940946
-6.108781 -8.758888 -1.667088 4.111969 9.282785 0.389858 -1.925598 -3.511466 -8.970407 -6.124645
-6.130354 -6.812932 4.122602 -9.914459 3.865650 11.163118 -6.770784 -4.221209 -0.016702 0.991297
-5.533022 -7.590974 -1.316919 -2.980031 7.497710 5.654196 -3.371544 -3.774372 -6.099706 -2.322769
0.078154 -3.720706 -26.139912 -9.420391 -15.354927 -1.770134 18.560610 18.902391 30.679586 -17.457394
-5.120720 -8.028227 1.289175 -11.251130 3.854999 11.871945 -5.784805 -2.481724 0.472163 -1.082856
-7.311508 -9.739174 4.342377 -14.370863 3.183609 15.002133 -9.240479 -3.227346 3.129438 2.358870
-7.131499 -9.120377 -6.246774 -1.778563 5.411545 2.677915 1.120967 -1.535789 -0.413108 -5.958633
-5.347511 -8.941769 -0.209169 -7.113965 6.473267 9.510214 -5.784098 -2.903229 -3.410827 -1.973429
-6.289901 -9.091969 3.285654 -11.854132 5.202812 12.918714 -8.894318 -3.351309 -0.288829 0.941945
-7.190699 -8.726622 1.977370 -10.930888 3.271331 11.217121 -6.154311 -3.108899 2.415517 1.514063
-5.898572 -6.360057 3.276369 -9.161081 1.769639 9.431429 -5.897657 -2.386625 2.931847 0.958419
-7.289423 -8.488356 2.712914 -8.388992 4.537154 10.323461 -6.150652 -3.855490 -0.400697 -0.437026
-9.480387 -13.024682 6.539924 4.469227 11.587454 4.537194 -11.376705 -3.882903 -8.496753 -2.159623
-3.666299 -8.785520 4.491449 6.164982 12.042203 2.268901 -7.401474 -5.375224 -15.528110 -4.305781
-4.568488 -5.378645 -7.152847 -0.134243 3.403498 -0.066750 4.115990 -2.282684 -2.380213 -6.614694
-6.594064 -9.099252 3.141018 -12.487039 4.660841 13.344392 -8.421406 -3.388916 0.775785 1.143570
-5.753524 -8.538738 2.854093 -0.158016 9.680834 5.506619 -6.751756 -4.515043 -9.124313 -2.028208
-3.796810 -4.178683 -5.937829 -1.022577 2.807008 0.693381 3.451411 -2.301645 -1.219547 -6.089520
-2.677205 -5.251876 -9.177401 -1.646832 4.123385 1.486958 5.233954 -1.141244 -2.838842 -6.244985
-2.904375 -4.061712 -6.761777 -2.212420 2.988393 2.023150 5.296498 -1.544262 -1.331140 -5.787898
-3.709141 -5.786581 -1.644268 -4.702657 4.796972 6.124296 -1.470334 -2.741444 -3.129749 -3.376836
-4.699807 -8.314657 1.415089 -4.552478 8.572468 8.045296 -6.365839 -3.957656 -7.845841 -2.436231
-5.656676 -7.945417 3.714746 -7.490466 6.875092 9.444416 -7.513691 -3.945089 -3.761324 0.550415
-2.566132 -4.165207 -5.051815 0.324922 3.208184 0.707608 2.720655 -2.280327 -3.822201 -6.384723
-4.794727 -9.993520 4.672492 1.519179 12.214842 5.850295 -10.002684 -4.425799 -13.466267 -4.193735
-2.557187 -4.386724 -5.271817 0.803225 6.832319 1.476825 3.013100 -3.491001 -8.410516 -4.832448
-6.437209 -8.617002 2.707204 -13.020065 3.949415 13.242883 -7.767103 -3.495701 1.568507 1.790060
-3.927405 -5.210304 -5.351564 0.254635 4.015375 0.840637 3.202701 -2.804935 -3.930970 -5.537422
-7.371792 -10.356474 2.593398 -10.153797 6.332596 12.129539 -8.273048 -3.488481 -0.851403 0.489479
-4.543533 -5.278587 -5.538461 -2.922195 1.776375 2.376172 1.715773 -0.580914 1.615941 -6.324317
-4.906529 -5.634091 -5.221104 -1.127741 4.055090 1.380323 3.367369 -3.161554 -3.521994 -5.902322
-3.235812 -4.932502 -8.000395 -0.198663 4.610310 0.927053 5.534241 -2.611976 -4.675746 -6.781963
-7.181496 -10.137735 2.093992 3.609200 10.739934 2.944153 -5.606610 -4.323001 -9.647171 -4.829290
-4.416711 -5.226320 -4.947448 -1.121440 3.768918 1.341796 2.460562 -2.533692 -2.930710 -5.845423
-4.764332 -4.976228 -7.802979 -1.117986 3.249434 0.530588 5.195606 -2.301745 -1.264307 -7.397003
-6.488624 -8.697746 3.268525 -2.404873 9.198215 6.709819 -6.436712 -4.136955 -7.595848 -2.435201
-5.937397 -8.143990 4.485886 1.058828 9.701815 4.161808 -5.595033 -4.602993 -9.210849 -2.320709
-3.530847 -5.697901 1.886861 -3.963200 6.331071 6.237055 -4.672342 -3.583863 -5.541040 -1.323774
-7.021164 -8.898009 6.307507 -12.867443 3.963639 14.296025 -10.098736 -3.818536 1.072470 1.382874
-7.374123 -9.013433 2.154501 -8.892754 5.088957 10.889566 -7.132046 -3.691689 -0.860517 -0.232956
-6.408527 -8.151031 2.419641 -11.498428 4.146105 12.068301 -6.619469 -3.587884 0.753426 0.434127
-6.765907 -8.484064 4.865676 -14.639443 3.086171 14.937724 -8.757370 -3.933332 2.418893 2.522891
-2.987170 -3.768752 -5.665582 -0.400624 3.113092 0.731430 3.996560 -2.533625 -2.354814 -5.996904
-6.229021 -8.065057 2.748237 -11.576593 2.264427 11.871320 -6.666259 -2.365155 2.861279 -0.021573
