-1.830885 20.325106 17.325085 2.464967 -18.016987 -7.253901 -0.877312 13.568693 -9.315725 -0.189346
3.454964 23.287781 9.965034 17.399195 -4.838130 -1.731969 3.114927 1.686819 -0.004372 -2.468089
12.814873 33.527729 -7.868518 57.051952 19.895924 11.900968 6.883760 -13.476839 20.781374 -3.600576
-5.190928 24.295671 6.333557 12.589045 -11.415677 -3.539811 -9.469661 15.848495 -9.816776 0.417780
3.839544 35.787949 1.813834 42.926716 8.407341 1.268671 -3.588427 -4.215696 8.508012 -6.737433
19.089397 35.890228 -21.707382 67.728752 27.000282 20.557821 12.337380 -20.129976 27.595995 2.758421
18.180380 33.311310 -20.356195 62.268261 23.781670 19.657034 12.285540 -18.081230 24.343527 5.085703
1.228090 26.471964 12.866111 22.229609 -3.976207 -3.946607 -0.766557 6.323124 0.741363 -3.682141
19.814453 33.847557 -19.873615 66.453751 27.704052 21.295656 13.148499 -17.895607 27.559893 2.316537
4.457902 36.615883 -1.956632 46.063049 6.440437 6.267110 -2.831397 -7.042144 9.630152 -5.019798
-1.669020 20.430058 18.847498 3.769398 -19.115913 -6.380885 -0.137077 12.749931 -9.707302 -0.240161
-0.721235 21.802044 16.212864 7.310149 -14.125319 -7.587004 -0.802429 13.537999 -5.794625 0.096167
3.170536 30.762848 15.185860 28.531357 -3.394509 -3.362435 3.098664 2.326547 3.736398 -5.205878
17.138325 34.352665 -20.244810 63.114994 22.355366 17.539209 11.537473 -17.260750 24.160269 2.972378
-1.387290 30.882874 17.430765 17.922539 -14.192351 -6.178421 -2.743983 7.783464 -1.889729 -2.198351
-2.894547 26.783340 14.464590 7.520282 -20.026495 -13.005956 -1.811324 8.811804 -3.830997 2.231719
3.196332 32.680733 0.486509 44.592808 8.241568 2.021392 -4.287900 -7.031471 8.080614 -8.107860
18.608904 34.445248 -18.154207 65.772644 24.334236 20.840149 12.391414 -17.327581 25.615389 1.990484
21.574978 38.302711 -23.173487 71.287430 27.391571 24.588379 14.770398 -20.017204 30.019403 3.254140
-1.427906 19.259024 19.780876 8.119969 -13.094339 -7.544690 -1.674324 15.593662 -5.827921 -4.799212
1.378394 34.683456 4.949089 40.352795 5.530344 1.038930 -4.178493 -5.609849 7.265365 -11.630264
3.638463 35.292107 2.314062 40.665958 4.753057 1.786428 -1.410605 -5.487469 6.136852 -7.863729
19.278774 35.324127 -18.804537 66.860336 25.106384 20.775494 12.571589 -17.961542 27.536413 1.676767
-1.213697 18.826263 14.962298 5.205428 -14.877281 -4.805407 -1.721816 13.079365 -7.256525 -1.364376
-0.117856 26.490456 18.493687 17.167933 -10.903255 -3.771489 0.232434 10.209251 -3.733726 -3.588148
22.447536 36.503117 -21.422720 68.205490 27.173729 23.293861 18.533720 -20.932278 30.737431 3.299905
4.429334 36.061489 2.442933 42.662449 6.395796 3.632562 -2.107343 -4.285992 8.184776 -7.929615
-14.922749 28.875441 14.468732 1.453933 -50.610043 6.666969 -4.725492 11.224817 -32.669930 11.058874
3.910115 34.326599 -1.950156 41.683559 6.022196 2.247472 -0.156312 -9.776308 7.462222 -5.271344
21.214916 36.122398 -22.839682 69.980797 27.820078 22.811710 15.061152 -20.913063 29.510630 3.254840
2.430691 36.244457 11.918834 38.841465 0.657821 3.679273 -2.767874 2.209725 5.567717 -8.809121
3.264993 38.031170 3.101676 43.589260 6.828712 3.384518 -4.453213 -4.911013 8.438713 -10.472588
18.921799 35.730225 -21.778452 67.604881 23.967407 21.105412 13.219804 -19.012384 27.117140 3.746666
22.274109 35.711288 -21.207483 68.616196 29.799459 24.740170 15.527182 -16.541824 28.433277 1.054990
25.017178 27.187677 -21.997000 56.566090 28.020502 26.297348 21.358147 -17.191444 29.418163 4.604856
8.200109 30.750170 0.713704 38.148411 7.335773 6.225729 4.600182 -6.755338 13.141359 -4.267621
7.728413 21.606880 18.195330 38.837513 9.182884 2.312351 3.005978 8.431473 12.898481 -8.310802
-2.485974 17.282619 13.464726 1.655211 -10.243532 -17.780823 -7.443398 20.298569 -5.938853 -0.949713
-0.738046 23.095900 17.440672 8.059962 -15.143078 -6.683488 -0.664158 11.576045 -5.567313 -0.941962
18.752808 34.723549 -21.648722 65.614784 23.981049 20.265018 13.149517 -18.627031 27.081903 3.259321
4.689491 31.431810 -1.885050 35.747089 3.770633 3.844182 0.693563 -5.091648 9.161453 -2.364598
-0.046104 19.352219 9.352836 7.410251 -12.894858 -6.684247 0.493024 10.365983 -4.017297 4.702714
-4.180146 34.748749 12.223742 13.524701 -21.448721 -8.077540 -6.721342 9.147399 -0.524375 0.621364
-0.118574 28.064140 13.312184 16.403589 -16.868496 -2.298300 0.582199 3.716976 -6.056664 -1.592811
4.259508 33.096813 -1.712363 38.155148 3.117453 4.828069 0.099472 -5.037599 5.567519 -3.772562
3.560743 33.861374 1.826189 41.757126 7.371121 -0.738714 -3.681081 -6.138319 7.433209 -7.603098
4.863740 35.146828 -2.510278 46.696140 9.834225 4.356959 -3.768348 -7.254492 9.965778 -7.182101
-2.380741 19.132496 13.380365 1.096424 -14.337193 -10.490764 -2.013766 13.691154 -6.257108 1.377901
-1.291995 32.424469 5.697494 35.395893 5.807651 -5.799890 -9.141336 -2.049234 5.027076 -6.560355
-2.071478 25.139400 13.511832 9.115445 -15.442191 -8.972807 -2.659704 8.657192 -2.865130 0.557340
20.998880 34.672394 -22.850025 67.044624 27.302811 22.878525 15.750340 -20.585762 28.680378 2.724532
-1.689871 21.877224 18.088463 5.294994 -16.811695 -7.833937 -0.189412 12.265145 -7.795430 -1.213750
3.918856 35.239658 -0.569349 44.890156 8.215816 4.494308 -3.154283 -6.447974 9.113272 -7.579412
1.890254 18.687927 6.622744 11.857081 -1.147624 -3.686091 0.320124 8.175596 -1.174498 0.119760
0.382474 20.459499 13.725375 7.834020 -12.910265 -6.690710 2.019264 10.324725 -3.143470 0.889444
-3.102736 29.476082 19.241644 9.687359 -21.103283 -9.544618 -4.366899 12.403264 -3.354743 0.950828
-1.436783 21.259167 14.982554 9.632890 -9.245119 -8.063604 -2.994776 13.758627 -6.826840 -1.957953
-0.555649 22.554623 19.287340 6.116162 -15.863499 -10.476269 0.687826 11.890010 -7.338091 0.323032
-0.906279 25.134624 13.445292 10.737984 -14.165174 -6.854626 -1.853721 11.835419 -6.122044 0.977587
3.434829 32.247299 2.047813 39.500179 6.426118 3.126852 -1.944755 -5.318949 8.045773 -6.950519
6.256598 22.487129 -2.905457 34.134480 10.967007 4.505923 0.826732 -1.453114 7.547905 -2.636624
8.062274 25.165325 -8.919617 37.792767 12.297884 3.062243 2.833007 -9.199016 11.275614 0.591455
20.152325 37.011917 -23.682581 70.920311 27.107365 21.983551 14.608293 -21.685518 29.336075 3.964361
6.831244 32.335606 0.765517 43.783264 10.732691 4.835743 -0.032521 -5.391544 12.213290 -6.646582
19.965736 35.157707 -22.747488 65.003754 23.196804 22.712564 15.215571 -19.207722 27.908175 3.866823
21.575005 34.636135 -23.958948 68.194450 26.298363 24.334044 17.638096 -20.654835 28.075443 4.868801
-1.181636 20.483692 18.314791 2.838340 -18.721407 -7.968184 -0.991883 15.021111 -8.449459 -0.571022
20.070774 33.769119 -18.273277 62.726196 24.706081 20.289803 14.633658 -17.147564 26.730841 2.810051
