-11.643237 5.102496 -3.640492 -4.724016 0.284532 -3.712986 5.061744 4.962711 -6.124181 8.260274
-11.892281 4.684752 -4.100293 -4.681058 -0.148456 -3.689314 5.162854 4.989679 -6.751481 8.187094
-3.552971 -21.062391 -12.915977 17.642372 10.743542 -14.768621 19.796677 9.764622 -14.890571 19.186928
-6.011909 -9.880780 -8.245711 8.063469 6.665012 -9.872333 13.174948 6.619393 -9.408957 13.709242
-4.260543 -21.545208 -12.450344 17.026419 10.094088 -13.800980 19.217920 9.444593 -16.684875 17.603989
-11.021749 5.901434 -3.468583 -4.823604 -0.101370 -3.340581 4.756067 4.777555 -5.870966 7.286626
-6.958987 -12.151514 -8.496567 9.099796 5.531041 -9.535003 14.097971 7.035335 -11.837493 14.121746
-6.366240 -2.415557 -5.822636 2.027988 3.412208 -6.009186 7.930622 4.312921 -3.068708 10.725451
-10.859345 2.420036 -4.400363 -1.669479 -0.143401 -4.636431 6.265385 4.427036 -6.354082 8.393144
-5.217631 -5.223433 -6.369162 4.690231 4.223246 -7.910068 9.245321 4.352683 -3.450251 12.467234
-11.897644 7.360222 -2.542937 -4.955979 -0.080947 -2.845023 4.048908 4.917424 -6.868743 6.942408
-6.853748 -8.206545 -8.107244 7.391862 6.092404 -9.803975 12.479034 5.771039 -7.612599 15.227681
-5.611078 -17.761810 -11.501923 13.989676 8.170488 -13.075659 17.920965 8.565168 -13.683012 17.176617
-7.909795 -9.070591 -7.698325 6.723317 4.050226 -8.365342 12.190269 6.149564 -10.548655 11.602941
-12.428841 6.263373 -3.316334 -6.457769 -0.532516 -2.560207 3.948512 4.945917 -6.645438 7.025835
-8.184071 -8.242807 -7.915947 6.715342 4.206623 -9.250603 12.356179 6.175296 -9.773751 13.121025
-1.075642 -26.401016 -13.866926 21.739218 12.275029 -14.907556 21.590210 10.434842 -16.683815 19.876139
-0.708751 -24.074673 -12.440872 20.152897 11.514902 -14.846564 20.985769 9.064387 -14.252756 20.630127
-12.295408 6.318540 -3.741911 -4.932717 -0.137679 -3.536868 4.889321 5.236105 -5.600027 8.348738
-2.900603 -21.874367 -13.766655 17.842724 11.207486 -15.330676 20.275206 9.507715 -13.706368 19.858017
-10.449986 3.759137 -3.841243 -4.221741 0.416698 -3.569226 4.793729 4.653308 -6.499201 7.349765
1.862034 -36.947632 -19.060059 29.841103 18.237022 -20.735855 28.621122 14.523922 -19.397152 27.174578
-4.612374 -17.057030 -11.259924 14.242397 8.017658 -13.074760 17.543053 8.974642 -11.569217 17.566521
-11.381384 5.328963 -3.351284 -5.188153 -0.012599 -3.008667 4.706795 4.702565 -5.886107 7.180954
-12.608616 7.971529 -3.151597 -6.250211 -0.373193 -2.605186 4.248004 5.033483 -5.636244 7.669940
-8.485255 -8.090013 -8.579195 5.394840 5.236855 -9.584569 12.325571 6.271065 -8.789025 14.079818
-6.543307 -16.272179 -10.030145 13.599052 7.591332 -11.419950 17.243082 8.056119 -15.714331 15.241947
-11.887196 6.195165 -3.168187 -5.572494 -0.118818 -2.936550 4.451162 4.882327 -6.830708 7.470579
-7.495278 -6.592658 -7.874660 6.070570 4.607403 -9.295976 11.807690 6.126239 -8.401893 13.356499
-10.949478 5.556581 -3.700067 -4.130438 0.126487 -3.516311 5.206699 4.945126 -6.265701 7.984076
-7.914372 -9.799787 -8.475521 8.247929 4.929094 -10.110488 13.462169 6.818423 -10.906843 13.937354
-6.829322 -1.201566 -5.618529 1.762675 3.529935 -6.562364 8.007831 4.969145 -4.325715 11.110418
2.381246 -39.045876 -21.079889 30.657223 19.452549 -21.936110 29.252190 15.233074 -18.362938 28.142225
-5.960242 -1.731701 -6.558249 1.757304 5.078952 -6.966779 7.915599 4.778774 -3.601820 11.686583
-5.257344 -1.505199 -5.000196 2.276273 3.379575 -5.493289 7.321659 3.641091 -2.284481 10.241449
-6.453517 1.262551 -5.089441 0.630744 2.830472 -6.122757 6.847493 4.812331 -1.060936 11.092113
-12.249535 6.191915 -3.778733 -4.592846 -0.346456 -3.581543 4.787656 5.166003 -5.681107 8.219120
-10.511627 3.551667 -3.825288 -5.069394 1.234942 -3.410925 4.433589 4.924899 -6.458666 7.843261
-11.084108 7.193383 -3.012747 -5.582897 0.116235 -2.550066 3.995036 4.471034 -5.147830 6.874113
-7.771354 -0.016588 -5.348154 2.782231 2.932225 -6.511970 7.624713 4.287752 -3.127093 11.820910
-4.448457 -0.413534 -4.920131 2.634675 6.168025 -6.153891 7.649997 4.185571 -1.316407 12.068945
-6.546295 -1.052510 -5.658153 1.009267 2.969754 -6.049748 7.495771 4.652757 -3.539986 10.256760
-5.360931 0.258708 -5.255316 1.598698 4.000335 -5.708909 6.822953 3.728515 0.042978 10.825155
-11.801971 5.687938 -3.448542 -4.279573 -0.593944 -3.232498 4.595486 4.692451 -6.165132 7.447224
-8.645664 -7.743998 -7.656377 6.566996 4.196419 -9.002490 12.291281 6.308064 -9.912071 12.893555
-11.168756 5.683749 -3.118826 -4.476946 0.438578 -3.318721 5.030956 4.796490 -6.133623 7.623413
-2.281652 -23.799004 -13.283320 20.601030 12.560965 -14.527704 21.587917 10.513315 -17.378185 19.605625
-6.125509 -1.928848 -6.356227 1.804749 4.271665 -6.467309 8.332654 4.803911 -2.590980 11.657307
-5.828021 -4.049417 -6.068558 5.734518 6.007679 -7.469567 9.746598 4.823689 -6.017668 12.545546
-7.258859 -0.152904 -5.160777 0.744548 2.855559 -5.421206 6.507155 4.177660 -2.977696 10.054452
-8.883581 1.305656 -4.158293 -0.788574 1.309907 -4.032981 5.820293 4.184131 -5.701288 7.373610
-8.438896 4.098933 -3.168431 -4.476083 1.596653 -3.209918 4.141970 4.665369 -4.835500 7.352815
-7.186152 -8.369918 -7.685310 7.354131 5.222692 -9.126392 12.521915 6.350053 -9.805721 13.102740
-6.913475 -10.486895 -7.794049 10.057613 6.283446 -9.577126 13.782848 7.046276 -12.222707 14.512690
-11.664211 5.822543 -3.451524 -4.923846 -0.254014 -3.191261 4.884865 4.441309 -5.373528 7.606225
-10.819081 7.176203 -1.784399 -6.731150 -0.076967 -1.442138 2.661469 4.185547 -6.061299 5.456054
-8.379338 -7.825807 -8.102316 6.431067 3.954758 -9.713356 12.316478 6.356596 -10.214416 13.035358
-8.669951 -8.823429 -8.698411 6.850667 4.827688 -9.357434 12.465303 6.564822 -11.461552 12.924609
-3.844723 -20.953375 -11.976723 16.692303 10.431500 -14.187171 18.966667 10.038324 -14.903698 19.563110
-12.509939 6.271893 -3.203287 -6.050068 -0.823531 -2.512316 4.051411 4.843105 -6.917758 6.798686
-6.728564 -0.447415 -5.522180 2.660950 3.611777 -5.629406 7.398383 4.088512 -2.467715 11.365640
-5.730506 -3.248411 -6.013251 3.185323 4.261266 -6.721912 8.577384 4.288689 -3.686278 11.582222
1.577278 -38.292912 -19.513710 29.273478 18.669285 -20.937124 28.349670 14.709429 -18.564054 28.183125
-1.976774 -20.433994 -11.960397 16.507767 11.852835 -13.062054 17.847607 9.154006 -12.579891 18.940166
3.464611 -42.006279 -19.257530 30.740089 19.080278 -20.319262 28.721828 14.892140 -20.073383 25.446257
-8.723544 -8.045109 -8.247275 5.672134 3.997268 -8.927381 11.597955 6.057869 -8.625456 13.244347
-6.226845 -1.814530 -6.464102 2.055728 4.215457 -6.404115 7.605661 4.722154 -3.030561 11.262604
-11.095072 5.877695 -3.311106 -4.762691 0.883781 -3.303515 3.879732 4.874628 -5.646096 7.071343
