-16.475517 12.366763 -10.365868 -15.390511 -28.525232 6.150935 -16.588541 22.881708 -11.852992 -8.791797
-13.202503 8.282758 -12.580311 -12.646946 -23.123508 6.778818 -13.895788 18.986607 -8.956608 -8.332403
-22.612244 13.600560 -45.937012 -21.904585 -47.348770 22.381575 -21.780277 36.190990 -7.865764 -9.028238
-15.706118 10.240418 -22.226484 -14.603397 -28.573809 10.651207 -16.659348 22.733334 -9.430815 -9.545774
-14.188774 9.738873 -9.798382 -13.460329 -25.089130 4.884915 -13.739697 20.025414 -9.050817 -8.438654
-13.930046 12.464404 7.744084 -13.532122 -21.189215 -2.599377 -15.421068 17.329584 -15.460403 -12.230142
-11.137051 9.890166 6.553376 -11.342619 -17.608147 -4.647521 -11.617135 14.776904 -11.837460 -12.015194
-15.031032 10.183223 -11.593367 -13.711360 -25.725172 5.305815 -14.171570 20.453671 -9.146291 -8.636556
-10.843208 8.937037 4.730220 -11.250977 -17.465761 -6.303400 -10.083337 13.589692 -10.819811 -11.740533
-19.318176 12.415894 -34.190533 -19.160168 -40.109043 15.578012 -18.679733 30.523373 -7.917634 -8.917222
-13.385357 11.381127 1.550303 -13.061116 -21.991926 -3.362593 -13.194385 16.745689 -12.063252 -11.417008
-15.284258 13.017640 5.577858 -13.847199 -22.257219 -3.277958 -15.335808 17.698124 -15.210295 -12.791176
-17.159666 11.519977 -17.663321 -15.522630 -31.070717 8.724096 -16.219669 24.012020 -9.458921 -8.288332
-10.773600 10.021558 8.362000 -9.484653 -15.131666 -7.407596 -10.076100 10.889850 -11.251686 -12.661593
-12.199282 11.425367 7.198660 -12.612020 -20.129797 -5.564513 -13.199945 15.849505 -13.737292 -13.010932
-12.846078 10.342968 1.372232 -12.220028 -20.119986 -3.973485 -12.283685 15.711882 -11.049088 -11.818315
-16.842737 12.703472 -15.254731 -15.857779 -30.573507 7.166613 -16.871717 23.645494 -11.037602 -9.590220
-13.049569 11.890454 9.415844 -12.902946 -19.401224 -4.405246 -14.075360 16.287392 -14.631181 -12.846080
-22.574492 13.547514 -45.995811 -21.897852 -47.301292 22.427095 -21.691679 36.117313 -7.743563 -8.966722
-15.192486 12.460502 -1.460625 -14.403322 -24.890049 0.062070 -15.511034 19.753857 -13.307912 -11.408433
-16.996782 11.552037 -21.194090 -16.124620 -32.820263 11.041595 -16.796379 25.428265 -9.081284 -8.178387
-14.976968 13.133021 4.594055 -14.156828 -23.249348 -2.559309 -15.835907 18.814922 -15.249171 -12.550980
-15.303118 13.098804 7.095193 -14.623028 -23.118200 -5.101632 -14.911712 18.293163 -15.054842 -13.310612
-9.719337 10.103372 9.838669 -9.162466 -13.247393 -8.039079 -10.088938 10.630872 -12.781704 -12.849560
-13.681568 11.053380 2.581197 -12.369600 -19.862804 -0.588589 -14.571043 16.224514 -14.016674 -11.974518
-13.371417 10.417689 -1.908359 -12.657442 -21.651535 -0.131378 -13.492249 17.588699 -11.346048 -9.862104
-11.746972 11.782308 8.129707 -12.039752 -18.342176 -5.247904 -13.291943 14.855144 -14.221172 -13.742991
-14.491203 11.637788 3.214810 -13.511252 -22.698954 0.274068 -15.349695 18.759228 -13.845881 -10.344397
-20.073444 13.250713 -30.093266 -18.679628 -39.445477 14.494013 -19.143749 29.949368 -9.092096 -8.724083
-12.371182 12.495101 10.435468 -12.269562 -18.385588 -6.136831 -13.659338 15.029614 -15.108934 -13.970942
-13.779647 12.568543 10.827667 -12.594519 -18.799105 -6.903876 -13.852829 14.794098 -14.882649 -14.535637
-20.570570 13.042005 -34.855396 -19.489649 -41.375103 17.412439 -20.175800 31.644302 -9.012208 -9.098854
-13.010172 12.697103 12.482007 -11.708799 -17.267630 -8.078254 -13.351570 13.955180 -14.954252 -15.033836
-16.220951 11.323546 -16.045532 -14.879844 -29.047604 8.067591 -15.927176 22.773514 -10.005495 -8.971928
-21.902958 13.037246 -43.462448 -21.321095 -45.792946 20.916258 -20.780502 35.051636 -7.627255 -8.929930
-12.735620 11.033452 4.395044 -12.919884 -20.665049 -4.766566 -12.484859 16.342731 -12.637943 -12.421015
-21.296709 12.576552 -41.280510 -20.532160 -43.999451 19.877571 -19.947424 33.522587 -7.188538 -8.551728
-19.880709 13.294402 -30.054022 -18.771950 -39.486755 14.483946 -19.204170 30.070030 -9.303453 -9.028004
-13.807390 13.406996 11.985701 -13.509027 -20.145176 -7.845467 -14.409704 16.350338 -15.826448 -15.710770
-14.551485 9.748206 -21.058666 -14.463282 -28.386564 8.629199 -14.758570 21.945339 -7.345320 -8.798954
-13.578695 10.261312 -1.276480 -12.673179 -21.474970 -0.312326 -13.216119 17.747482 -10.999660 -9.967632
-16.798124 11.947076 -15.477013 -15.642622 -30.266966 7.486098 -16.328081 23.702728 -10.391103 -8.668343
-18.219244 12.040895 -27.434345 -17.660250 -36.387684 12.409628 -17.480278 27.672438 -8.566765 -8.979588
-11.793051 11.409919 10.703716 -11.056862 -17.166510 -7.799011 -12.537555 13.951929 -13.622032 -14.584602
-19.940813 13.265580 -30.175383 -18.760527 -39.377735 14.906956 -19.425600 30.021099 -9.565228 -9.099738
-12.799590 11.367818 8.120375 -13.184584 -20.663534 -7.508963 -12.221704 15.891725 -13.177403 -13.849209
-15.542789 10.939178 -12.203726 -14.213488 -26.902582 4.179519 -14.421033 20.631027 -9.368765 -9.582418
-14.757598 13.000224 8.133661 -13.877577 -21.803934 -3.058999 -15.676270 17.672930 -15.549153 -12.646572
-15.340837 10.072735 -19.424902 -14.808787 -29.333166 7.156186 -14.250531 22.287283 -7.573277 -8.602097
-17.074848 11.745168 -23.820210 -16.308271 -32.865227 12.039363 -17.914904 26.036581 -10.173073 -8.989838
-17.046909 11.281194 -20.239336 -15.918472 -32.174213 10.633172 -16.486437 25.101151 -8.927674 -7.937902
-14.733347 13.224519 11.018833 -13.487868 -20.460985 -6.508110 -14.682371 16.026421 -15.665033 -14.694435
-16.534790 12.167367 -13.162605 -15.361531 -29.545006 8.292161 -16.862095 23.437738 -11.513224 -8.542906
-20.795460 12.695725 -36.087650 -19.797342 -42.195187 18.283478 -19.812622 32.555408 -8.464803 -8.364080
-12.368184 12.510358 10.818035 -12.252918 -18.370283 -6.324076 -14.045811 14.960315 -16.108541 -14.823820
-14.150358 13.547536 14.370637 -12.886615 -18.071093 -7.935929 -14.410764 14.543752 -16.613203 -15.255293
-14.945940 9.865541 -17.003063 -14.368291 -28.056826 8.551226 -14.784374 22.293283 -8.464867 -7.920678
-22.177568 13.834842 -41.860382 -21.390802 -45.999931 20.755365 -21.726532 35.192520 -8.839353 -9.273783
-15.183622 11.984059 -4.440197 -14.137758 -25.206903 2.184323 -15.344277 19.988539 -12.609865 -10.174240
-11.477233 10.899880 11.116522 -10.803524 -15.940432 -8.819340 -11.845409 13.121207 -13.249415 -14.839782
-9.891912 9.043221 9.773712 -10.699880 -15.916653 -7.750972 -9.756849 12.397422 -12.766048 -12.410995
-15.395281 13.415515 7.905138 -14.536667 -23.143675 -4.572873 -15.496289 18.066309 -15.601576 -13.478700
-13.248607 10.342544 0.782610 -13.403048 -21.943064 -2.506074 -12.731908 17.620216 -11.493267 -10.708193
-15.074049 11.328128 -4.514472 -12.915046 -22.557722 1.295621 -14.571733 18.188751 -11.724174 -10.522867
-15.336258 11.073182 -8.591206 -14.306230 -26.261045 4.437437 -14.966675 20.985779 -10.944267 -9.391539
-15.105560 12.610344 4.127722 -14.083509 -23.576635 -1.748609 -15.384737 19.051693 -14.064659 -12.228457
-13.197565 13.343960 12.946144 -13.021324 -19.331465 -9.752823 -13.566136 15.044356 -15.948253 -16.818146
-13.924554 13.338549 13.126844 -13.282015 -19.354235 -8.101515 -14.335802 15.495142 -16.031816 -15.443146
-15.710571 12.139744 -3.736183 -14.397684 -25.313219 1.937091 -15.613626 20.513102 -12.421974 -10.017058
-15.051899 11.984667 0.762776 -13.206356 -21.983068 0.654396 -15.446967 18.069523 -14.030317 -10.188763
-15.413699 11.283669 -2.832075 -14.093060 -24.783381 2.796506 -15.200819 20.300585 -12.449120 -9.053238
