3.835466 -17.588167 -12.855623 -6.064364 4.213459 -9.714420 17.060049 9.773445 -4.752388 7.430592
0.671241 -11.956182 -9.295191 -3.170459 9.591258 -8.077522 13.936218 7.914424 -12.362659 9.577894
11.947369 -43.056992 -28.780851 -12.204034 -13.685072 -12.563067 32.358650 16.317633 16.778845 1.369448
2.951861 -15.315359 -11.453056 -4.913016 6.938782 -9.406131 16.678944 9.071442 -9.246196 8.621182
2.824075 -15.593300 -11.281932 -5.114591 5.659716 -9.142300 15.855358 8.662990 -6.953382 7.928673
-0.307535 -9.278406 -7.771483 -2.409743 12.593628 -7.468896 12.559986 7.047503 -15.858225 9.659528
-0.090758 -9.793435 -8.123159 -2.631828 12.938867 -7.844932 13.202525 7.124703 -16.090729 10.233107
1.812896 -14.155919 -10.742565 -4.431091 8.622049 -9.155372 15.818033 8.580353 -10.782015 9.403148
-0.266608 -9.296677 -7.796175 -2.313064 13.135099 -7.649563 12.643454 6.885564 -16.577866 10.099719
9.287302 -32.057377 -20.214560 -8.460972 -8.072177 -11.175090 25.237833 12.466179 10.018083 1.192411
-0.212952 -9.198542 -7.854408 -2.398413 12.893372 -7.411552 12.515407 6.860182 -15.976642 9.847953
-0.154402 -9.445259 -8.013244 -2.497276 12.914795 -7.685822 12.983335 7.063332 -16.434835 10.015672
5.250381 -20.729534 -14.366079 -7.068077 0.537757 -10.247931 18.967108 10.382107 -0.594758 6.459367
-0.346657 -9.262437 -7.730864 -2.305014 12.326753 -7.362000 12.428667 6.757385 -15.700142 10.099665
-0.307818 -9.745339 -8.092952 -2.385337 12.993551 -7.627139 12.813983 7.184457 -16.205587 10.301628
-0.099459 -9.707237 -8.090117 -2.634631 12.843297 -7.836070 13.095123 7.139498 -16.164930 10.218665
4.665864 -18.977486 -13.513839 -6.547670 2.889379 -10.318299 17.947121 10.427014 -2.833644 6.806959
-0.370444 -9.767570 -8.080385 -2.504308 13.155207 -7.889459 13.338020 7.337327 -16.815012 10.330987
11.967000 -43.155094 -28.804668 -12.224228 -13.693353 -12.564196 32.445580 16.319357 16.819592 1.325269
1.737020 -13.591608 -10.356788 -4.164517 8.532170 -8.802309 15.037053 8.379348 -10.541737 8.874716
6.411821 -22.929157 -15.907198 -8.161701 -1.780152 -10.346214 19.969553 11.148113 2.950787 5.676454
-0.109296 -9.604713 -8.105555 -2.594197 13.056627 -7.744256 13.143179 7.165680 -16.285009 9.985078
-0.211840 -9.570339 -8.088223 -2.490410 13.571399 -7.928851 13.147598 7.158472 -17.090704 10.251225
-0.065830 -9.965889 -8.243172 -2.496674 12.421309 -7.611361 13.156664 7.281754 -15.680863 10.332555
-0.051981 -10.049123 -8.249271 -2.621953 12.413547 -7.741737 13.368251 7.353746 -15.958088 10.282814
-0.021189 -9.799355 -8.219436 -2.672215 12.993788 -7.877285 13.370087 7.205337 -16.297205 10.218928
0.046511 -9.506296 -7.979552 -2.546374 12.758923 -7.582472 12.814431 7.069017 -15.850837 9.783606
-0.299877 -9.723593 -7.993262 -2.539793 12.324930 -7.632108 12.973476 7.135422 -15.659864 9.878822
8.315266 -28.530005 -19.146122 -9.492662 -5.705497 -11.753967 23.739902 13.279308 7.061543 4.650784
-0.128983 -9.534900 -8.019350 -2.581659 13.059717 -7.715047 13.030607 7.154931 -16.230076 9.933147
-0.170608 -9.216580 -7.893739 -2.522695 12.867761 -7.672717 12.772457 6.975321 -16.290415 9.838651
10.734300 -33.609104 -22.166182 -11.427357 -9.180770 -12.272697 26.615923 14.303197 11.441807 3.310549
-0.105390 -9.459750 -8.050592 -2.673676 13.048608 -7.848517 13.120501 6.985434 -16.448793 10.076836
3.118912 -15.301506 -11.229131 -5.109064 6.832924 -9.474484 16.072317 8.994146 -8.139960 7.982071
11.276482 -40.909595 -26.729401 -11.378223 -12.498413 -12.000994 31.042826 15.215541 15.903841 1.449505
-0.177948 -9.618736 -7.997135 -2.493414 13.304132 -7.833818 12.919837 7.127906 -16.485723 10.090315
10.295389 -35.444473 -23.270359 -11.364801 -10.404812 -11.782257 27.971436 14.004865 13.423523 3.233851
9.526866 -31.921520 -20.794914 -10.046143 -9.191908 -11.367348 25.058716 13.450785 11.181859 3.048631
-0.172322 -9.567404 -8.134972 -2.584213 13.467249 -7.923615 13.072697 7.188671 -16.716301 10.142651
2.199402 -14.164140 -10.637343 -4.385531 8.439275 -9.242372 15.682785 8.896126 -10.117446 8.628371
-0.257392 -9.788146 -8.057527 -2.659153 13.064816 -7.928311 13.308974 7.090510 -16.433035 10.340188
4.778019 -19.624960 -13.995927 -6.680320 2.854759 -10.467586 18.535995 10.549046 -2.906162 7.057397
5.227946 -20.334681 -14.009396 -6.646955 1.775137 -10.383770 18.783846 10.545575 -1.357480 6.652772
-0.245899 -9.827650 -8.213516 -2.575684 12.564959 -7.687001 13.116954 7.168912 -15.830009 10.274589
10.002149 -31.672384 -20.852924 -10.427692 -8.258544 -11.653836 25.179260 13.849072 10.391994 3.175057
-0.336747 -9.121326 -7.726047 -2.290306 13.228959 -7.677941 12.296002 6.866820 -16.518576 9.930936
2.808250 -15.194310 -11.035788 -4.872020 6.594478 -9.173308 15.959299 8.692574 -8.157344 8.280903
-0.358794 -9.458059 -7.972553 -2.442515 12.787354 -7.625850 12.930321 7.189215 -16.242455 9.969168
3.630603 -16.705061 -11.601546 -5.195435 3.736247 -9.250935 15.947339 8.903833 -4.153238 6.820573
3.041955 -15.421877 -11.329904 -4.950433 7.064920 -9.608311 16.517134 9.396444 -8.679834 8.271342
5.084198 -20.271309 -14.118574 -7.242023 1.308460 -10.102186 18.679245 10.254723 -0.940141 6.640045
-0.190118 -9.271990 -7.960627 -2.552239 13.177706 -7.774997 12.955595 6.974911 -16.695009 10.044433
4.961047 -20.047592 -14.399318 -7.296442 1.436586 -10.120075 18.692146 10.560644 -1.144747 6.612653
8.900364 -31.614895 -20.730925 -10.802158 -8.655442 -11.668940 25.695650 13.336927 11.628947 5.169917
-0.156341 -9.457145 -7.909266 -2.499671 12.763729 -7.505165 12.754988 7.074517 -15.845856 9.765811
-0.244025 -9.392943 -8.033459 -2.523383 13.238022 -7.770777 13.196642 7.071626 -16.956074 10.227668
2.557836 -14.903911 -10.935849 -4.800718 6.928210 -9.207810 15.812821 8.797436 -8.387246 8.228209
11.464228 -41.005848 -26.789656 -11.289359 -12.930977 -11.815448 30.631762 15.252611 16.032339 1.315433
1.222532 -12.249863 -9.560513 -3.646034 9.698646 -8.405405 14.371534 7.906600 -11.918393 9.122530
-0.221955 -9.682567 -8.029342 -2.643422 12.533736 -7.734072 12.953063 7.059937 -15.878289 10.076127
-0.483744 -9.279033 -7.638539 -2.192693 12.969077 -7.454114 12.383214 6.880816 -16.196016 10.035059
-0.370471 -9.120846 -7.896106 -2.346290 13.460259 -7.713629 12.786784 6.981719 -17.041515 10.144560
-0.246869 -9.553774 -7.981851 -2.522419 13.292595 -7.805552 12.830354 7.058500 -16.547237 10.115254
0.005345 -10.250168 -8.345375 -2.791394 12.173279 -7.776141 13.498165 7.329484 -15.460608 10.423405
1.931501 -14.141528 -10.683578 -4.498897 8.654706 -9.244722 15.677752 8.574325 -10.601319 9.085896
-0.183300 -9.607431 -8.011344 -2.627900 12.705627 -7.745307 12.908402 7.074677 -15.823407 9.872728
-0.165912 -9.429852 -8.003775 -2.432793 13.502398 -7.801188 12.829808 7.092608 -16.742340 10.065177
-0.224645 -9.408975 -8.026432 -2.598867 13.177415 -7.813078 12.963158 7.068234 -16.577284 10.057228
1.211202 -13.216591 -10.153575 -3.984566 9.710363 -8.742935 15.350992 8.164880 -12.104627 9.721646
-0.013449 -9.534353 -7.936436 -2.688676 12.476307 -7.561591 13.103876 6.916041 -15.801323 9.898674
1.389662 -13.567951 -10.199487 -4.041127 8.519673 -8.606449 15.097083 8.065042 -10.665297 9.097610
