6.072230 -24.823456 9.946887 -19.309893 -14.033528 -32.529396 -1.783143 -20.202082 -11.718859 -14.853491
10.501930 -21.780270 5.492057 -15.389708 -8.994148 -25.684053 1.232521 -19.314232 -11.635946 -2.456635
3.137302 -29.179977 17.379025 -20.621822 -17.863106 -36.813446 0.569999 -23.275349 -20.590605 -27.380997
9.638645 -19.104145 -0.782401 -15.462664 -10.409969 -24.482424 -2.171471 -16.120392 -5.990081 2.525117
5.711629 -18.367693 -3.775164 -18.472729 -15.813531 -27.462904 -11.501577 -13.607304 -4.358348 -3.887959
10.009779 -15.819401 -4.631304 -8.975491 -5.777404 -16.582289 9.891131 -15.111678 -3.973053 9.174930
2.924423 -1.959616 -20.868107 -4.668660 -9.141233 -2.952347 -9.679870 3.604181 -1.221471 8.077587
5.772998 -11.322983 -4.817764 -11.629303 -8.097213 -16.938223 -5.000185 -9.441053 0.574472 -1.715379
8.908144 -12.190136 -7.681046 -11.948643 -8.207993 -17.006990 -2.810155 -11.203635 0.065441 9.331409
7.044463 -10.083809 -12.771749 -7.923490 -7.476761 -12.336846 4.074382 -9.121875 3.302838 10.891683
9.717714 2.737000 -27.162991 -2.383759 -3.489479 2.139265 -1.322338 2.535930 5.559966 24.823883
7.547561 -12.724610 -6.170045 -8.954803 -6.070802 -14.730992 5.598033 -11.217887 0.584733 6.563819
7.034192 -18.035315 6.889174 -8.269039 -4.009157 -17.760012 16.140152 -16.015223 -6.009616 -2.542960
12.147804 -6.390741 -14.908980 -6.461678 -2.459453 -7.058278 2.090890 -7.416889 0.865333 18.399836
8.289797 -21.222347 3.166509 -18.817930 -13.620694 -29.888411 -9.334199 -17.884321 -9.672771 -6.809429
6.426128 4.095491 -27.726112 -6.928661 -8.852386 -0.498114 -24.408327 7.656662 -2.390149 17.440449
9.538811 -15.011456 0.279510 -8.792439 -4.440310 -17.071314 10.165134 -14.368220 -1.360335 5.821679
9.905650 -10.795362 -7.499709 -7.324319 -3.524017 -11.924951 7.159902 -10.670591 0.335322 10.989357
1.751455 -28.329298 18.736923 -19.717838 -16.471176 -36.230606 2.988669 -23.239531 -16.886303 -31.007885
2.380640 -8.673550 -15.933171 -9.091150 -12.304254 -12.340783 -3.388623 -2.367939 2.313083 5.391668
7.820071 -27.182880 15.383750 -17.299477 -10.618045 -30.957199 7.090042 -24.464548 -16.361156 -15.057383
3.208599 -7.759398 -20.596867 -11.262285 -14.839228 -14.040701 -10.424818 -1.957716 2.970325 9.201134
6.028723 -16.360058 2.412049 -5.054441 -3.384171 -13.158467 24.275995 -15.140187 -5.967322 2.094120
12.733031 -2.634982 -15.650302 -3.164447 1.995273 -0.074117 5.906562 -5.486969 -2.089134 22.563564
2.576199 -5.118646 -23.134937 -7.120295 -12.254431 -8.623916 -7.548669 -0.045042 3.765505 8.808768
8.391667 -22.886822 7.291166 -16.489342 -10.911818 -27.423220 0.566279 -19.583071 -14.736641 -6.864792
12.675705 -19.426426 5.583145 -12.967742 -4.805625 -21.609245 5.094482 -17.960993 -10.937544 1.560213
15.161614 -20.313637 8.705133 -16.665787 -4.767990 -24.122419 -2.191161 -19.595495 -10.561258 -0.261006
11.394121 -26.416189 15.529948 -19.925434 -10.065521 -32.633911 -1.489810 -23.593306 -15.828654 -12.896510
6.865188 -15.210499 -2.384472 -8.401114 -6.440056 -16.051424 10.585434 -12.770229 -3.241899 4.177370
-1.833419 -21.967564 -0.570141 -15.316110 -19.476505 -28.641710 1.232886 -15.039321 -9.896658 -14.421404
7.028304 -13.024868 -8.464753 -9.703104 -8.623706 -17.204790 2.066963 -11.220387 1.770197 5.581908
7.230253 2.621858 -28.600315 -4.756261 -7.629191 -0.515759 -9.919078 5.712302 4.451196 22.168020
2.599506 -31.422392 19.665188 -23.307646 -19.687464 -40.939728 -1.846146 -25.680174 -21.635422 -31.149424
1.374586 -25.151848 7.899657 -21.462793 -19.689259 -36.028656 -8.940978 -19.304777 -13.821578 -23.072178
12.350245 -12.026300 -5.886322 -11.363636 -4.710684 -16.284948 -2.276805 -12.932735 -0.177247 10.507256
5.095233 -27.490871 20.695923 -20.508427 -13.177288 -33.834984 -0.541396 -22.217333 -21.150103 -27.605793
9.221109 -4.522723 -8.683049 0.069648 2.653881 -0.068382 16.115143 -6.096753 -3.796426 15.964542
5.688901 3.932500 -31.209518 -3.705503 -8.480122 -0.711886 -14.161104 6.510755 4.712756 18.380146
12.043530 -4.111591 -18.822758 -8.147825 -4.074889 -6.227539 -6.985059 -3.854843 -0.961753 20.114080
10.158278 -18.960638 5.580425 -13.469987 -5.742098 -22.646524 3.208813 -17.173676 -6.088261 -3.118192
8.212954 -2.529447 -22.261494 -9.661385 -9.310289 -7.656797 -15.895255 0.294843 2.065986 15.362975
7.209877 -16.704292 3.330751 -10.135893 -5.139265 -18.579853 7.818501 -15.581051 -6.632687 -4.182654
8.854992 -5.527255 -15.448308 -4.264907 -2.872888 -3.820561 6.865988 -5.779096 1.584480 17.293793
3.256173 -2.010914 -23.868076 -5.074800 -9.715615 -4.489261 -9.490958 3.123753 1.870825 11.054479
9.990665 -6.208754 -14.636071 -9.882118 -5.872858 -8.370294 -8.179748 -4.204423 -2.233250 14.250925
11.910416 -5.405175 -11.163733 -5.336099 0.475119 -4.301880 2.626892 -6.568017 -1.551645 15.676209
0.177538 -11.183369 -8.430431 -9.230721 -11.053622 -16.881445 1.049484 -6.872529 3.545617 -4.916137
11.136724 3.042121 -29.151180 -2.065278 -2.512654 3.485650 -0.386785 2.892175 1.661080 29.039309
8.368687 -10.677958 -11.793056 -10.375460 -7.971699 -12.421041 -5.100329 -7.179760 -4.448710 10.125475
1.168949 -10.030266 -14.718787 -13.511548 -17.622402 -14.733072 -27.084267 -0.325509 -13.785179 -4.646698
11.770905 -21.888454 4.601211 -16.520798 -9.260021 -26.491598 -1.268601 -19.878601 -10.478095 -1.071445
6.371545 -7.830712 -18.057652 -11.102242 -11.569941 -12.454475 -7.411029 -3.719729 2.436923 12.949903
10.169696 -14.041365 -2.735282 -14.712431 -8.451044 -23.140512 -8.766000 -14.285514 0.965819 1.132227
6.300546 -19.874847 1.024415 -15.083151 -12.496490 -25.388453 -4.258943 -15.489066 -13.988945 -5.577941
3.764110 -18.292831 -5.592929 -18.783043 -18.374380 -29.366938 -15.985360 -13.124410 -4.301005 -7.468995
11.695738 1.067981 -21.141068 0.446752 2.056126 4.899203 11.647674 -1.112970 2.218436 27.266169
12.433811 -9.519418 -4.702796 -8.482082 -0.648964 -11.481193 1.226424 -9.885703 -3.812047 9.383184
6.692770 -15.008711 -1.520625 -13.079393 -8.612558 -20.563185 -3.836046 -12.207984 -3.767646 -4.217702
6.355306 -7.276579 -19.427200 -11.567156 -12.306992 -12.456682 -12.854041 -2.544342 0.847585 11.043214
5.044911 -9.001364 -10.703540 -7.368802 -7.311590 -8.672218 5.256721 -4.087974 -1.141369 10.847095
10.376571 0.554690 -18.797087 0.943723 2.371266 3.871210 14.219304 -2.145612 4.491387 23.354244
11.160878 -20.295897 4.505796 -14.214552 -7.068379 -22.084593 3.077614 -17.185606 -12.203928 0.366011
6.862093 -1.964839 -21.033234 -3.804598 -4.856281 -3.220887 -1.757882 -1.561939 3.264678 14.276160
11.554980 -5.716521 -10.720024 -3.514269 1.634393 -3.107840 7.968497 -7.836692 -1.736130 16.115824
0.483944 -16.322079 -9.616902 -17.668682 -20.949923 -28.609529 -17.566319 -10.089024 -1.555844 -9.779284
11.118580 -6.039673 -19.347736 -9.477432 -6.704236 -8.625581 -4.139889 -4.305678 -0.319998 21.211582
7.801462 -1.117893 -22.992729 -2.296068 -4.705070 -1.246603 1.873540 -0.409444 4.515851 18.608715
8.704458 -6.622632 -14.781579 -6.724885 -5.216285 -6.433918 3.114482 -4.573085 1.375481 17.049286
9.900667 -9.042372 -9.450438 -5.379546 -1.843928 -7.642439 11.869514 -10.528319 1.303622 14.863050
10.027245 -11.761056 -6.477238 -5.229357 -2.171016 -9.368468 16.781281 -12.207755 -0.777250 14.251782
7.283282 -21.837639 5.945714 -16.596148 -10.871081 -27.893528 1.242998 -18.380255 -5.699137 -7.812980
