-12.067413 -6.557183 -24.969311 -9.861101 -23.354910 -15.695008 13.045254 -10.868583 -14.855351 -31.001762
-11.750485 -6.494613 -24.903389 -9.905686 -23.257128 -15.665881 12.949700 -10.639325 -14.909758 -31.140934
-12.120916 -6.417855 -25.803791 -10.004027 -23.986605 -16.185173 13.134756 -10.964601 -15.389477 -32.124168
-12.138684 -6.550445 -25.761431 -10.030406 -23.988995 -16.141222 13.026312 -10.998306 -15.336918 -31.888273
-12.239515 -6.335004 -26.136921 -9.897862 -23.909006 -16.036291 13.142631 -11.000803 -15.355090 -32.445812
-12.005963 -6.592897 -24.996502 -9.966101 -23.377426 -15.665848 13.006540 -10.904874 -14.925065 -31.022957
-12.227596 -6.449518 -26.218237 -10.159387 -24.094162 -16.153242 13.169557 -11.027572 -15.539392 -32.569954
-11.890311 -6.719902 -25.416834 -10.312703 -24.070536 -16.103313 13.017329 -10.920431 -15.480943 -31.693577
-11.706120 -6.588556 -24.856979 -9.955977 -23.431059 -15.730228 12.799695 -10.628150 -14.947679 -30.986423
-11.999048 -6.425447 -25.352947 -9.893167 -23.744339 -15.923408 13.005792 -10.865653 -15.247178 -31.672457
-11.880800 -6.676058 -24.443287 -10.026133 -23.147318 -15.485521 12.896530 -10.888706 -14.763022 -30.411325
-12.284670 -6.551459 -25.942738 -10.064443 -24.241306 -16.276749 13.171439 -11.124984 -15.553180 -32.218601
-12.036915 -6.379294 -25.704830 -9.859422 -23.819559 -16.032084 13.022972 -10.895253 -15.257614 -31.947454
-11.794863 -6.433871 -25.407696 -9.992927 -23.604715 -15.820664 12.900558 -10.705131 -15.147183 -31.681532
-11.778446 -6.582845 -24.720942 -9.949535 -23.302235 -15.647058 12.897146 -10.800933 -14.794797 -30.584200
-11.805080 -6.478059 -25.310387 -9.929169 -23.652084 -15.896601 12.949770 -10.649889 -15.196872 -31.697517
-12.087463 -6.205144 -26.156895 -9.897357 -23.923716 -16.091568 13.082561 -10.863326 -15.453800 -32.629753
-12.246720 -6.344418 -26.509388 -10.197272 -24.255342 -16.297544 13.242879 -10.922802 -15.864251 -33.310535
-11.890635 -6.722282 -24.715954 -10.029332 -23.457212 -15.774074 12.915292 -10.881895 -14.913276 -30.636869
-12.098970 -6.409207 -25.570770 -9.949338 -23.771671 -16.067392 13.089622 -10.931832 -15.277443 -31.872164
-11.907927 -6.507483 -24.985905 -9.886422 -23.415199 -15.724147 12.994028 -10.839414 -14.885865 -31.031351
-12.280514 -6.314941 -26.723774 -10.109529 -24.610437 -16.521048 13.191751 -11.004558 -15.888599 -33.356068
-12.327913 -6.377808 -26.418987 -10.132748 -24.365286 -16.447702 13.223241 -11.171021 -15.752576 -32.781101
-11.844862 -6.657643 -24.918503 -9.955838 -23.389338 -15.625601 12.881555 -10.769538 -14.882224 -30.886606
-11.903812 -6.801767 -24.776733 -10.156499 -23.355577 -15.637751 13.038766 -10.845025 -14.879491 -30.755434
-12.350267 -6.515506 -25.809277 -10.110286 -23.816881 -15.970238 13.217766 -11.080649 -15.299743 -32.037708
-11.916335 -6.490013 -25.861059 -10.006038 -24.030573 -16.090797 12.932114 -10.734294 -15.450692 -32.263939
-11.779461 -6.564083 -24.731781 -9.861897 -23.249804 -15.605041 12.917208 -10.713036 -14.764497 -30.789608
-11.938115 -6.468760 -25.265728 -9.896612 -23.533894 -15.832565 13.024972 -10.770818 -15.082301 -31.517082
-11.877106 -6.540006 -25.130283 -9.978517 -23.492424 -15.797325 13.026588 -10.728520 -15.022801 -31.465912
-11.879818 -6.457405 -25.439957 -9.909595 -23.789621 -15.964704 12.989142 -10.792183 -15.201016 -31.653698
-12.010293 -6.585995 -24.896324 -9.958671 -23.330416 -15.669922 13.066872 -10.823668 -14.866309 -31.010412
-12.722445 -6.126707 -27.695511 -10.087800 -24.854811 -16.641895 13.382634 -11.288362 -16.326210 -34.514668
-12.124151 -6.428096 -24.938698 -9.776237 -23.345701 -15.700397 13.069655 -10.997319 -14.814944 -30.910624
-12.009153 -6.456867 -25.746754 -10.159799 -23.913385 -16.085186 12.988149 -10.942370 -15.359576 -31.892956
-12.186438 -6.752321 -25.038990 -10.151629 -23.663149 -15.908125 13.190551 -10.998880 -15.087892 -31.181417
-12.037719 -6.729341 -24.914404 -10.132619 -23.493177 -15.751837 13.147859 -10.968475 -15.054846 -31.091539
-11.947855 -6.430862 -24.991245 -9.905330 -23.190193 -15.604187 12.929194 -10.889181 -14.833302 -30.911665
-12.016054 -6.671804 -24.866299 -9.985653 -23.367373 -15.667102 13.067964 -10.918567 -14.827239 -30.824156
-12.112738 -6.516042 -25.553482 -10.094537 -23.660227 -15.936864 13.064707 -10.905286 -15.280777 -31.851574
-12.036865 -6.479228 -24.843325 -9.908559 -23.211439 -15.575245 13.139342 -10.810740 -14.820927 -31.021246
-11.905638 -6.562628 -25.180977 -10.017171 -23.592825 -15.867081 12.983677 -10.808547 -15.054729 -31.278797
-11.998766 -6.540576 -24.754236 -9.910926 -23.298737 -15.646697 13.020358 -10.889213 -14.810807 -30.693003
-11.787231 -6.635983 -24.735723 -10.011992 -23.350359 -15.623668 12.963979 -10.706285 -14.945606 -30.940264
-11.875344 -6.380960 -25.457747 -9.911995 -23.646307 -15.864455 12.935215 -10.712937 -15.209710 -31.819441
-11.933962 -6.460028 -25.139454 -9.903090 -23.262487 -15.593174 12.974326 -10.741810 -14.900813 -31.366655
-12.415550 -6.324149 -27.003540 -10.176005 -24.559673 -16.521711 13.325356 -11.058284 -15.979670 -33.693974
-12.272606 -6.602674 -25.710815 -10.057963 -23.862898 -16.093252 13.085819 -11.209756 -15.245513 -31.670631
-12.383987 -6.553368 -25.780506 -10.040556 -23.992584 -16.085697 13.247518 -11.097742 -15.285969 -31.977482
-12.273590 -6.652040 -25.394264 -10.097005 -23.730558 -15.961638 13.185094 -11.156564 -15.105335 -31.423796
-11.990181 -6.647040 -25.315178 -10.087276 -23.692736 -15.821935 13.062226 -10.922047 -15.070385 -31.376940
-12.004763 -6.534212 -24.860744 -9.960003 -23.290480 -15.665719 12.947400 -10.960809 -14.810309 -30.792887
-11.971025 -6.556290 -25.474241 -10.031698 -23.863596 -16.108208 13.055126 -10.930076 -15.245584 -31.593977
-12.301796 -6.389196 -26.576208 -10.195347 -24.368160 -16.272783 13.188827 -11.019172 -15.766418 -33.182232
-11.771694 -6.697217 -24.473259 -9.960975 -23.156530 -15.544630 12.841191 -10.637282 -14.698221 -30.440058
-11.931026 -6.630912 -24.876566 -10.053549 -23.336796 -15.646046 13.011157 -10.944842 -14.761453 -30.768833
-12.082413 -6.434005 -25.647638 -9.887814 -23.714792 -15.911770 13.107678 -10.885648 -15.258060 -31.992517
-12.066790 -6.535661 -25.572063 -10.062438 -23.674061 -15.893379 13.132899 -10.864097 -15.241946 -31.910639
-12.567641 -6.415890 -26.798693 -10.189417 -24.547354 -16.470129 13.347600 -11.224279 -15.892871 -33.322918
-11.828716 -6.613457 -24.934877 -10.051499 -23.416439 -15.698271 13.035050 -10.799500 -14.952545 -31.068312
-12.383280 -6.635356 -26.040012 -10.235799 -24.014898 -16.201750 13.302721 -11.120732 -15.514277 -32.364410
-12.294811 -6.525724 -25.782154 -10.023574 -23.952559 -16.148970 13.127411 -11.128695 -15.269147 -31.913301
-12.706419 -6.203587 -27.688004 -10.097394 -24.723166 -16.544256 13.486731 -11.293566 -16.200031 -34.549820
-12.486894 -6.205752 -26.805868 -9.816781 -24.239340 -16.230124 13.115548 -11.138570 -15.665154 -33.190460
-12.647451 -6.236671 -27.286949 -10.140759 -24.505400 -16.427805 13.358520 -11.120953 -16.037939 -33.911266
-12.220854 -6.474222 -25.634634 -10.045152 -23.613298 -15.862242 13.130344 -10.953330 -15.251464 -31.865099
-12.230971 -6.558172 -25.291933 -9.979373 -23.654842 -15.935682 13.040606 -11.118703 -15.122111 -31.203360
-12.080761 -6.559098 -24.735094 -9.821219 -23.308792 -15.630444 13.026311 -10.983220 -14.768475 -30.623678
