-0.149614 0.492258 0.028577 -0.407605 -0.103546 -0.325980 0.259667 -0.211282 -0.035802 -0.059850
-0.527956 1.051349 0.068109 -0.911713 -0.503044 -0.792012 0.308360 -0.621643 0.306368 0.225686
-0.280884 0.660273 0.020342 -0.543998 -0.245917 -0.488394 0.257310 -0.331790 0.105049 0.085801
-0.003749 0.266671 -0.104375 -0.193989 0.055510 -0.132490 0.022772 -0.030728 -0.123236 -0.144721
-0.968613 1.675387 0.136654 -1.552373 -0.983319 -1.393227 0.364707 -1.136858 0.708200 0.575897
-0.748307 1.297868 0.148751 -1.193169 -0.754685 -1.032594 0.380466 -0.867482 0.519309 0.444334
-0.505717 0.944889 0.071654 -0.849923 -0.515719 -0.741610 0.228234 -0.610284 0.342627 0.277002
-0.099688 0.343702 -0.058668 -0.259526 -0.060390 -0.237339 -0.008831 -0.116632 0.003233 -0.032928
-0.719426 1.225968 0.140062 -1.186145 -0.732835 -1.041613 0.294279 -0.865886 0.527491 0.439214
-0.976448 1.621695 0.187747 -1.531825 -1.011293 -1.384985 0.410285 -1.162200 0.707624 0.596717
-0.864801 1.457703 0.224660 -1.360624 -0.889953 -1.192082 0.456033 -1.030218 0.627847 0.539853
-0.149254 0.472989 -0.038691 -0.405950 -0.105156 -0.329836 0.076537 -0.213458 0.001746 -0.038239
-0.051948 0.328469 -0.037335 -0.238012 0.018708 -0.207371 0.129832 -0.090980 -0.089780 -0.095710
-0.079181 0.337696 -0.077798 -0.265578 -0.038463 -0.227329 0.000593 -0.135158 -0.030564 -0.075812
-0.469327 0.866656 0.064097 -0.817381 -0.463326 -0.707285 0.198060 -0.570654 0.296504 0.223524
-0.740755 1.292056 0.121356 -1.185946 -0.745190 -1.056554 0.325160 -0.857249 0.526547 0.435153
-0.750204 1.370255 0.093355 -1.257513 -0.731656 -1.112564 0.342828 -0.870001 0.497697 0.371045
-0.052442 0.305476 -0.062154 -0.249679 0.007631 -0.205267 0.005473 -0.082889 -0.078669 -0.114816
-0.729413 1.369125 0.139778 -1.243771 -0.721513 -1.076408 0.396188 -0.894211 0.517556 0.389903
-0.670982 1.148296 0.133023 -1.059395 -0.672801 -0.922880 0.323205 -0.789001 0.480669 0.413707
-0.887874 1.480861 0.138753 -1.372507 -0.899738 -1.222518 0.360782 -1.019681 0.651134 0.552490
-0.673530 1.140160 0.099282 -1.057478 -0.684999 -0.943691 0.235419 -0.779644 0.494122 0.414394
-1.007980 1.677265 0.224528 -1.553900 -1.024145 -1.386481 0.484844 -1.186327 0.732473 0.640931
-0.731036 1.233163 0.143010 -1.136857 -0.737306 -1.014831 0.309041 -0.870797 0.529114 0.442334
-0.386931 0.758637 0.054351 -0.664939 -0.375710 -0.570119 0.156328 -0.469736 0.242623 0.184957
-0.766143 1.408641 0.175951 -1.294567 -0.758129 -1.124377 0.425942 -0.945927 0.534709 0.421237
-0.066736 0.369624 -0.088446 -0.237811 0.006662 -0.221672 0.027644 -0.070868 -0.076996 -0.119698
-0.827698 1.451392 0.164184 -1.334563 -0.822516 -1.167675 0.423599 -0.967102 0.559670 0.477252
-0.040650 0.358680 -0.057634 -0.261648 0.004719 -0.209600 0.036033 -0.073488 -0.084957 -0.136361
-0.182404 0.486126 -0.022870 -0.406777 -0.158902 -0.343534 0.097341 -0.254847 0.062434 0.001918
-0.348275 0.697758 0.004567 -0.649967 -0.313130 -0.551268 0.138956 -0.430778 0.177750 0.123120
-0.749123 1.277751 0.138207 -1.176489 -0.762630 -1.040677 0.307681 -0.885524 0.551262 0.460132
-0.054800 0.340337 -0.100663 -0.272389 0.013428 -0.210968 -0.030352 -0.096626 -0.089370 -0.125939
-0.795713 1.395590 0.100419 -1.282977 -0.786704 -1.134151 0.324547 -0.913105 0.552047 0.455732
-0.297705 0.720651 0.013779 -0.581094 -0.266430 -0.523190 0.226547 -0.369304 0.118919 0.055780
-0.772246 1.266900 0.172226 -1.197022 -0.787047 -1.047112 0.347146 -0.905850 0.566266 0.494357
-0.729790 1.282562 0.069519 -1.204765 -0.720127 -1.057191 0.228332 -0.857263 0.533502 0.434807
-0.903451 1.580444 0.105937 -1.431497 -0.881697 -1.282208 0.320757 -1.036288 0.640670 0.517031
-0.764086 1.316289 0.089744 -1.194197 -0.752684 -1.072998 0.253473 -0.875638 0.560234 0.472878
-0.939806 1.680987 0.210028 -1.534062 -0.943010 -1.372472 0.573247 -1.110916 0.629029 0.515403
-1.103894 1.848984 0.229365 -1.723098 -1.147151 -1.546220 0.542406 -1.289091 0.799938 0.683337
-0.730068 1.253213 0.180475 -1.190426 -0.750678 -1.039274 0.396187 -0.874411 0.505792 0.457822
-0.376617 0.711041 0.062253 -0.640141 -0.367964 -0.547124 0.158193 -0.461540 0.235099 0.190973
-0.746495 1.288376 0.162381 -1.189106 -0.762849 -1.045782 0.361279 -0.893110 0.546993 0.455558
-0.080773 0.355355 -0.082180 -0.284088 -0.026249 -0.234164 0.011193 -0.124128 -0.050419 -0.088690
-0.672171 1.160785 0.127176 -1.063004 -0.673932 -0.958027 0.353349 -0.780960 0.445954 0.382730
-0.715435 1.190877 0.191281 -1.120676 -0.722481 -0.973480 0.399444 -0.858667 0.497666 0.416079
-0.048008 0.292825 -0.085492 -0.229774 0.007382 -0.211341 -0.038601 -0.085228 -0.047275 -0.106638
-0.715409 1.256702 0.062500 -1.142748 -0.702429 -1.029906 0.239403 -0.811834 0.500440 0.412399
-0.022917 0.318362 -0.082906 -0.243036 0.033350 -0.190189 0.066762 -0.059333 -0.128066 -0.179157
-0.732403 1.291952 0.149259 -1.176566 -0.734443 -1.024165 0.428895 -0.845244 0.490246 0.412058
-0.026115 0.283061 -0.042133 -0.217128 0.030400 -0.180076 0.018505 -0.062755 -0.083240 -0.117884
-0.107988 0.455407 -0.067443 -0.377123 -0.060016 -0.322318 0.040647 -0.175248 -0.003078 -0.078477
-0.090180 0.418430 -0.076105 -0.324936 -0.045489 -0.269598 0.007227 -0.139687 -0.046476 -0.097099
-0.059144 0.326374 -0.087160 -0.231608 0.005656 -0.203348 -0.000261 -0.075563 -0.043698 -0.086337
-0.656738 1.139134 0.101516 -1.031162 -0.650877 -0.916274 0.278835 -0.763287 0.466259 0.381363
-0.686140 1.184109 0.177511 -1.111433 -0.701000 -0.963185 0.406703 -0.815720 0.455051 0.398288
-0.073302 0.373841 -0.096014 -0.273141 -0.013452 -0.225491 0.036095 -0.090262 -0.070598 -0.091738
-0.966102 1.552433 0.254878 -1.498308 -1.015919 -1.322196 0.481593 -1.142925 0.714851 0.618856
-0.778140 1.286132 0.145315 -1.211676 -0.792191 -1.053435 0.346794 -0.883551 0.572094 0.492697
-0.221466 0.528730 -0.061538 -0.431342 -0.181942 -0.375380 0.053137 -0.253271 0.079543 0.030643
-0.265793 0.655718 0.011767 -0.564932 -0.234110 -0.484873 0.204252 -0.353190 0.080512 0.022979
-0.335023 0.820210 0.012743 -0.693680 -0.295689 -0.646384 0.437174 -0.430036 0.083110 0.090773
-0.815677 1.488238 0.060892 -1.355560 -0.801018 -1.187986 0.353886 -0.951420 0.583176 0.466413
-0.765373 1.312264 0.135245 -1.219194 -0.769547 -1.072659 0.338708 -0.874147 0.539435 0.447907
-0.072886 0.366833 -0.063862 -0.277483 -0.021628 -0.230281 0.026502 -0.110715 -0.061115 -0.103493
-0.121821 0.444523 -0.062413 -0.359428 -0.062497 -0.285987 0.086659 -0.165621 -0.055488 -0.093573
-0.105550 0.370590 -0.049576 -0.305239 -0.060036 -0.236326 0.025253 -0.137339 -0.027357 -0.058909
-0.075472 0.357286 -0.089460 -0.277167 -0.005060 -0.239580 -0.018197 -0.117448 -0.058405 -0.102858
-0.040626 0.323651 -0.081250 -0.219357 0.013898 -0.202944 0.002285 -0.060517 -0.082179 -0.129631
-0.640900 1.121798 0.138466 -1.037541 -0.651278 -0.899991 0.314542 -0.758544 0.461962 0.381963
-0.651907 1.159279 0.091785 -1.038730 -0.641225 -0.906864 0.263386 -0.756751 0.469109 0.411045
