4.289145 -1.840329 -4.883951 -11.562742 5.246230 -8.382492 -0.293105 1.714054 -1.106705 1.860735
13.490200 -2.402268 -13.449162 -26.651947 14.528730 -20.802402 1.968405 0.013052 -4.821138 1.601082
32.751663 5.877199 -28.767139 -33.700974 21.332273 -36.571621 10.642467 -13.143291 -18.311466 -10.128881
7.666848 -0.977728 -8.111292 -14.795444 7.368968 -11.842490 0.251090 0.304178 -3.003022 1.085959
36.167133 5.825895 -32.645267 -38.515686 25.047926 -41.049309 11.208532 -13.880183 -18.414600 -10.875609
39.045216 9.744783 -33.385212 -37.480419 23.225008 -43.630775 14.921669 -16.087070 -22.289783 -16.899059
28.164072 2.942438 -26.874762 -34.572636 21.790384 -34.429058 7.559427 -9.980076 -13.480147 -6.283478
5.491559 -1.780630 -6.362118 -13.697605 6.411674 -9.988902 -0.293645 1.430545 -1.678385 1.954136
31.185942 5.971848 -27.541798 -30.264626 19.394728 -34.728504 10.200895 -13.371626 -16.542273 -10.935404
30.078173 5.500913 -26.944590 -32.721619 20.270658 -35.187725 9.904732 -10.877292 -16.433254 -9.229732
5.933662 -1.109471 -6.301012 -13.094103 5.772069 -10.193055 0.347069 0.958244 -2.392496 1.119678
4.848082 -1.262754 -5.447312 -11.609289 5.296002 -8.755562 0.002652 1.325392 -1.649942 1.391989
9.680895 -2.126249 -11.159294 -21.399281 10.659587 -15.815180 0.278914 1.064467 -3.198262 2.281519
41.037449 7.919924 -35.695011 -39.901577 26.765524 -45.194050 14.181259 -16.761692 -22.021322 -14.748219
16.825487 -0.449300 -17.063168 -27.167175 15.818247 -23.435001 3.326148 -2.463620 -7.206303 -0.880461
10.415893 -0.492945 -10.016116 -19.026424 9.314150 -15.343197 1.844977 -0.146639 -4.567822 0.057568
29.077158 4.545503 -25.112011 -32.354347 19.886332 -34.160896 9.694578 -9.452662 -15.651709 -9.191928
28.537296 5.859514 -24.887779 -26.041876 16.758495 -31.375336 10.269643 -11.513056 -16.103359 -10.072114
33.714176 5.722280 -30.488829 -35.758369 23.076195 -38.450764 10.739971 -13.830233 -17.892496 -11.059367
5.397896 -1.490673 -5.907824 -12.850893 5.689526 -9.698855 -0.050806 1.266184 -1.957508 1.489947
11.190871 -3.289026 -13.138900 -26.262913 13.601067 -19.724613 0.303735 1.082790 -3.336760 3.534111
17.450747 -0.749329 -17.953634 -28.392851 16.596884 -24.312916 3.544741 -2.782279 -7.230832 -0.128270
22.638132 3.199902 -21.840496 -30.003891 16.849070 -29.346914 6.798948 -6.869131 -12.309635 -5.586887
5.348324 -1.497911 -5.612545 -12.630701 5.717555 -9.595022 0.170107 1.304003 -1.806291 1.438847
4.919692 -1.750044 -5.380190 -12.254161 5.684937 -9.102894 -0.050848 1.450441 -1.382971 1.822696
33.212978 4.125474 -29.117460 -37.564735 24.170357 -38.587841 10.060814 -10.880478 -16.854658 -8.310744
16.199978 -2.152242 -18.216436 -30.109562 17.221302 -24.399612 1.671127 -0.928623 -5.786961 2.049093
7.767198 -0.785941 -7.717760 -14.044779 7.102208 -12.029379 0.835044 -0.461941 -3.401066 0.295031
35.115589 4.574914 -31.802315 -39.900829 25.971022 -41.377808 10.998515 -12.146518 -17.687410 -9.562013
40.769794 10.170009 -34.332535 -37.032410 23.898186 -44.385151 15.389696 -17.676191 -23.034348 -17.817642
6.018658 -1.925448 -7.089251 -15.080776 7.153319 -10.856689 -0.345044 1.376450 -1.709058 2.348359
26.246588 1.379280 -25.304930 -35.530743 22.033575 -33.508259 6.773945 -6.843504 -12.457131 -3.765148
36.498955 5.693898 -32.602222 -37.565121 25.028709 -41.052349 11.484048 -14.022649 -18.978029 -11.565125
34.925465 5.472681 -30.780117 -38.613823 24.129969 -40.642715 11.491230 -12.435011 -18.588772 -10.778811
21.200911 3.567946 -17.967403 -22.745815 13.475552 -25.208790 6.956042 -6.991086 -12.031518 -6.665523
22.236471 -0.229750 -21.773815 -34.628021 20.109716 -30.240936 5.139118 -3.837553 -9.573732 -1.931273
12.419196 2.044383 -10.654153 -13.696945 7.546942 -15.014822 3.979795 -4.171096 -8.001975 -3.786055
11.080157 -0.811021 -10.993044 -17.232088 8.788099 -15.417489 1.824473 -1.336448 -5.042273 -0.368655
5.009965 -1.933431 -6.067390 -12.887366 6.092114 -9.448312 -0.255929 1.504156 -1.418616 2.032849
37.757786 5.911473 -34.392712 -41.650589 26.517145 -43.925434 12.613152 -13.362402 -19.701836 -11.870606
23.613970 1.901559 -22.053799 -28.162796 17.228176 -28.459427 6.229400 -7.323310 -11.990943 -4.082804
4.643306 -1.905458 -5.322482 -12.039263 5.559434 -8.897491 -0.272989 1.640142 -1.277505 1.853815
14.019354 -2.427652 -15.916096 -27.443666 15.792877 -21.805073 1.039605 -0.641352 -4.945842 2.570970
13.070466 -2.819573 -14.102628 -27.791050 14.903272 -21.061913 1.230382 0.300039 -4.561587 2.360979
25.125372 1.051711 -23.727528 -35.344025 21.816973 -32.859604 6.401174 -6.819928 -11.794080 -3.708957
32.354679 3.532594 -31.242592 -40.006222 24.944313 -39.821175 9.569207 -10.181530 -15.850217 -8.005598
33.541233 5.329105 -29.531212 -38.556404 23.405416 -40.209503 11.356969 -11.198471 -18.167740 -10.009372
5.353374 -1.135801 -5.926293 -12.473143 5.584187 -9.306680 0.039579 1.288014 -2.027906 1.184736
27.009365 2.768576 -22.173695 -26.486786 17.512756 -28.909994 7.323786 -9.367207 -14.447973 -6.867766
11.763987 -3.443176 -13.735687 -27.384151 14.714717 -20.378010 0.133870 0.907256 -3.420259 3.477356
34.852234 5.493305 -31.463280 -39.896339 25.263798 -41.437923 11.529041 -12.573509 -18.048447 -10.798030
4.312331 -2.276561 -5.285447 -12.467773 5.895324 -8.796206 -0.670873 1.932606 -0.930868 2.399412
34.724148 4.925612 -31.399599 -37.080894 24.516516 -39.610676 10.788456 -12.472754 -18.281683 -9.390462
6.812685 -1.358729 -7.187028 -14.243965 7.123072 -11.270920 0.385744 0.446634 -2.502858 1.042606
10.773587 -0.140667 -11.060114 -17.391754 9.342843 -15.295186 1.635860 -1.179422 -5.062026 -0.422697
11.078948 -3.185409 -13.306919 -26.819754 13.304031 -19.559273 0.288237 1.524529 -3.422820 3.507819
4.468753 -1.787960 -4.888654 -11.581839 5.361775 -8.546484 -0.177233 1.539840 -1.207401 1.780440
4.889592 -1.906366 -5.839332 -13.411222 5.963130 -9.299088 -0.444598 1.982497 -1.302730 2.212069
7.682877 -2.232911 -8.269274 -17.124027 8.571154 -12.611320 0.111038 1.321749 -2.249326 1.945487
28.857765 3.967922 -24.814049 -31.572708 19.435753 -33.419125 8.713993 -8.938840 -14.948584 -7.645261
11.726918 -0.870935 -10.925211 -18.377350 9.603216 -16.143204 1.714796 -1.288050 -4.768773 -0.000776
21.953304 1.399695 -20.410877 -28.508293 16.720491 -27.483315 5.626225 -5.994731 -10.645858 -4.145238
43.538517 9.815572 -37.216274 -41.012344 26.800232 -48.190643 16.451506 -18.123777 -24.877304 -17.861090
27.080410 2.997389 -24.548149 -32.432014 20.065992 -32.126465 7.670595 -8.589787 -14.050607 -5.773639
34.542427 5.702607 -31.786907 -38.766762 24.666597 -40.637596 11.577075 -13.003940 -18.038776 -11.060410
41.905579 8.588503 -36.609112 -40.061905 26.703968 -46.366547 15.226633 -17.561897 -23.138060 -16.211445
4.323195 -2.130393 -5.207839 -11.974451 5.503768 -8.630212 -0.521041 1.844581 -0.987442 2.124676
32.875313 6.034714 -28.279312 -32.565117 21.652994 -36.314083 10.359858 -13.141259 -18.092403 -10.552674
