11.330739 6.787786 -0.911204 -2.244789 -6.210229 -6.628638 5.483729 -5.967883 7.798987 8.203674
11.393188 6.354599 -0.809594 -2.453349 -6.320278 -6.698961 5.161775 -6.174150 7.325204 8.617010
24.776747 8.444296 -2.063322 -8.838534 -14.775806 -17.614805 11.767670 -14.239598 9.422812 21.096125
28.250963 8.253530 -2.605294 -10.986470 -17.774536 -20.847462 13.084959 -16.939890 9.492224 25.170076
28.477503 7.990060 -2.905206 -11.553616 -17.865955 -21.129318 13.259569 -17.308718 9.128279 25.659386
10.658552 6.404346 -0.822935 -2.309676 -5.500219 -6.183475 4.664980 -5.404028 7.263787 7.923552
26.989323 7.828438 -2.719629 -10.850821 -17.301825 -20.361771 12.773226 -16.405611 9.021651 24.657774
20.283625 7.486575 -1.414170 -6.940472 -12.116521 -13.941534 9.389591 -11.493746 8.563728 17.266129
20.236326 7.080523 -0.986184 -6.915234 -11.831381 -13.700545 9.293703 -11.293271 8.456214 16.774931
24.068933 7.372654 -1.411866 -8.758577 -14.551180 -16.896990 11.069300 -13.491331 8.720162 20.018904
14.535904 6.374057 -0.535528 -4.560277 -8.353161 -9.671335 6.386484 -8.374523 7.333295 11.903712
26.467356 7.602666 -2.642783 -10.660169 -16.845179 -19.798317 12.515863 -16.130388 8.912218 24.304327
25.473906 8.424701 -2.269541 -9.167655 -15.625327 -18.443363 11.960642 -14.612526 9.320641 22.368471
25.697609 8.267843 -2.094085 -9.421859 -15.673729 -18.604647 12.009558 -15.019720 9.190679 22.352133
7.663081 6.469686 -1.059849 -0.598214 -3.724056 -3.977067 3.404266 -3.678692 7.652369 5.121712
21.240561 8.091190 -1.430816 -7.096593 -12.478922 -14.713611 10.089394 -11.590355 8.921230 17.416559
26.957956 8.066292 -2.855982 -10.637792 -17.081448 -20.119183 12.809668 -16.472281 9.231921 24.567146
26.072800 8.000599 -2.639336 -10.144052 -16.539721 -19.224405 12.304279 -16.015375 9.112885 23.781301
11.796111 6.784663 -0.670340 -2.023401 -6.052500 -6.527999 4.881019 -5.985730 7.965425 8.324224
20.502451 7.651899 -1.442041 -6.703008 -12.092629 -13.919035 9.591890 -11.366422 8.711580 17.365597
6.910366 6.110436 -0.695086 -0.432158 -3.363231 -3.249110 3.222096 -3.507436 6.666636 4.757773
26.454084 7.812876 -2.663791 -10.484614 -16.732023 -19.447004 12.449090 -16.184225 9.009510 24.017418
24.873480 8.007324 -2.629221 -9.494177 -15.561701 -18.252626 11.841667 -14.802524 9.027710 22.338297
11.705198 5.489940 -0.788850 -3.566138 -6.629489 -7.839859 5.300030 -6.450047 6.158707 9.322533
7.358112 6.088226 -0.827257 -0.596931 -3.509633 -3.546682 3.009186 -3.477668 6.989577 4.853065
24.541990 7.614396 -1.622843 -8.966675 -14.924711 -17.561703 11.404066 -14.000423 8.900661 21.097647
25.242952 8.212241 -2.576478 -9.407229 -15.309587 -18.381397 11.836168 -14.834271 9.009203 22.061567
8.495046 6.334801 -0.911447 -0.867936 -3.771323 -4.274374 3.639324 -4.287512 7.530909 5.813255
20.643724 7.051445 -1.301501 -7.418715 -12.251429 -14.495643 9.965666 -11.603356 8.256899 17.034758
7.056130 6.117642 -1.206086 -0.395036 -3.018594 -3.319837 3.070331 -3.520931 6.789243 4.683887
20.493158 7.348439 -1.443749 -7.129574 -11.983810 -14.213869 9.626814 -11.664442 8.175187 17.232037
7.194216 6.379210 -1.044918 -1.144015 -3.404791 -3.706743 3.232077 -3.601582 6.462215 5.155690
26.844545 8.206664 -2.664952 -10.580264 -16.866495 -19.624722 12.654101 -16.317230 9.311245 23.981802
9.968912 6.370149 -1.213525 -2.001301 -5.182988 -5.704224 4.955653 -4.823202 7.527298 6.655967
25.800455 7.752473 -2.510756 -10.422271 -16.520216 -19.388096 12.323849 -15.844752 8.989056 23.826365
19.224564 7.150254 -1.241252 -6.772925 -11.235190 -13.039813 8.888736 -10.181317 8.368473 15.224187
13.564922 6.435152 -0.874605 -3.550509 -7.740312 -8.391914 6.134908 -7.086598 7.213380 10.405762
19.776823 7.693536 -1.128822 -6.437515 -11.732574 -13.010707 9.031261 -11.101671 8.801481 16.510544
6.744926 5.591778 -1.096472 -0.317744 -3.182715 -2.952321 2.839499 -3.531197 6.639242 4.720005
25.470976 7.893705 -2.332059 -9.625767 -15.571760 -18.492348 11.844490 -14.817968 8.705715 21.821598
26.573530 7.185287 -2.536784 -11.362561 -17.165102 -19.792049 12.597143 -16.817514 8.566497 24.404688
15.483212 6.662940 -1.142897 -4.718228 -8.871696 -10.203093 7.070925 -8.466402 8.017664 12.591516
10.669561 6.134329 -0.841124 -1.576413 -6.381059 -5.779583 4.661146 -5.538748 7.912346 8.148979
11.608917 6.400830 -0.706449 -2.472882 -6.413939 -6.791464 5.256140 -6.131880 7.529045 8.434573
24.409960 8.650039 -1.836145 -8.631881 -14.605588 -17.284946 11.575452 -13.833661 9.372056 20.688253
6.949296 6.270123 -1.231378 -0.655752 -3.049242 -3.250369 2.968674 -3.248494 6.931183 4.737824
27.075048 7.924792 -2.726044 -10.831369 -17.246407 -19.889397 12.701343 -16.759684 9.301197 24.674997
25.937532 7.861197 -2.359727 -9.930577 -15.993062 -19.009916 12.166712 -15.217449 9.181787 22.808733
25.526419 7.676353 -2.396330 -10.349578 -15.926336 -18.679552 12.003057 -15.726755 8.826607 23.086557
26.050306 8.240976 -2.353002 -9.981446 -15.689678 -18.872326 12.002410 -15.538729 8.744578 22.847128
17.598606 6.816126 -0.973970 -5.684301 -10.116962 -11.545743 7.775207 -9.533743 7.981884 14.285614
16.022011 7.089851 -1.309493 -5.132567 -8.931274 -10.619994 7.115306 -8.577242 7.621699 12.624427
20.832933 7.530372 -1.713250 -7.217075 -12.368170 -14.572750 9.793127 -12.003524 8.585944 17.773327
26.447634 8.208067 -2.781348 -10.264777 -16.714846 -19.600800 12.451181 -15.937760 9.177912 23.939802
25.833277 8.274023 -2.041928 -9.468775 -16.007593 -18.853577 12.025126 -15.238939 9.339828 22.857172
5.963502 5.275920 -0.783943 -0.596711 -2.619633 -2.748292 2.523751 -2.742804 6.490499 4.165413
18.492525 6.627553 -0.979189 -6.413547 -10.662016 -12.624687 8.527315 -10.056620 7.799273 14.970793
17.893347 6.739162 -1.155297 -6.003601 -10.114511 -12.151037 8.025208 -10.036339 8.134148 14.309813
12.541651 6.828121 -0.870216 -3.162680 -6.900586 -7.833641 5.777425 -6.796673 7.595971 9.689516
27.190264 7.770997 -2.844578 -10.940061 -17.436121 -20.509418 12.879471 -16.667557 9.265024 25.010279
10.841006 6.435527 -0.594539 -1.996888 -5.916349 -6.097539 4.577298 -5.787432 7.727025 8.349866
20.110338 7.552595 -1.695105 -6.670797 -12.002977 -13.488346 9.183864 -11.431659 8.577965 16.989882
25.343245 7.907872 -2.101495 -9.656013 -15.719340 -18.532310 11.735724 -15.077589 8.873329 22.539598
28.483604 7.922348 -2.857538 -11.644580 -18.164604 -21.112278 13.322922 -17.655319 9.298066 25.914932
28.104364 8.045356 -2.793052 -11.404314 -17.893661 -20.883400 13.167458 -17.291571 9.202059 25.560490
28.401552 8.401780 -2.913186 -11.390993 -18.094769 -21.182463 13.391429 -17.469572 9.215559 25.787043
23.261129 7.773059 -1.967442 -8.490780 -14.041643 -16.741707 10.756133 -13.117636 8.605568 19.487539
11.342003 6.522519 -1.165477 -2.900225 -5.971860 -6.952062 5.350318 -5.531533 7.280129 8.389744
6.768117 7.571970 -0.749592 0.557066 -2.958743 -3.030997 3.117167 -2.701465 8.235349 3.873687
