-20.616631 -30.791779 5.214637 -17.791174 7.951666 12.926947 31.801697 -57.047459 -18.516689 17.123255
-18.828125 -27.961229 4.039258 -16.915142 7.479898 13.319034 31.659113 -52.910122 -16.340513 15.037291
-22.376236 -31.039173 5.979797 -17.019951 8.071661 12.670450 30.794771 -58.124130 -18.987808 16.387993
-15.946136 -26.804497 2.965944 -16.621632 6.637475 13.611041 32.238556 -49.466610 -14.235693 15.583364
-16.851421 -27.263308 3.325954 -15.042953 5.597882 14.063240 31.368048 -49.569405 -14.327435 15.309521
-0.176228 -10.095409 -5.043964 -9.804701 2.562021 16.314495 30.655470 -19.227993 2.599636 5.466697
-0.702204 -1.850831 -2.451972 9.547754 -10.856033 12.642334 8.858013 5.022827 16.851006 -7.899703
-0.917967 -11.294903 -4.847456 -6.664954 -0.909868 15.581360 29.599724 -20.108198 -0.455382 6.069087
-0.412788 -12.692451 -4.463734 -9.928609 0.740717 17.088387 32.409882 -22.170414 0.388128 8.470179
1.656426 -7.424600 -4.674850 -5.816292 1.260282 15.977182 26.331242 -11.641935 5.438255 2.739630
0.057960 0.310899 -5.069366 8.616373 -7.060352 12.545704 9.738958 6.466858 18.017616 -10.414289
-0.411850 -12.117977 -3.845784 -9.735520 1.778829 15.901897 31.656851 -22.530468 0.346721 8.504246
-14.948547 -25.895489 3.279648 -17.472721 8.408808 12.733723 32.244053 -48.749954 -13.991686 16.337734
2.164467 -1.036421 -6.039919 6.852560 -7.656573 14.461754 15.300577 3.973559 17.419460 -8.579380
-18.565042 -29.727297 5.059632 -17.361073 7.069551 13.508390 32.090050 -54.324219 -15.988619 17.227688
-0.443071 -0.932982 -4.067105 9.686001 -9.758638 13.510270 9.582868 6.241282 18.379070 -9.965189
-1.923074 -10.629611 -5.742671 -11.385983 3.754776 15.009411 31.673048 -24.433300 -2.589189 6.144933
2.347371 -10.994957 -5.392582 -9.321562 1.130786 17.376558 31.270866 -16.939150 4.556184 6.642221
-21.909782 -30.413189 5.886136 -16.314837 8.100665 12.351580 30.283436 -57.047611 -19.057980 16.209835
0.968225 -8.072364 -4.045567 -3.500844 -2.354096 16.215786 24.792797 -11.830746 4.990304 2.041076
-19.036642 -30.372948 5.266087 -19.067135 8.471753 12.697133 32.377609 -55.982624 -17.524939 18.315886
0.692615 -6.310737 -1.798440 4.304324 -9.373764 17.824682 18.899696 -2.124847 14.506243 -2.961742
-9.571615 -11.395846 -3.037278 -10.535666 6.809126 12.222245 27.413832 -29.585190 -4.673715 3.806821
1.392039 0.077908 -6.158656 7.324102 -5.845046 12.810574 11.750631 5.738020 18.202820 -9.902912
-0.415996 -0.681225 -3.875260 8.872004 -8.758242 13.199869 9.817778 5.911712 17.919065 -9.992161
-17.857042 -28.848274 4.429945 -18.170612 7.882766 13.187469 32.286236 -53.284355 -15.874310 16.951365
-15.587547 -26.487385 1.894502 -18.560946 7.788818 12.823865 32.281265 -49.803135 -15.541924 15.096028
-15.350403 -27.673641 2.289555 -18.157425 6.380836 12.678477 31.871716 -50.424019 -15.376179 16.352800
-21.064440 -30.316359 4.454821 -17.773102 7.945027 12.362817 31.333496 -57.145943 -19.510368 15.884245
-8.986338 -19.905956 -0.447746 -15.510106 5.914777 14.174931 32.709732 -38.471123 -7.751484 12.600088
-18.284914 -28.157444 5.487988 -15.693607 7.272551 13.104550 30.731527 -51.802017 -15.155906 16.713356
-1.750323 -13.547529 -3.405130 -10.024811 1.663577 16.762697 32.922211 -25.409634 0.507501 8.463039
0.154594 -0.386646 -4.687464 9.740208 -9.259164 13.454948 9.936071 6.576637 18.867754 -10.331080
-20.756546 -31.415621 5.999910 -18.134796 8.091108 13.017418 32.024139 -57.616463 -18.511564 18.283318
-20.165054 -30.853077 5.679150 -16.569180 6.759676 12.951526 30.944338 -55.980358 -17.823427 17.835682
1.565445 -11.599289 -5.323671 -10.094633 0.306661 16.628984 32.052959 -19.944363 1.444565 7.931849
-22.141438 -30.228273 4.996092 -16.549507 7.990182 11.959293 29.944139 -57.353493 -19.875896 15.252023
2.911425 -0.299021 -5.983109 5.651445 -4.341476 12.198623 13.011129 4.338361 17.042774 -6.913495
-0.223902 -0.939741 -4.152236 9.950866 -10.358583 13.659439 9.731594 6.347401 19.025476 -10.040559
2.121083 -1.329573 -5.574010 8.581770 -10.104698 14.996456 14.136775 5.472486 19.355904 -8.988196
-14.236385 -26.316767 1.687258 -17.147955 6.308057 12.842659 32.095917 -48.415680 -14.694177 15.551322
0.306547 -1.689713 -3.567150 9.294472 -10.938860 14.934970 11.765373 5.283293 18.626749 -9.359971
-16.888948 -26.607563 3.431198 -16.265995 7.463371 12.612618 30.938787 -49.990360 -15.663911 15.154114
0.914011 -0.820112 -5.220275 8.431877 -7.867126 14.136076 12.726086 5.002491 17.551699 -9.879210
0.848732 -1.790972 -2.713312 8.206029 -9.393707 13.582340 11.000820 5.033175 17.373632 -7.836096
2.234175 -0.129024 -7.203828 5.155375 -3.856120 12.333588 14.951475 2.332470 13.765919 -7.711652
-4.482833 -14.802610 -3.089375 -6.826144 -0.682365 14.515471 28.135199 -25.506689 -4.107862 8.055838
0.098089 -0.378386 -4.909316 8.784966 -8.294739 13.240910 10.350115 6.152813 18.706532 -10.316422
0.319783 -11.446891 -4.273707 -6.898303 -1.132091 16.868347 29.058136 -17.626642 3.645830 5.741566
-6.566609 -16.291498 6.528776 1.289451 -16.075710 18.926714 20.078369 -14.509411 10.288612 10.143651
-15.199342 -27.527157 3.161948 -17.729214 6.300391 14.158398 33.373116 -50.113865 -13.791223 16.851883
3.524575 -5.435849 -4.901557 1.023590 -5.857689 17.059509 22.403091 -3.169520 13.535621 -1.680515
-8.437047 -20.128262 -1.582275 -12.324507 1.714565 16.237951 34.087601 -36.919682 -7.839695 11.560900
-19.485603 -29.341795 5.369458 -16.946762 7.497195 13.130487 31.136671 -54.173141 -16.278591 16.400276
-16.465929 -26.952244 4.025698 -13.691450 4.376760 14.098411 30.644608 -48.482826 -13.019541 15.265701
0.169446 0.681928 -5.547190 8.525999 -6.366071 12.353539 9.680135 6.812274 18.212505 -10.637192
1.609478 -12.535607 -5.397052 -9.299057 -0.993181 15.641478 30.613945 -20.345596 1.270897 8.185936
-15.418296 -26.671223 3.441523 -14.158615 4.839644 12.639303 29.853580 -48.010574 -14.037716 15.735163
2.232296 -6.759569 -3.544118 0.222165 -6.169981 16.476418 22.294174 -5.566564 10.003447 -0.512477
1.300095 -1.924142 -4.903956 6.873018 -8.132786 13.505483 13.179854 2.727051 13.184783 -6.854062
0.539577 0.260892 -4.935310 6.943637 -5.378393 11.853522 10.036232 5.695108 16.945608 -9.526199
-16.443293 -26.071707 1.992948 -17.825380 7.521871 12.983319 31.798618 -49.594460 -15.020414 14.177803
0.274508 -0.802584 -4.586186 8.083545 -7.679180 12.933663 10.461516 5.470737 17.009483 -9.319540
0.303021 -8.249225 -4.382411 -6.864052 1.958157 15.265724 27.425001 -15.428400 3.099306 4.189310
-13.023510 -24.237808 3.712828 -11.714046 2.581659 15.152549 30.782438 -42.648716 -9.134153 15.325194
1.049863 -0.710451 -5.811283 8.261716 -8.369173 14.586998 13.403975 5.496351 19.217665 -10.199833
0.309002 -0.564646 -4.124874 8.659531 -8.346051 13.290710 10.671024 6.006916 18.047724 -9.491489
1.462095 -0.304416 -5.640867 6.925925 -6.223117 14.051416 13.959438 4.312624 15.965382 -9.029933
0.850765 -0.929538 -6.232925 4.474383 -3.692468 13.104313 15.622339 0.991223 12.801854 -7.350014
4.014000 -6.424186 -6.292063 -7.194448 2.368206 16.179695 27.212002 -10.409616 8.222219 3.258235
-17.404266 -28.937038 3.833201 -17.435247 7.038767 13.204297 32.436291 -53.004436 -16.573120 17.242764
