-2.922483 -41.188580 14.351186 -4.472861 11.674447 87.530952 -1.147279 18.023281 -41.306271 -26.917692
-3.232725 -37.141109 13.507106 -3.265114 10.200379 78.957603 -2.228552 15.871101 -37.632847 -24.778139
21.203815 -31.516335 3.739811 -18.427177 33.051098 205.928085 30.535408 -4.125053 -17.860144 -43.622520
-1.743115 -37.584469 13.370954 -4.233481 11.897933 88.108887 0.662822 14.305257 -35.931728 -25.759226
-3.103146 -39.183460 13.790701 -3.657261 10.604720 80.844170 -1.508848 17.279125 -38.839161 -25.411797
-12.504456 -42.214642 17.213964 0.630298 2.071841 37.388638 -15.833290 27.260311 -47.602325 -17.382816
-15.922924 -39.289143 18.413635 4.817020 -1.377806 23.506542 -20.386696 29.650347 -46.748756 -13.794952
-4.696621 -39.272907 14.083766 -2.693945 9.280618 74.036369 -4.012865 18.359055 -39.991810 -24.298916
-13.742923 -37.273945 16.519711 3.793541 0.465055 31.005157 -17.156277 25.970446 -44.052952 -14.890523
7.032667 -34.274773 9.774729 -9.955856 20.571501 132.411301 13.908247 8.966182 -28.459324 -31.996233
-6.933419 -38.375294 14.334849 -1.327640 7.553757 64.188988 -6.610752 20.503937 -40.799606 -21.855572
-9.837831 -42.074348 16.161381 -0.526361 5.238103 53.457878 -11.428752 24.287338 -46.045410 -20.457253
0.523105 -38.236008 13.065730 -5.800105 13.972045 98.168694 3.526389 14.219528 -35.728378 -27.597042
-15.521379 -33.898563 17.083782 5.274458 -1.748922 16.873619 -20.279053 27.223976 -42.297646 -10.807384
-14.029380 -37.953442 17.155989 3.699656 0.244262 28.910454 -18.016464 26.898186 -44.724068 -14.684702
-11.576712 -38.833370 15.881037 1.663149 3.233931 43.843563 -13.542388 24.358028 -43.864780 -17.704247
-2.045165 -41.004356 14.107820 -4.969286 12.781014 92.963394 0.709843 17.520487 -40.047573 -27.134598
-15.696318 -41.144314 18.801678 3.834711 -1.003785 25.274359 -20.311810 30.088190 -48.407398 -14.645603
21.106552 -31.671412 3.876441 -18.441807 32.997974 205.831680 30.527401 -3.931628 -17.983253 -43.649689
-3.734258 -40.561966 14.378097 -3.753199 10.620173 81.437782 -2.060815 18.610495 -40.523487 -25.447128
2.522672 -38.184570 12.358376 -6.976702 15.571891 109.233437 5.919379 12.469428 -34.797886 -29.673016
-9.403746 -43.050594 16.234875 -0.964006 5.625796 56.838757 -10.908754 24.348671 -46.660091 -21.573400
-7.371480 -40.507088 15.093485 -1.277459 7.263523 63.116608 -7.840319 21.818310 -43.474674 -22.257084
-16.757553 -37.520714 18.610813 5.476475 -2.090151 18.661682 -21.950300 29.652481 -46.563686 -12.146090
-12.938715 -41.345425 17.368816 1.787130 1.916482 38.478931 -16.220446 26.680635 -47.131016 -17.418867
-9.161713 -40.434078 15.373794 -0.255710 5.382717 55.077415 -10.129350 23.200157 -43.908672 -20.632151
-14.934072 -39.094158 17.700302 3.401493 -0.260887 26.740067 -18.804214 28.124712 -46.092670 -14.186589
-8.352760 -43.453854 16.226145 -1.778362 6.208849 60.058479 -9.682582 23.628939 -46.452900 -22.557411
3.347180 -38.616726 12.069019 -7.732481 16.919828 114.991447 7.525449 12.648840 -34.565685 -30.410498
-15.903326 -40.519390 18.591373 3.866724 -0.976915 24.744183 -20.224789 30.021156 -47.987019 -14.173912
-14.924345 -37.666050 17.232487 3.508190 -0.524823 23.702110 -19.222301 27.554340 -45.055721 -13.129720
12.679407 -35.186893 8.114440 -13.387767 25.171799 163.271820 19.900414 3.861094 -25.726063 -37.531425
-16.325016 -38.756657 18.652998 4.610709 -1.821878 19.622599 -21.314579 29.825642 -46.933521 -12.555603
-2.582735 -39.348499 13.935689 -4.140596 11.327052 84.527779 -0.596055 16.692865 -38.521465 -25.615280
16.729137 -31.850990 6.097096 -15.839797 28.844585 182.933777 25.439831 -0.293470 -20.718161 -40.066498
-11.194893 -39.831512 16.050129 1.467306 3.595924 45.615486 -13.222192 25.004848 -45.020046 -18.468714
13.512766 -33.456356 7.647823 -13.442488 25.691006 165.432129 20.778969 2.668819 -23.637192 -37.611755
8.013539 -36.111240 9.649247 -10.652102 21.430599 137.775879 14.181376 8.515977 -29.451107 -33.479351
-15.552799 -38.905670 17.952850 4.112528 -0.862603 23.986687 -19.761435 29.042881 -46.180218 -13.443527
-3.457517 -37.000793 13.166306 -3.248214 10.414073 79.372658 -1.254547 16.811974 -36.754475 -23.888039
-10.299906 -42.221058 16.376255 0.255110 4.515221 51.962311 -12.199946 25.058523 -46.353542 -20.505037
-0.399850 -39.008343 13.476574 -5.498325 13.540668 95.769554 2.320547 15.416508 -37.263515 -27.366528
-0.476316 -37.901611 13.174364 -4.999863 13.452946 95.659920 3.008631 15.387615 -35.911331 -26.822001
-16.101624 -37.561405 18.336418 5.022567 -1.777102 19.887569 -20.720873 29.189926 -45.328449 -12.381451
9.214739 -36.565987 9.483012 -11.445639 22.488779 145.647354 15.614390 7.451769 -29.161396 -34.843708
-9.739736 -37.142597 14.671184 0.978533 4.338193 46.309383 -11.468927 22.615856 -41.899105 -18.136782
-2.544685 -38.465332 13.643673 -3.713518 11.224336 83.798836 -0.611545 16.536091 -37.524158 -25.212214
-11.964600 -41.977962 16.951584 0.220274 2.755599 40.672836 -14.817934 26.558069 -46.932800 -17.933865
-1.565789 -36.719013 12.906356 -4.125650 12.295534 88.452034 1.469804 15.864094 -35.659458 -25.179831
-3.122022 -39.999050 14.165576 -4.096698 11.288144 86.349274 -0.845150 17.060005 -39.769054 -26.116608
-0.021365 -38.822704 13.161065 -5.520948 13.364949 96.463188 2.269948 14.643180 -37.015751 -27.973402
-12.448298 -40.272198 16.695980 1.459376 2.269576 36.889099 -15.807761 26.242275 -46.142487 -16.709614
-0.062164 -40.743130 13.785364 -5.966546 13.479139 99.539635 1.838831 15.395888 -39.125145 -28.854555
10.154035 -34.880096 9.485331 -11.108044 21.928242 146.647064 15.006976 5.852161 -27.826714 -35.110294
-16.021954 -40.577831 18.703730 4.141216 -1.173502 23.646214 -21.000721 30.018023 -48.575672 -14.010289
-16.690340 -39.119946 19.004936 4.531354 -2.067203 17.993567 -22.260542 30.680998 -48.151325 -12.394962
-2.765464 -38.630222 13.784991 -3.714793 10.851647 82.913261 -1.020203 16.704090 -38.173023 -25.586128
16.837624 -32.735664 5.940580 -16.061947 28.996195 183.815430 25.623747 -0.054120 -21.555614 -40.155560
-5.218605 -41.089466 14.699975 -3.087963 9.288221 74.352386 -4.311696 19.897144 -42.107601 -24.384285
-16.009882 -37.594654 18.312408 4.833501 -1.733586 19.486563 -20.734665 29.018396 -45.509232 -12.318316
-16.043612 -35.896152 17.816460 5.920860 -2.248070 18.005102 -21.160873 28.499241 -45.016766 -11.931854
-8.650953 -40.795357 15.394534 -0.956988 5.908840 55.537239 -9.980391 22.955460 -44.333836 -20.790926
-7.448285 -39.336819 14.551541 -1.287095 7.077616 62.089096 -7.448374 21.225351 -42.360149 -21.779884
-8.208717 -41.453503 15.531198 -1.193535 6.728206 62.120579 -8.731886 22.266050 -44.250385 -22.226404
-4.081161 -41.236622 14.758348 -3.502032 10.169072 80.262993 -2.773865 18.890316 -41.390797 -25.628239
-8.182170 -41.922573 15.476134 -1.564467 6.419679 59.433147 -8.960856 23.028389 -44.617249 -21.899155
-16.246471 -36.917427 17.907799 5.095629 -1.899184 18.357933 -21.167789 29.121265 -45.517063 -11.715460
-15.961173 -38.809559 18.441032 4.243435 -1.557184 19.912388 -20.980293 29.673309 -46.779526 -12.655037
-6.216501 -42.452648 15.348227 -2.736932 8.735584 72.051010 -5.936497 21.399717 -44.147251 -24.540249
-8.609194 -43.592529 16.219269 -1.829743 6.459740 61.052673 -9.497323 23.728107 -46.846790 -22.474977
-5.559750 -42.046307 15.398530 -3.218869 9.160516 73.857765 -5.000616 20.814053 -43.776691 -24.690739
