0.005411 -0.023881 -0.040466 -0.028942 0.040913 -0.037799 -0.036802 -0.072270 -0.009383 -0.049976
0.005379 -0.023021 -0.039595 -0.028361 0.040224 -0.037457 -0.035292 -0.070238 -0.008861 -0.049212
0.005725 -0.023877 -0.040052 -0.029092 0.040759 -0.037680 -0.036813 -0.071955 -0.009289 -0.049622
0.006035 -0.023561 -0.040283 -0.029242 0.040390 -0.037944 -0.036388 -0.071565 -0.009215 -0.049956
0.005148 -0.024187 -0.040738 -0.029030 0.041057 -0.037824 -0.036902 -0.072974 -0.009742 -0.050152
0.006025 -0.025577 -0.042234 -0.030538 0.042228 -0.039030 -0.039892 -0.076451 -0.010397 -0.051561
0.005208 -0.024234 -0.041209 -0.029390 0.041485 -0.038260 -0.037136 -0.073284 -0.009385 -0.050084
0.005224 -0.021075 -0.037780 -0.027603 0.038104 -0.036528 -0.032608 -0.065715 -0.007835 -0.047745
0.006318 -0.025299 -0.042163 -0.030548 0.041878 -0.038761 -0.039083 -0.075882 -0.010310 -0.051458
0.005369 -0.024472 -0.041573 -0.029854 0.041459 -0.038539 -0.037757 -0.073851 -0.009597 -0.050596
0.005096 -0.023542 -0.039957 -0.028480 0.040783 -0.037564 -0.036156 -0.071511 -0.009236 -0.049622
0.005293 -0.023902 -0.040536 -0.029024 0.041134 -0.037907 -0.036762 -0.072395 -0.009318 -0.049904
0.005467 -0.023157 -0.039388 -0.028322 0.040218 -0.037016 -0.035720 -0.070538 -0.009113 -0.049179
0.005618 -0.022676 -0.039317 -0.028430 0.039888 -0.037363 -0.035146 -0.069746 -0.008698 -0.049136
0.005678 -0.023574 -0.039890 -0.028703 0.040506 -0.037324 -0.036278 -0.071363 -0.009292 -0.049536
0.006081 -0.024348 -0.041178 -0.030041 0.041075 -0.038242 -0.037763 -0.073683 -0.009672 -0.050768
0.006415 -0.025897 -0.043813 -0.032457 0.042718 -0.040250 -0.040467 -0.077358 -0.010169 -0.052675
0.005766 -0.022495 -0.039107 -0.028270 0.039460 -0.036892 -0.034917 -0.069307 -0.008833 -0.049055
0.005221 -0.024695 -0.040910 -0.029128 0.041765 -0.037990 -0.038005 -0.074086 -0.010059 -0.050231
0.005331 -0.024271 -0.040984 -0.029587 0.041502 -0.038569 -0.037247 -0.072935 -0.009250 -0.050230
0.005817 -0.024246 -0.041735 -0.030021 0.041112 -0.038824 -0.037475 -0.073526 -0.009195 -0.050693
0.005563 -0.023702 -0.040508 -0.029245 0.040770 -0.038037 -0.036610 -0.071927 -0.009130 -0.050046
0.005383 -0.023397 -0.039802 -0.028687 0.040602 -0.037677 -0.036120 -0.071021 -0.008972 -0.049542
0.005185 -0.022835 -0.039905 -0.028634 0.039978 -0.037603 -0.035153 -0.070042 -0.008718 -0.049267
0.005449 -0.024141 -0.041157 -0.029543 0.041131 -0.038371 -0.037118 -0.073023 -0.009266 -0.050346
0.005812 -0.023740 -0.040302 -0.029215 0.040804 -0.038121 -0.036583 -0.071888 -0.009062 -0.050049
0.005248 -0.021251 -0.037973 -0.027575 0.038399 -0.036590 -0.032894 -0.066265 -0.007951 -0.048008
0.005847 -0.024853 -0.040859 -0.029499 0.041579 -0.038046 -0.038553 -0.074546 -0.010130 -0.050503
0.005603 -0.022469 -0.039069 -0.028274 0.039334 -0.036969 -0.034907 -0.069192 -0.008791 -0.048836
0.005287 -0.022675 -0.039179 -0.028099 0.039845 -0.036974 -0.034903 -0.069530 -0.008814 -0.048880
0.005198 -0.023205 -0.039776 -0.028604 0.040458 -0.037427 -0.035827 -0.070975 -0.008916 -0.049317
0.005201 -0.022738 -0.039462 -0.028469 0.040015 -0.037419 -0.034831 -0.069531 -0.008585 -0.048964
0.005547 -0.022699 -0.039299 -0.028347 0.039759 -0.037335 -0.034932 -0.069538 -0.008677 -0.049181
0.006288 -0.025207 -0.042287 -0.030862 0.041855 -0.039303 -0.039154 -0.075889 -0.009953 -0.051683
0.005416 -0.023601 -0.040234 -0.028808 0.040682 -0.037776 -0.036288 -0.071697 -0.009268 -0.049795
0.005417 -0.023110 -0.039806 -0.028735 0.040239 -0.037741 -0.035575 -0.070396 -0.008780 -0.049412
0.005889 -0.024022 -0.040344 -0.029180 0.040866 -0.037494 -0.037214 -0.072679 -0.009691 -0.050138
0.005454 -0.023698 -0.040510 -0.029071 0.040353 -0.037533 -0.036171 -0.071973 -0.009591 -0.049912
0.005920 -0.024864 -0.042031 -0.030294 0.041480 -0.038704 -0.038322 -0.074746 -0.009924 -0.051214
0.006089 -0.024502 -0.041011 -0.029901 0.041477 -0.038285 -0.038071 -0.073716 -0.009572 -0.050831
0.005320 -0.025292 -0.042005 -0.029924 0.042232 -0.038686 -0.038857 -0.075653 -0.010256 -0.051050
0.005125 -0.022140 -0.038621 -0.027728 0.039301 -0.036708 -0.034068 -0.068246 -0.008524 -0.048333
0.005623 -0.022975 -0.039656 -0.028839 0.040032 -0.037554 -0.035567 -0.070099 -0.008703 -0.049317
0.005231 -0.024410 -0.040591 -0.029123 0.041543 -0.038099 -0.037467 -0.073231 -0.009560 -0.050062
0.005736 -0.023859 -0.040909 -0.029616 0.040900 -0.038418 -0.037045 -0.072624 -0.009026 -0.050258
0.005620 -0.023174 -0.039956 -0.029137 0.040239 -0.037986 -0.035629 -0.070384 -0.008672 -0.049558
0.005319 -0.023777 -0.040423 -0.028975 0.040966 -0.038069 -0.036433 -0.071991 -0.009155 -0.049888
0.005324 -0.021280 -0.038311 -0.027838 0.038038 -0.036518 -0.032989 -0.066558 -0.008165 -0.048007
0.005265 -0.022204 -0.039043 -0.028108 0.039249 -0.036988 -0.034113 -0.068564 -0.008525 -0.048687
0.005744 -0.023148 -0.039366 -0.028570 0.039934 -0.037389 -0.035667 -0.070464 -0.008970 -0.049177
0.005713 -0.023476 -0.040186 -0.029093 0.040361 -0.037741 -0.036352 -0.071311 -0.009151 -0.049848
0.005039 -0.020792 -0.037584 -0.027356 0.037879 -0.036254 -0.032082 -0.065083 -0.007748 -0.047452
0.005221 -0.022545 -0.039193 -0.028307 0.039563 -0.037034 -0.034737 -0.069165 -0.008667 -0.048736
0.005308 -0.022000 -0.038678 -0.027889 0.038908 -0.036671 -0.033788 -0.067852 -0.008480 -0.048471
0.005486 -0.021816 -0.038378 -0.027804 0.038778 -0.036478 -0.033857 -0.067676 -0.008442 -0.048406
0.005584 -0.023882 -0.040759 -0.029539 0.041035 -0.038515 -0.036801 -0.072175 -0.009006 -0.050317
0.005371 -0.023703 -0.040486 -0.029163 0.040815 -0.038107 -0.036677 -0.072133 -0.009037 -0.049751
0.005683 -0.023115 -0.039885 -0.028650 0.040029 -0.037373 -0.035661 -0.070666 -0.009088 -0.049462
0.005199 -0.024261 -0.040679 -0.028933 0.041371 -0.038010 -0.037301 -0.073204 -0.009696 -0.050172
0.005964 -0.023924 -0.040676 -0.029408 0.040738 -0.037935 -0.037048 -0.072570 -0.009453 -0.050202
0.005322 -0.023064 -0.039762 -0.028651 0.040225 -0.037638 -0.035406 -0.070392 -0.008722 -0.049249
0.005410 -0.023792 -0.040406 -0.028973 0.040967 -0.038072 -0.036729 -0.072176 -0.009316 -0.050014
0.005318 -0.022986 -0.039725 -0.028561 0.040129 -0.037545 -0.035150 -0.070243 -0.008804 -0.049336
0.005245 -0.024268 -0.040967 -0.029181 0.041210 -0.038128 -0.037325 -0.073239 -0.009709 -0.050301
0.007126 -0.027742 -0.044719 -0.033501 0.044219 -0.041046 -0.043738 -0.081079 -0.011128 -0.053739
0.005652 -0.022815 -0.039798 -0.028770 0.039623 -0.037445 -0.035373 -0.070151 -0.008951 -0.049597
0.005853 -0.023356 -0.039982 -0.028942 0.040106 -0.037671 -0.036226 -0.071104 -0.009059 -0.049591
0.005502 -0.023564 -0.040291 -0.029178 0.040559 -0.037687 -0.036425 -0.071415 -0.009138 -0.049612
0.005387 -0.021550 -0.038300 -0.027947 0.038694 -0.037030 -0.033285 -0.066773 -0.007900 -0.048237
0.005114 -0.021091 -0.037823 -0.027410 0.038122 -0.036339 -0.032519 -0.065755 -0.007975 -0.047815
0.005347 -0.023170 -0.040127 -0.028986 0.040269 -0.037834 -0.035832 -0.070863 -0.008801 -0.049474
0.005375 -0.023983 -0.040770 -0.029657 0.041202 -0.038388 -0.036763 -0.072138 -0.009003 -0.049770
