-0.761394 6.367216 -11.717886 3.584124 -9.609090 -15.439762 28.610741 9.560909 -25.731453 -4.523639
-0.099897 6.784214 -9.694433 4.545051 -7.942015 -13.910398 25.843515 9.692640 -23.220770 -3.368647
-1.051231 6.217295 -12.317758 3.339084 -10.431536 -15.967494 29.627306 9.675233 -26.498760 -4.967887
0.188680 7.199474 -8.883506 4.942539 -6.828179 -13.553137 25.051680 9.801001 -22.228748 -2.955860
-0.014086 6.789066 -9.485901 4.626054 -7.521450 -13.676119 25.387856 9.653193 -22.766287 -3.172998
2.978972 8.604159 -1.338132 8.403390 0.563054 -7.174804 12.801523 9.332740 -11.190904 1.635620
6.116163 11.957256 3.808763 11.281648 5.718781 -3.575527 4.928433 11.019861 -4.764710 5.615583
2.581808 8.874650 -2.103483 7.764358 -0.341003 -8.163939 14.226557 9.417549 -12.741549 1.052701
2.383844 8.629638 -2.722279 7.588913 -0.694585 -8.624100 15.179224 9.344193 -13.504238 0.911803
5.019680 10.905478 2.396341 10.575974 4.377379 -4.669739 7.422761 10.476753 -6.443300 4.417399
6.339801 12.351841 4.192040 11.768203 6.108553 -3.494378 4.801875 11.181248 -4.384940 5.843322
3.033654 9.238153 -1.462475 8.543265 0.659273 -7.687569 13.567609 9.698162 -11.817172 1.576016
0.723743 7.503323 -6.694470 5.678018 -4.650124 -11.853042 21.645845 9.371198 -19.086258 -1.733816
5.983881 11.858050 3.550997 11.497350 5.619057 -3.878327 5.441382 11.075011 -4.817596 5.525509
-0.002723 6.846650 -9.084566 4.545135 -7.064519 -13.462286 25.079111 9.322779 -22.338575 -3.119872
5.807802 11.346244 3.637414 10.682395 5.344185 -3.222250 4.866202 10.471210 -4.512904 5.289458
1.685973 8.029922 -3.548072 7.076910 -1.678212 -9.282832 16.740568 9.037523 -14.638587 -0.000298
4.692172 10.705661 1.589329 10.435210 3.723645 -5.442150 8.707342 10.512430 -7.535896 3.947157
-1.117809 6.211775 -13.001247 3.330879 -10.962859 -16.449333 30.368822 9.881810 -27.255157 -5.258628
4.473262 10.369449 1.197930 9.735585 3.214384 -5.428217 9.400604 10.094791 -7.934124 3.319823
-0.996948 6.160252 -12.226470 3.253367 -10.085440 -15.664922 29.153219 9.372582 -26.207037 -4.937001
4.799500 10.036479 1.863264 9.373981 3.667418 -4.613388 7.655469 9.882236 -6.870006 3.861208
3.218292 9.578401 -0.611615 9.064996 1.599999 -7.435681 12.221532 9.556776 -10.209761 2.176856
6.554808 12.622001 4.245395 12.137931 6.655271 -3.942919 4.866332 11.507915 -4.239074 6.002469
6.282917 12.353652 4.106502 11.797172 6.159129 -3.653229 5.000656 11.296528 -4.446079 5.792822
-0.376548 6.828446 -10.114865 4.327594 -8.078270 -14.381809 26.701368 9.525575 -23.753397 -3.779545
-0.086462 6.777489 -9.760298 4.474654 -7.659623 -13.866425 25.546911 9.535951 -23.147017 -3.294876
-0.411334 6.433032 -10.249721 3.956249 -8.159079 -14.222175 26.170233 9.194988 -23.627808 -3.672488
-0.910119 6.141777 -12.237123 3.478076 -10.262028 -15.770204 29.203009 9.637364 -26.301697 -4.802279
1.731213 8.346393 -4.088004 6.896246 -2.203090 -9.801880 17.614103 9.516001 -15.581393 -0.179918
-0.336045 6.799050 -10.333601 4.158614 -8.391405 -14.451211 27.111372 9.655970 -24.230415 -3.836796
2.622567 9.046102 -2.165837 7.991806 -0.095574 -8.208954 14.760200 9.542150 -13.025613 1.077365
6.440847 12.094872 4.127384 11.446465 6.194923 -3.360714 4.651652 11.169404 -4.134065 5.795997
-1.289611 5.801302 -12.832780 2.725222 -10.822697 -15.973495 29.894522 9.135332 -26.857456 -5.375367
-0.788590 6.392444 -11.601252 3.710471 -9.458533 -15.423875 28.532877 9.487544 -25.439316 -4.553960
2.575125 8.847281 -2.443091 7.937231 -0.354635 -8.476378 15.323871 9.554405 -13.394925 0.802938
-1.126189 6.160011 -12.881773 3.447289 -10.899096 -16.284189 29.982618 9.817147 -27.056366 -5.118956
5.968605 11.970935 3.514647 11.847066 5.903833 -4.301950 5.684885 11.143505 -4.925182 5.535454
6.186622 11.879870 4.096596 11.267594 6.016837 -3.294614 4.580450 10.893172 -4.172747 5.679115
6.240500 12.387477 3.748567 12.013783 6.069279 -4.217194 5.613072 11.503036 -4.833963 5.699618
0.127317 7.241445 -8.398679 5.029170 -6.349958 -13.124722 24.314310 9.359207 -21.523159 -2.803813
5.674121 11.032345 3.469521 10.494617 5.109496 -3.294889 5.094429 10.295804 -4.560842 5.076503
0.637248 7.374013 -7.441076 5.530757 -5.523506 -12.243194 22.443949 9.517509 -20.139442 -2.057955
6.374900 12.487214 4.058568 11.996389 6.225244 -3.782475 5.064180 11.420711 -4.494903 5.903279
6.116575 11.733563 3.746162 10.985888 5.764869 -3.608450 4.990785 10.882179 -4.538481 5.531006
5.827358 11.641723 3.171623 11.286702 5.443894 -4.143969 6.115227 11.092434 -5.206315 5.243698
6.152098 12.284467 3.971874 11.931928 6.165797 -3.893841 5.165019 11.276405 -4.560255 5.807035
3.326835 9.515906 -0.565245 8.832333 1.450130 -6.939078 11.981556 9.612436 -10.596251 2.105732
6.630157 12.797841 4.379809 12.323741 6.664231 -3.813792 4.897790 11.640191 -4.311694 6.081439
3.110818 9.131335 -0.931482 8.424336 0.637872 -6.929850 12.093844 9.455164 -10.796939 1.901718
2.055321 7.885273 -3.688685 6.333637 -1.993904 -8.860355 15.494545 9.141258 -14.266613 0.315983
-0.451912 6.407531 -10.487610 3.814986 -8.394579 -14.393969 26.757967 9.327429 -24.117764 -3.835015
4.958248 10.744800 2.142414 10.432668 4.193461 -4.734935 7.918820 10.512074 -6.684925 4.118093
0.844867 7.558799 -6.179225 5.735148 -4.433806 -11.303871 20.949690 9.229330 -18.505718 -1.610748
0.327398 7.032979 -8.433476 4.791179 -6.470726 -12.907874 23.914528 9.375187 -21.494978 -2.666901
0.150784 7.045913 -9.020126 4.987000 -7.050455 -13.456862 24.800493 9.658758 -22.117779 -2.920034
6.523283 12.843043 4.210090 12.348544 6.492081 -4.005835 5.163563 11.616060 -4.478196 6.038071
2.642396 8.680606 -1.934915 8.065405 0.023081 -7.996231 13.806517 9.345463 -12.372305 1.372739
1.251474 7.926995 -5.361875 6.313076 -3.407779 -10.774675 19.597538 9.372172 -17.464544 -0.916773
4.943664 10.607066 2.108228 10.182585 4.032564 -4.686629 7.944462 10.387796 -6.728652 3.956330
5.590454 11.336068 2.953836 11.037744 5.159888 -4.365056 6.587213 10.779048 -5.685436 4.922672
6.218299 12.381902 4.053028 11.909980 6.119874 -3.822824 5.028615 11.231358 -4.514665 5.843876
0.368921 7.128980 -8.469576 4.889266 -6.460569 -12.927158 23.880682 9.612654 -21.603098 -2.607051
6.027756 11.595226 3.822898 11.029032 5.628771 -3.336381 4.732221 10.720039 -4.394710 5.472613
5.030934 10.948969 2.029319 10.654117 4.107363 -4.961143 7.852197 10.653885 -6.942708 4.252855
0.374653 7.045434 -8.102765 4.833626 -6.155758 -12.591290 23.514166 9.262906 -20.969063 -2.608173
5.972975 11.906850 3.578787 11.639905 5.694065 -3.964534 5.465548 11.180832 -4.923858 5.528073
6.369798 12.078137 4.011225 11.601348 6.084609 -3.571872 4.817890 11.198183 -4.277844 5.748197
5.597928 11.480734 2.907507 11.101731 5.013937 -4.189019 6.571441 10.880152 -5.734343 4.972887
5.659522 12.131628 3.389407 11.703432 5.517840 -4.587616 6.240108 11.031809 -5.320741 5.342435
5.251679 11.712612 2.306655 11.342198 4.663404 -5.270175 8.007512 11.089299 -6.635133 4.490114
-0.287041 6.674490 -10.029280 4.066556 -7.877218 -14.049779 26.178122 9.267250 -23.488674 -3.647282
