-3.609443 -50.100727 12.740004 0.231441 -1.984720 -7.923753 -8.810627 -2.372786 -22.117632 -3.919657
-1.986410 -39.831009 15.328675 0.352492 -3.113075 9.055705 0.618785 11.986393 -29.152710 -18.664808
21.673920 -23.733770 -2.097844 -17.632698 27.387831 -21.362417 14.388504 -7.852718 -20.983965 -0.092866
15.523791 -22.222412 -0.659829 -15.786990 24.178633 -21.791832 3.484278 -17.929752 -13.400026 1.688851
25.413090 -22.071074 -10.483465 -10.327245 19.593693 -26.449112 12.842749 -4.371468 -24.739094 14.204003
2.422799 -34.865540 19.507538 -17.063553 8.921701 -8.270310 2.325560 0.956959 -12.525263 -20.101267
15.066728 -15.532375 -18.083513 1.881584 9.795956 -16.229006 14.553389 1.951340 -29.856390 19.929106
19.057636 -20.340508 -2.811966 -12.028345 16.852039 -10.614419 19.864697 -1.494644 -25.650295 -2.021966
21.427193 -30.678997 1.699627 1.104531 -0.606706 -5.094519 3.142270 4.113009 -31.755152 0.145392
14.497598 -27.709597 2.233365 -13.046305 17.703199 -8.090387 11.803865 -7.931705 -22.499094 -9.559497
-33.333187 -55.693508 17.137506 7.294757 -10.878706 -15.622144 -20.446938 16.091904 -7.959896 5.165531
18.409889 -17.475721 -16.593315 -5.162309 18.810972 -10.002790 19.234640 -7.016741 -32.788292 9.903708
12.678982 -35.507610 -7.444271 -1.924812 9.095808 -16.861567 13.248386 3.460392 -31.580101 10.011926
22.682541 -30.114101 -12.723342 3.349786 -1.013719 -38.850266 1.186080 9.087037 -22.299746 36.084560
-3.303079 -38.049030 13.489286 8.394930 -13.703728 12.060838 1.387329 15.144097 -33.424152 -12.738452
30.092730 -22.898903 -9.262150 -1.332532 1.200356 -24.203936 3.262724 -1.499630 -25.616594 23.458622
24.420452 -18.738079 -15.561989 -4.427483 15.205767 -29.446707 11.659904 -1.987293 -23.504509 24.044310
17.234880 -12.812355 -30.301666 -3.574228 27.578983 -16.574022 17.878326 -24.414906 -35.243458 28.269033
0.787767 -37.530418 16.872770 -1.938284 -6.106151 0.245471 -3.863422 9.997368 -22.200819 -14.062415
23.189285 -28.585852 1.002706 -23.867468 35.509216 -25.840509 14.651185 -16.928310 -20.815218 -2.681137
-2.138358 -53.231094 7.994579 5.224191 -4.262111 -17.381599 -8.428354 7.670915 -23.887091 6.773225
24.423481 -24.357746 -13.813818 -17.215336 33.557442 -29.164673 20.356726 -12.899734 -25.023170 10.815642
15.807895 -20.672255 -11.749808 -16.366903 29.271431 -19.449959 26.025141 -6.192959 -24.307415 3.978739
8.116444 -34.176399 23.592085 -11.575779 -0.754728 2.134069 -4.855060 2.331861 -19.335794 -22.634724
-7.287143 -32.247665 25.393890 -5.449885 -6.505432 11.390695 -2.213580 17.587690 -20.109526 -27.076384
10.230506 -23.378519 -16.773951 -10.523294 23.697802 -30.971752 19.760572 -2.855628 -18.882845 16.804453
27.110310 -19.283443 -15.751482 0.866774 8.715556 -25.328753 2.216236 -10.139012 -26.147715 28.172522
7.234544 -36.767632 19.364449 3.945796 -17.348005 2.921288 -8.591988 17.432529 -25.104902 -12.526436
10.876536 -36.992035 8.474734 -10.669241 12.625372 -9.919997 2.998503 -6.824689 -19.959921 -11.122713
-0.687288 -36.407219 13.416519 4.481284 -8.807283 7.309911 -1.580721 11.905713 -26.733507 -13.617305
12.078655 -35.543934 0.425373 2.504294 1.281605 -7.248018 2.060514 -0.727019 -30.885592 3.679543
-2.391012 -49.716232 11.807071 -5.925161 8.442445 -31.573391 -19.750729 -6.506040 -5.179604 6.557183
38.107143 -5.981719 -39.144398 -24.851807 52.402012 -42.840351 36.785149 -26.295761 -28.723694 35.582836
-1.094820 -39.831429 11.667264 -8.957671 8.355087 -21.396666 -8.836339 -0.728169 -7.259689 -2.398492
-3.380182 4.508973 -15.341700 -0.199809 9.423045 -3.244959 10.655376 1.702882 -16.273487 10.147098
4.950330 -27.090050 19.545635 -16.780769 10.489323 2.101811 6.553155 2.984850 -18.667246 -26.668152
-2.096558 -41.376377 13.007171 5.828805 -9.872720 8.687489 -2.532856 7.793307 -30.040930 -11.705542
-3.265796 -32.409218 4.983164 -3.094156 -3.949280 -23.493538 2.392516 21.107929 -9.444234 6.584206
-1.713737 -26.119602 18.296967 -2.186053 -9.701652 5.740780 -1.714475 19.380484 -16.816929 -19.323469
-2.134734 -23.231482 -7.348743 5.793907 3.985399 -0.368250 -5.786460 -19.116375 -24.551559 10.372899
0.193186 -1.087824 0.868815 -19.454544 21.689775 -14.043118 -3.148411 -9.143179 -3.138188 0.543756
-2.839012 -21.843079 8.332334 -8.662025 11.965637 0.761895 8.766619 9.536709 -17.588068 -16.980303
-2.403131 -12.348223 16.207573 -17.626335 13.162643 3.162941 -0.344500 -3.940849 -8.221891 -23.065382
5.994884 -40.849686 13.683790 1.912808 -7.862198 8.209905 0.417540 3.822694 -31.667971 -14.608024
24.992699 -20.736370 -0.556173 -4.262221 2.260590 -15.189261 5.515540 6.458191 -21.658218 5.467073
3.130675 -23.378784 15.257510 4.963022 -16.480801 1.529941 -8.544208 20.972597 -15.354090 -10.658547
23.951702 -19.325169 -17.358181 -9.931588 23.546095 -31.018103 17.789047 -11.034683 -22.810049 21.675356
-3.043545 -16.672821 -4.484137 -16.215506 23.973696 -14.238874 20.581768 -0.585925 -12.738819 -3.437980
7.210647 -21.664270 8.387590 -17.507957 20.788527 -26.972174 -12.129477 -16.951233 0.322693 2.902341
8.699475 -17.798660 4.676302 -4.489477 -1.611908 -9.153214 5.457958 11.105255 -13.997397 -2.844935
3.539836 -29.434040 11.833364 -3.138595 -4.755136 -16.991438 -7.175436 14.361729 -6.867847 -1.672090
-20.572674 -38.829201 16.302849 -4.375589 0.148821 -26.767275 -19.224659 11.578773 7.273299 2.408160
18.759583 -21.861055 5.681563 -13.194105 12.681691 -14.549834 1.740078 -11.014330 -13.925970 -3.418712
17.200546 -13.441430 -19.728544 1.764519 10.306965 -13.699171 18.031376 3.037339 -31.479095 18.938244
3.126814 -36.901928 13.731239 4.398661 -12.962201 -3.286377 -13.631857 5.844817 -18.907776 -5.040009
-23.176624 -28.498871 7.013652 17.398205 -21.902359 5.357369 -7.942110 21.440395 -19.567442 5.418078
21.375175 -42.828091 6.660935 -1.841728 0.961461 -17.223867 -4.793186 0.337273 -26.784632 2.871882
15.882974 -31.391352 0.689265 -1.424610 1.845054 -32.444221 -7.242457 5.308369 -11.818428 20.028971
10.239058 -10.541621 -13.403170 -2.101709 11.985447 -7.363829 15.986626 -1.296858 -24.269295 9.348190
-3.038788 -40.049290 13.104843 11.071554 -15.765446 11.576388 -2.950141 15.832142 -32.964504 -10.816001
1.847585 -8.044348 -7.037861 -0.791161 8.116409 -6.632551 6.776690 -0.853590 -14.437527 4.139642
8.501786 -0.100049 -13.285061 -4.788959 13.272392 -5.059923 14.214830 -3.403494 -18.792669 6.957265
34.855804 -6.628517 -35.822048 -25.124031 51.413689 -37.234344 39.682091 -19.905643 -30.519028 27.526016
21.166542 -9.516670 -19.611282 -11.893842 29.513800 -25.757179 15.393353 -13.843129 -22.145727 19.149710
42.132130 -2.486233 -30.501373 -11.426759 25.430401 -48.252563 13.265706 -12.725145 -18.323633 49.664986
-5.567533 -42.017094 -17.449198 7.493228 11.288786 -20.550180 -1.347882 -19.879848 -31.501209 27.615528
-3.005326 -28.146143 2.364253 -6.827039 8.612550 -11.158597 5.171604 -4.551450 -12.628588 -2.390801
-8.189275 -38.878574 17.810917 -10.766217 2.167438 -4.351875 -3.553513 1.159048 -14.834929 -12.181355
