-0.550028 2.458739 -1.030264 -2.579923 -3.000878 3.419258 -2.409235 -1.804678 -1.569195 0.700185
-0.447618 2.407592 -0.837526 -2.428394 -2.869965 3.248533 -2.295171 -1.844262 -1.445543 0.568659
-0.104870 7.972873 2.261468 -2.956736 -5.370728 4.313213 -4.095725 -4.790087 -0.709260 -0.744314
-1.315317 2.603275 -1.891361 -2.465434 -3.111608 3.556139 -2.739102 -1.619175 -2.194443 1.392308
-0.444196 8.721163 1.022491 -3.684299 -5.413494 4.775951 -4.758527 -4.747645 -1.119277 -0.235830
-0.454956 2.490023 -0.739169 -2.521132 -3.023921 3.379809 -2.358509 -1.943491 -1.481359 0.555588
-1.405731 3.459021 -0.721049 -2.756284 -2.673143 3.315900 -2.984773 -2.146896 -1.660069 0.721430
0.175478 7.652698 2.493644 -2.761289 -5.229320 4.435676 -3.477014 -4.570444 -0.361809 -0.954292
-0.622411 2.421184 -1.041551 -2.520295 -3.135553 3.407688 -2.533055 -1.838859 -1.543322 0.773071
-0.663007 2.015169 -0.948840 -2.602575 -2.511971 3.169945 -2.257381 -1.743884 -1.621296 0.775386
-0.401115 2.481672 -0.623114 -2.524632 -3.012127 3.294838 -2.343102 -1.919499 -1.583142 0.620958
-0.969030 3.087048 0.069615 -2.636714 -2.621516 3.302724 -2.191872 -2.489646 -0.902667 0.205637
-1.410761 2.389342 -1.935188 -2.548735 -2.348037 3.255055 -2.721531 -1.531946 -1.883510 1.267756
-0.082373 7.551388 -0.964456 -3.050866 -5.343168 4.024419 -4.423192 -3.736760 -1.987013 0.275547
-0.505100 2.429004 -0.977503 -2.540073 -2.983051 3.333801 -2.368228 -1.805622 -1.529122 0.697617
-0.790314 4.253772 -2.117013 -2.341820 -3.736273 3.431804 -3.237288 -2.287012 -2.233113 0.948358
0.634695 10.917333 1.242656 -3.743052 -6.995007 5.519396 -5.310948 -5.713051 -1.326629 -0.726160
0.681106 11.830205 2.454126 -4.041779 -7.339099 5.972224 -5.536097 -6.466897 -0.727662 -0.969382
-0.460268 2.490244 -0.865409 -2.533886 -2.973215 3.388503 -2.358457 -1.897203 -1.522207 0.597839
-0.067992 6.791647 1.571995 -2.159324 -4.977724 4.307377 -3.295995 -4.029827 -1.030107 -0.851769
-0.520379 2.501033 -0.954753 -2.572199 -3.017955 3.431589 -2.448352 -1.868744 -1.594651 0.648400
0.741854 12.445302 2.885385 -4.127725 -7.780241 6.230743 -5.654545 -6.845892 -0.497238 -1.233103
0.831567 11.297935 2.618999 -3.717386 -7.377425 5.785883 -5.069531 -6.166004 -0.783344 -1.399487
-0.493304 2.480162 -0.750916 -2.532704 -3.016655 3.326095 -2.381639 -1.937856 -1.579486 0.593164
-0.402304 2.413147 -0.740399 -2.423311 -2.914538 3.208123 -2.300690 -1.889014 -1.448395 0.571852
-1.099181 2.044287 -1.001497 -2.607005 -2.442766 3.443167 -2.171042 -1.601021 -1.736716 1.029671
0.507766 9.147685 -0.302230 -3.609631 -6.428004 4.817082 -4.828446 -4.326041 -1.784279 -0.043414
-0.427042 2.566518 -0.622487 -2.497665 -3.042962 3.348744 -2.366994 -1.956132 -1.559334 0.559526
-0.651823 2.309038 -1.146623 -2.644982 -2.870608 3.418393 -2.531563 -1.737105 -1.655422 0.883384
-0.448152 2.526877 -0.822215 -2.531697 -2.994567 3.399311 -2.404442 -1.892770 -1.510507 0.563469
-1.061086 2.670167 -2.047534 -2.939932 -3.289088 3.693057 -2.728837 -1.820258 -2.267915 1.217217
-0.649827 2.281229 -1.060100 -2.551572 -2.925973 3.194153 -2.370897 -1.716828 -1.701223 0.781279
1.244663 13.263312 3.092447 -4.201846 -8.460726 6.577174 -6.016864 -6.947049 -0.489907 -1.506580
-0.675306 2.291304 -1.177873 -2.620075 -2.806195 3.231259 -2.404915 -1.632288 -1.793813 0.857782
-0.337905 8.141783 1.921420 -3.485132 -4.980275 4.534009 -4.222850 -4.835260 -0.856803 -0.627293
-0.543603 2.333522 -0.840031 -2.452201 -2.902133 3.399434 -2.308851 -1.897334 -1.380801 0.553893
-0.515275 2.478927 -1.003058 -2.514058 -3.055347 3.333583 -2.441411 -1.826138 -1.606587 0.739354
-0.870029 2.578434 -2.417566 -2.428099 -2.862459 3.276948 -2.593157 -1.347193 -1.856161 1.512113
-0.455191 2.447181 -0.862723 -2.505883 -2.922575 3.279073 -2.333693 -1.875996 -1.541519 0.582070
-1.059866 2.333884 -2.214835 -2.919760 -3.105522 3.406119 -2.833568 -1.375420 -2.513701 1.433010
-0.408651 2.245408 -0.698231 -2.159391 -2.638699 3.186807 -2.059035 -1.776108 -1.213410 0.453470
-0.429612 2.356798 -0.648437 -2.395386 -2.815665 3.145419 -2.207000 -1.887872 -1.414971 0.554040
-0.490543 2.465297 -0.900048 -2.536271 -2.980846 3.401530 -2.382380 -1.859608 -1.502259 0.593756
-0.243014 7.614083 -0.743546 -3.008854 -5.356446 4.265414 -4.471692 -3.734865 -1.739004 0.344828
-0.487898 2.418002 -0.952615 -2.472909 -2.942995 3.304314 -2.376005 -1.839368 -1.509216 0.629811
0.546884 12.420862 2.418972 -4.221676 -7.722768 6.293419 -5.819831 -6.713269 -0.638001 -0.923826
-0.622351 5.211086 1.520414 -2.592230 -3.338145 3.651726 -2.932653 -3.455267 -0.791100 -0.541637
-0.837312 3.727472 0.836058 -2.932132 -2.849257 3.612924 -2.773078 -2.795527 -0.689391 -0.026206
-0.400014 2.484344 -0.637906 -2.463286 -2.901457 3.340205 -2.355338 -1.951974 -1.463940 0.562687
-0.717525 2.437096 -1.301182 -2.632387 -3.053915 3.479940 -2.639229 -1.742976 -1.717217 0.892015
-1.057470 2.257151 -2.030873 -2.762105 -3.053433 3.414728 -2.835778 -1.317299 -2.285016 1.580431
-0.684869 2.282688 -0.774911 -2.563500 -2.653826 3.310775 -2.146017 -1.813899 -1.488609 0.619952
0.152279 10.530032 1.249377 -3.838411 -6.785764 5.451211 -5.149599 -5.716204 -1.458900 -0.624955
-1.202568 2.298495 -2.386156 -2.857589 -3.202969 3.491076 -2.804694 -1.631461 -2.444759 1.391008
-0.431928 2.498063 -0.731033 -2.514305 -3.000314 3.342146 -2.383741 -1.889571 -1.523546 0.599487
-0.959176 2.331200 -1.656880 -2.781900 -2.907620 3.508116 -2.783410 -1.667897 -2.032042 1.191475
-0.753278 2.405138 -1.454724 -2.785918 -3.271796 3.402028 -2.687682 -1.744784 -2.097698 1.038853
-0.535424 2.425898 -1.054514 -2.524216 -2.977519 3.373625 -2.400653 -1.804298 -1.572777 0.702128
-0.621265 6.600266 -0.228224 -3.299731 -4.564385 4.324973 -4.331033 -3.577124 -1.611576 0.206270
-0.493006 2.438395 -0.975419 -2.496971 -2.954145 3.320607 -2.352201 -1.832229 -1.537880 0.625559
-0.540253 2.497687 -1.023487 -2.333648 -2.977189 3.458632 -2.627526 -1.815401 -1.531732 0.785210
-0.613036 2.343807 -0.805363 -2.486748 -3.013126 3.556558 -2.402132 -1.878542 -1.419041 0.659760
0.300218 11.560241 2.527166 -4.111673 -7.116121 5.998729 -5.602797 -6.363862 -0.459883 -0.925808
0.577719 11.604128 2.315831 -4.099578 -7.104212 6.028546 -5.724957 -6.171053 -0.458993 -0.992924
0.630424 11.781255 1.625122 -3.928566 -7.505689 5.719427 -5.675597 -6.171961 -0.977663 -0.785860
-0.989384 2.275569 -1.988682 -2.880554 -2.996014 3.405181 -2.615215 -1.374590 -2.466704 1.273456
-0.524416 2.498406 -1.052182 -2.561677 -2.887512 3.312533 -2.465367 -1.744657 -1.708454 0.824653
-0.504408 2.464662 -0.876502 -2.570385 -2.966078 3.368795 -2.368032 -1.837592 -1.580208 0.651821
