14.628084 -4.596854 24.021313 2.653029 -12.189597 -7.060421 11.174921 -10.806754 -19.224346 -38.232281
10.677936 7.778113 6.722622 3.363381 -6.413146 -5.816010 7.688497 -10.475196 -6.003846 -38.109070
47.984558 27.403105 42.675526 34.663616 -18.849731 -41.369549 46.150326 18.469955 13.580131 -63.349525
22.523678 30.467722 3.478623 16.768484 -13.891472 -24.086803 23.519789 5.940225 11.188531 -69.699776
12.679451 -11.599608 21.186392 -14.093436 -9.582250 -0.293026 3.702070 -20.747751 -33.602093 -31.324825
8.409342 -19.714643 31.873068 -36.748146 -34.996693 7.101240 -10.153278 -24.306223 -40.926052 -14.660928
2.385902 -26.309811 28.280130 -34.213028 -26.474018 10.169612 -12.717251 -23.021015 -39.544136 -10.696969
8.614839 -3.422729 0.982363 -7.990529 5.708342 0.855476 4.018956 -19.121542 -23.090542 -37.599476
-0.909642 -27.408211 14.705714 -31.150110 -12.442250 13.764019 -14.687826 -25.200388 -36.062016 -7.043000
12.978764 2.574490 28.814451 20.646883 -23.216898 -19.668808 22.730721 8.652507 -1.205426 -66.115265
-0.139775 -16.401152 6.286730 -16.086044 -7.980147 6.723876 -5.175283 -21.225073 -31.912148 -38.189232
-3.387819 -9.482289 1.437790 -25.987928 -16.135477 7.677196 -9.454347 -21.384052 -31.523342 -41.901882
18.798803 -0.513709 23.396942 5.988019 -5.941030 -10.659870 15.673600 -7.827487 -15.243320 -38.172924
-26.942804 -27.665930 -17.761015 -28.244967 33.607635 31.446896 -35.771503 -34.118820 -32.373447 15.898387
-17.082428 -29.468260 -10.151579 -34.585823 14.050617 28.242870 -27.763988 -38.960564 -39.976879 6.663672
-17.756773 -16.300283 -2.441653 -19.178249 -14.964994 14.765861 -15.685772 -17.569471 -24.991219 -37.620277
-12.021085 4.436950 -14.843147 -6.024261 -20.717136 0.535109 -4.804222 -6.369442 -8.626077 -75.442039
6.436213 -28.871580 32.487095 -38.056145 -25.954157 12.019509 -14.166153 -25.846184 -40.719353 2.386815
48.003803 24.988108 46.809368 35.528805 -20.933125 -41.996212 47.028076 19.728319 12.701774 -63.777332
6.535528 -8.725645 26.309454 3.590383 -21.368269 -6.810495 11.131762 -3.533336 -19.535313 -52.365475
11.370674 0.859429 27.449703 8.824160 -23.172064 -9.970942 14.243670 -0.646326 -8.574307 -49.792446
-3.266582 -12.391855 24.439466 -25.648584 -39.600079 5.797169 -8.470545 -15.135790 -31.473274 -41.371464
26.240652 -24.245699 28.548033 -21.021326 13.416169 4.133929 4.592052 -33.311417 -49.357067 -3.628906
-12.247157 -33.710575 -7.867416 -36.706627 20.992292 27.431910 -28.328447 -42.268539 -44.948513 6.662309
-35.175842 -14.113153 -28.771257 -35.714081 -16.395557 24.156326 -32.582458 -19.824358 -24.248688 -40.336426
-19.855616 -18.118525 2.724722 -17.898647 -25.970295 14.119260 -15.286913 -11.886110 -22.726711 -45.106930
-27.563276 -6.373658 -32.708145 -50.591171 -18.002289 19.456680 -36.462486 -29.427156 -30.821865 -31.987448
13.978072 -18.783968 36.425812 -29.130428 -28.803183 3.566827 -3.773929 -23.771418 -39.034397 -14.991673
28.648394 1.926886 40.891521 12.476954 -19.505644 -20.786406 26.155323 0.946766 -14.944664 -49.516953
-6.441784 -30.987844 3.921480 -44.322136 8.284031 25.171967 -27.050388 -42.276974 -48.756729 5.696320
-3.823056 -21.496675 5.133230 -39.801292 1.602829 18.581203 -23.781834 -34.771618 -43.121052 -2.773264
8.191252 22.186876 18.348269 26.158537 -40.305096 -23.954451 22.074265 19.093126 18.546623 -90.037148
-18.470413 -33.093502 6.991662 -51.157173 -13.987585 27.126566 -34.702057 -31.486532 -45.977299 2.869076
-20.790529 -1.944264 -6.292486 -4.399350 -25.646814 6.448799 -8.308487 -4.076015 -6.454031 -65.798347
31.790331 14.541335 48.657009 30.803429 -32.143471 -33.050194 36.853596 20.876059 9.167304 -63.681606
-9.471150 -27.269222 -0.823045 -34.479027 -7.510161 19.000343 -19.007973 -30.992659 -40.694256 -20.479868
31.971954 12.411585 42.937893 28.805952 -21.501812 -31.208130 36.151562 16.603529 4.440988 -59.692669
31.440584 10.180163 39.118359 22.319695 -20.625525 -26.857985 32.110966 7.692200 -3.345459 -58.631268
-8.749990 -24.305532 4.614205 -39.554569 -17.126955 17.135769 -20.664764 -30.560732 -42.935398 -19.768507
0.180818 0.820456 -16.544727 3.294616 15.532996 -0.948790 4.237681 -13.598062 -10.001634 -51.255184
-0.252971 -22.970879 8.790438 -26.717230 0.581407 14.257236 -11.223948 -26.589544 -37.985584 -11.442422
19.624334 2.257924 14.361288 2.418798 1.013093 -9.538384 14.099911 -13.583382 -17.852398 -38.585068
-2.787465 10.343760 -3.714154 7.062740 -12.078850 -6.387641 6.010955 -1.876403 -0.123840 -60.636833
-15.122074 -27.218378 -12.502735 -34.665092 40.274666 28.789246 -33.330791 -43.746605 -41.590900 14.968560
13.911519 11.748093 28.369761 18.696796 -35.775230 -20.645802 21.004200 8.743140 2.595194 -75.972557
15.897905 -23.253988 36.493336 -13.325856 -13.909326 0.224906 5.656512 -19.039236 -38.695282 -18.463154
14.358957 1.650354 11.608278 4.773658 0.924663 -8.446822 13.863438 -8.031918 -13.898440 -41.534691
-14.958815 -12.262419 7.983912 -36.826187 -41.078991 14.473271 -22.589497 -18.840685 -28.393040 -38.601261
6.302463 -8.451229 12.784495 2.924044 -5.907448 -4.254962 8.808846 -8.546691 -18.274441 -45.078590
-7.451050 -0.071275 4.840048 9.956810 -18.910410 -2.886770 4.981635 0.266448 -1.443177 -61.147312
-2.315712 13.582998 15.160028 16.964985 -42.599277 -13.165996 11.537325 12.588611 11.013227 -81.878868
2.322654 -23.060755 24.882582 -43.254353 -32.680149 10.428157 -15.707264 -26.303192 -47.905445 -25.326744
27.998110 3.539254 27.191818 -2.802768 -8.961584 -12.115441 17.420877 -11.548570 -22.804726 -36.635319
52.104992 11.107910 39.279064 12.647219 4.570835 -26.941433 35.806057 -5.519852 -15.278358 -29.128044
-24.382744 -16.035784 -25.654819 -52.781387 -14.610504 24.083670 -34.678600 -35.443043 -38.777409 -23.797930
-30.059988 -36.190701 -4.394233 -49.340660 -5.628362 35.447536 -40.688862 -32.961376 -43.504795 17.447348
1.107543 -3.463138 3.510394 -2.679027 -4.528280 0.598392 1.566542 -13.528047 -15.533931 -43.070648
14.005508 13.373657 35.380768 32.728931 -40.344986 -28.338648 28.819017 24.013824 16.496716 -82.113106
12.630902 -7.486016 10.228952 -9.378426 2.982109 0.570048 4.704739 -21.468426 -28.267540 -30.184931
-22.735117 -18.901728 -31.557484 -44.746582 28.908850 29.994335 -38.173107 -46.869545 -41.531807 -7.493388
-18.884104 -29.687233 -2.977673 -37.328629 -8.820454 23.598860 -27.967501 -28.489750 -34.206455 2.115383
8.201559 -22.745712 21.834469 -26.721483 -11.486994 8.537532 -5.126985 -26.883024 -43.654465 -19.258043
10.473719 -8.101831 5.872631 -2.541594 13.021769 -0.544214 6.232290 -19.358446 -23.169903 -25.077684
-11.729403 -6.662164 -10.442229 -9.820652 -2.042169 9.450391 -9.467709 -16.422403 -16.562824 -42.435001
1.005911 -9.938705 19.457243 -17.444784 -32.545074 1.519831 -2.272179 -12.833385 -27.235649 -50.023983
3.458224 -12.141943 16.466209 -25.580801 -20.761286 6.039390 -7.035579 -24.172930 -35.005142 -30.184238
-12.731538 -20.240479 -2.074207 -49.418015 -9.342743 20.221323 -31.675278 -34.710060 -41.599442 -6.911550
-5.400460 -29.252962 21.061333 -47.107529 -19.236958 19.694992 -25.060146 -28.717588 -45.918396 6.233653
10.119130 -8.332897 12.585117 -10.068206 -3.903433 0.285312 4.170555 -18.860088 -28.464737 -37.268055
-8.014883 -14.636679 3.181546 -19.054777 -13.882380 10.781672 -10.681315 -18.584206 -27.899944 -35.410427
4.885868 -12.923639 29.648302 -3.262272 -24.897943 -1.509629 6.106852 -7.436096 -23.683462 -43.258907
