-1.984612 3.141014 -13.627158 3.434423 -2.864036 -5.373953 0.128007 0.969255 -2.825064 -15.712451
-0.598151 2.694214 -11.968890 3.150861 -3.015920 -5.765852 0.446619 1.357793 -3.439212 -14.033390
-2.609097 2.984694 -14.459714 3.466708 -2.771812 -5.710710 0.203205 0.330879 -2.853977 -16.788084
1.722415 3.719598 -8.929684 2.914994 -3.231590 -5.506552 -0.655666 3.841580 -4.148564 -11.291094
-0.308613 4.677169 -10.188280 3.038733 -3.429050 -5.471647 -1.362402 3.260963 -3.702643 -11.974602
9.566873 2.886988 1.299224 3.985875 -4.259280 -3.853430 -1.700966 11.195427 -7.213242 -2.618831
5.550518 5.047457 2.121892 3.442867 -4.904570 -4.031991 -2.396053 9.570732 -6.536001 0.113497
1.500398 3.283642 -4.019165 2.482348 -2.564803 -2.828521 -1.687388 5.289706 -4.512067 -6.243704
8.431465 3.134291 -0.031512 3.482389 -4.433236 -4.344577 -2.708784 11.373962 -6.346116 -2.902627
10.408713 3.899589 1.910341 4.340899 -4.413916 -4.226863 -2.537135 13.026380 -7.745121 -1.825089
7.948927 3.794316 3.226707 3.449831 -4.487514 -3.468443 -3.359219 11.563017 -7.285019 1.198654
9.968181 3.376753 1.200956 3.880721 -3.787613 -3.275097 -2.325950 11.996702 -6.968115 -2.731686
3.817114 2.543289 -4.714274 1.548869 -0.660555 -1.834431 0.854639 5.062257 -2.657780 -6.680930
8.679564 2.526682 1.908514 4.084437 -4.033324 -3.974900 -2.712006 11.350303 -6.808130 -0.629034
-1.435264 3.887655 -12.731153 3.256528 -3.569037 -6.165711 -0.254155 1.485105 -3.722048 -14.744235
5.846581 4.830283 2.350110 4.148917 -5.839877 -5.055953 -3.696468 10.343313 -7.899997 0.657912
10.018867 3.184282 0.832478 3.899465 -3.734136 -2.959343 -2.452388 11.573252 -5.876083 -3.065514
10.824285 3.204979 1.977518 4.966995 -3.959640 -3.792178 -2.358250 13.259936 -6.609442 -1.547025
-3.042333 3.143279 -14.295754 3.163236 -2.451411 -5.026102 0.351402 0.313341 -2.546160 -16.487953
9.413826 4.571178 1.267385 3.918656 -3.162452 -4.912385 -1.762399 11.408608 -6.556939 -0.832341
-1.516089 2.157393 -13.164778 3.383929 -2.730463 -5.143252 0.642179 0.990306 -2.718214 -15.490851
8.035005 5.500072 1.020468 3.563327 -4.875936 -4.727875 -2.606790 11.246704 -7.477139 -0.881949
10.854559 2.625026 1.223000 3.116665 -0.777257 -1.880340 1.164528 11.530958 -4.352423 -2.771175
8.019709 2.027333 3.002570 4.289287 -4.602299 -3.015293 -2.260843 10.789429 -7.399723 0.675553
7.055110 5.185558 1.546001 3.502199 -4.387927 -4.074055 -1.248244 10.199389 -7.323533 -0.085876
-1.041612 2.728696 -12.393445 3.225270 -2.960773 -5.996517 0.434617 1.357672 -3.245129 -14.439667
0.427687 1.859684 -9.856498 3.550362 -2.980225 -5.260715 0.254923 1.964615 -3.108946 -11.739651
0.851601 1.862931 -10.368613 3.771218 -3.569476 -5.653118 -0.360287 2.218975 -2.877259 -12.261458
-2.262943 2.424142 -13.921914 4.020728 -3.221792 -5.441350 0.231553 0.601853 -2.663953 -16.169888
9.711412 3.843852 0.033592 2.599695 -2.522769 -3.385120 -0.200836 10.375834 -6.194851 -3.278025
-0.206527 4.053246 -11.678071 2.368522 -2.598817 -5.628770 0.066669 1.843375 -3.236320 -13.550315
9.082213 3.573299 0.438281 3.403547 -4.063605 -3.669035 -2.148172 11.369436 -7.114356 -3.181023
7.163617 4.282327 2.826932 3.677188 -4.867346 -4.518273 -3.762385 11.207026 -7.289217 1.254009
-3.023681 3.123034 -14.943528 3.516267 -2.922287 -5.717814 0.136382 0.074779 -2.582466 -17.259781
-3.094648 3.916237 -14.574066 3.324849 -3.016099 -5.765710 0.016599 0.129848 -2.681981 -16.470732
7.513674 1.782364 -0.686874 3.501520 -4.472010 -3.667004 -2.391315 10.631191 -6.464428 -3.826011
-3.108589 2.531374 -14.654068 3.961324 -2.815110 -5.517302 0.657760 -0.068505 -2.478951 -16.728619
8.028292 2.218660 2.686232 3.990718 -3.009883 -2.698884 -0.826827 10.668429 -5.682503 0.638152
6.189511 4.542344 2.682248 3.525573 -5.001518 -3.691363 -3.387275 10.562401 -7.488977 0.752953
7.620289 3.066962 1.707232 4.187551 -4.738550 -4.631911 -3.495919 11.136309 -7.474503 -0.160367
-1.036986 2.927059 -11.024724 3.145157 -2.462592 -4.204342 0.320822 1.934012 -2.720481 -12.897628
6.655098 4.034437 1.526836 3.374434 -4.845088 -4.477685 -3.037999 9.796154 -7.527830 -0.202604
-0.409701 2.982738 -8.740878 2.155018 -1.829551 -3.060417 1.163004 2.824820 -3.126882 -10.380764
9.623679 3.452289 2.347232 4.276086 -4.148293 -3.830101 -1.798107 12.237577 -6.925095 -0.118590
6.752147 4.873409 1.654343 3.759507 -4.601122 -4.473545 -1.997389 10.537569 -7.544910 0.718907
7.555676 3.397806 1.171938 3.943830 -4.526430 -4.714780 -2.534409 10.569329 -7.078999 -0.647301
8.673485 1.993302 2.097019 4.085423 -3.623029 -3.543277 -1.962910 11.100803 -6.720540 -0.354532
4.011755 6.127658 -2.542217 1.624747 -0.616359 -2.287300 -0.343713 7.815245 -4.321400 -4.035911
7.916759 3.823332 3.259802 4.365249 -4.861413 -3.824688 -2.939680 12.209460 -7.243094 1.669417
8.688991 3.170812 -0.230800 3.728645 -4.504674 -5.489429 -1.738643 10.490481 -7.122164 -2.436776
-3.057121 6.840851 -7.956305 2.599144 -4.579596 -9.344273 0.953809 -1.235411 -6.041154 -6.983923
0.295483 2.889256 -11.068894 3.268916 -3.394259 -5.802499 -0.180683 1.906516 -3.545831 -13.075804
8.842730 3.945437 0.805150 3.796362 -4.259656 -5.114505 -3.103553 11.344129 -6.826468 -1.179429
0.492115 3.315759 -7.715115 3.476691 -3.924342 -3.693005 -2.778748 4.692860 -4.058199 -10.173215
-0.807434 3.288775 -12.332853 2.795106 -3.088841 -6.554148 0.508529 0.793311 -3.912041 -14.224596
-1.689482 4.569522 -11.392656 2.785725 -3.271111 -6.118064 -0.579495 1.699757 -4.056283 -13.391642
8.979564 2.917819 4.034060 3.752830 -3.647018 -2.292190 -2.280901 12.223529 -6.338120 1.892870
7.579217 1.690094 0.035193 3.844216 -3.345954 -3.724792 -1.494035 10.549819 -5.756680 -2.442020
-1.662776 3.949142 -11.484221 2.896918 -2.694363 -4.753666 0.118771 1.393684 -3.438312 -13.294256
7.145535 4.414658 0.235471 3.274801 -4.494823 -5.084749 -2.672658 9.384109 -7.150948 -1.525173
9.282027 3.854856 1.178051 4.282718 -2.494818 -5.328626 -1.112672 11.777153 -5.253109 -0.245901
9.115819 2.720233 4.072618 3.177118 -3.460815 -1.680806 -1.732304 11.693321 -6.166491 1.493286
1.421457 2.263055 -9.542285 3.297129 -2.923378 -6.083224 0.775132 2.119507 -3.278137 -11.157070
7.802703 3.535037 2.432068 3.697374 -4.200972 -3.722121 -1.718432 10.835066 -7.669453 0.066819
9.084398 1.990546 2.477764 4.085678 -4.075240 -2.921443 -1.678086 11.022697 -7.163218 -0.313900
-0.947479 5.789337 -9.818954 2.275531 -3.477327 -6.140436 -1.680217 2.436878 -4.716678 -12.072258
8.904289 2.810205 1.616441 4.255200 -4.148554 -5.303730 -3.117972 11.715654 -7.017666 -0.398967
7.427301 3.903684 2.596924 3.531625 -4.258941 -3.115983 -2.121441 10.980068 -6.825347 0.539999
9.349443 3.249738 2.197072 3.542011 -3.348500 -4.019959 -2.740392 11.611702 -6.185183 -0.092576
10.305436 2.781007 2.223619 4.204461 -3.661745 -3.320191 -1.700743 12.295759 -6.416119 -1.340292
11.014108 2.675889 2.425346 4.325474 -3.027814 -3.198538 -1.671281 12.504679 -5.803281 -1.153331
-1.231367 3.591605 -11.636895 3.209093 -2.704226 -4.377551 -0.222456 2.069076 -2.764554 -13.654906
