0.745845 0.115882 -2.080835 -0.326239 -0.376254 0.492036 -0.676749 2.002713 0.977066 -2.174708
1.349842 -0.005891 -2.656615 -1.181954 0.269361 0.912686 -0.889496 2.610086 1.880225 -2.672302
0.493195 0.072922 -2.121847 0.044210 -0.526851 0.341975 -0.232153 1.782342 0.975501 -2.221306
1.485803 -0.153032 -2.803947 -1.217237 0.198617 1.128068 -1.170145 2.822505 1.813890 -2.650780
1.251242 -0.285920 -3.006591 -0.746796 -0.177615 1.273375 -0.840127 2.637738 1.749753 -2.817869
2.876513 0.290851 -3.686367 -3.544432 2.318088 0.832832 -1.276989 4.098257 4.732816 -3.229309
9.098881 -17.180643 -15.703103 -5.714042 -3.222979 11.197165 -6.549519 2.884157 17.973776 -8.319701
3.218661 -1.817234 -4.298170 -2.681733 1.310463 2.105904 -3.201185 3.733052 4.801172 -3.578415
3.022305 -1.043229 -3.947257 -2.843535 1.468981 1.698843 -3.127398 4.052756 4.194947 -3.339157
4.653095 -1.807729 -5.488572 -4.823777 3.370184 2.043223 -4.103912 5.276300 7.215662 -4.220400
10.738590 -15.283192 -14.912074 -12.312305 -1.628346 12.148116 -6.683228 3.541363 22.657787 -8.246482
3.269765 -0.800388 -3.794104 -3.301041 2.475659 1.183622 -3.604394 4.204925 4.768884 -3.187589
1.849667 0.043403 -2.316119 -1.730114 1.423687 0.323757 -2.488075 2.998719 2.588998 -2.198666
7.203925 -5.460226 -7.323185 -7.474936 3.452308 4.279129 -5.001915 6.203797 10.789445 -5.972753
1.051644 0.228227 -2.429652 -0.647678 -0.180257 0.671977 -1.047679 2.512887 1.153672 -2.509750
10.477877 -20.928905 -18.378704 -6.916598 -7.711012 16.582014 -6.072492 3.489481 18.948513 -10.539880
2.738028 0.848872 -2.788656 -4.363081 2.865486 0.371676 -1.836018 3.903874 4.952599 -2.819063
3.977449 -1.083647 -4.410152 -4.361819 3.119262 1.585175 -3.895366 5.027541 5.643816 -3.665022
0.655044 -0.068087 -2.169953 0.032503 -0.540784 0.437400 -0.528511 1.865422 1.159834 -2.140567
4.503595 -4.468569 -7.323018 -3.238703 0.146794 4.854645 -3.673281 4.966003 6.878135 -5.251714
0.741370 0.513148 -1.702020 -0.494498 -0.168872 0.161648 -0.947576 2.163276 0.602938 -2.049848
5.037279 -6.383506 -9.241424 -3.100892 -0.654501 6.967359 -4.009113 5.125352 7.907990 -5.271964
2.605172 2.146662 -3.312628 -4.438157 3.517492 -1.328301 0.527650 3.377778 6.852878 -2.583459
10.120270 -5.196811 -5.586725 -12.073765 7.569314 2.278524 -7.031456 6.723155 14.812992 -6.028693
10.896155 -15.763476 -16.004368 -8.220577 -0.430501 10.126305 -7.169060 4.581161 20.362839 -8.789310
0.999818 0.300590 -2.256021 -0.712034 -0.130848 0.646563 -0.963893 2.460829 1.105654 -2.436361
1.238449 0.361480 -2.385701 -1.807253 0.363477 1.007732 -0.882928 2.865899 1.593782 -2.657408
1.062647 0.285452 -2.145026 -1.414627 0.158126 0.768249 -0.836825 2.630759 1.131273 -2.533128
0.775093 0.167331 -2.041643 -0.796048 -0.079496 0.520468 -0.386032 2.019979 1.245872 -2.429116
2.870649 -0.373312 -3.570407 -3.321876 2.322928 1.171835 -2.741620 4.142249 4.222672 -3.133016
1.161528 -0.183068 -2.564085 -0.289492 -0.274007 0.861975 -1.272016 2.417241 1.537318 -2.258234
3.623816 -1.676979 -4.836922 -3.455835 2.040616 2.437878 -3.586731 4.690748 5.088717 -3.814378
12.338846 -22.326986 -18.725922 -10.637407 -5.820599 16.360399 -8.663057 3.909574 23.680550 -11.074941
0.502697 0.442826 -1.690961 0.140096 -0.598441 0.022653 -0.753251 1.839510 0.457603 -1.869935
0.746837 0.023341 -2.214897 0.155338 -0.550310 0.337933 -0.816341 2.109875 0.927568 -2.130896
3.336418 -0.830614 -3.759655 -3.749449 2.294143 1.411687 -3.688924 4.443063 4.575217 -3.382005
0.377663 0.153520 -2.053492 -0.186007 -0.511651 0.313289 0.141917 1.674846 1.000067 -2.377476
7.497659 -2.872214 -4.715963 -8.694157 7.200988 -0.299364 -5.307797 5.651382 11.006573 -4.847250
11.443427 -21.645550 -18.007874 -6.757679 -4.508667 14.372695 -8.699154 4.330514 18.996891 -9.982124
8.903319 -10.140428 -10.390727 -7.615413 0.955808 7.523138 -7.079314 6.601147 13.144268 -8.008983
1.446859 0.087254 -2.337799 -1.660701 0.594523 0.802689 -1.604356 2.844206 1.723229 -2.641225
9.050283 -15.402311 -14.869420 -6.155571 -3.758224 12.566469 -6.285399 5.341956 14.599380 -8.682081
1.697252 -0.179714 -2.860543 -1.521561 0.622021 1.054488 -1.376453 2.983570 2.159149 -2.816628
8.688984 -6.376012 -9.998555 -8.975266 3.642402 4.762581 -5.404677 6.282058 15.550301 -6.830424
9.670507 -15.316979 -14.652552 -5.631546 -0.967840 9.845678 -8.758401 4.683012 15.901037 -7.323060
6.713758 -2.013057 -5.356310 -9.647161 5.026960 1.933979 -4.007036 6.104174 11.190281 -5.258008
3.640967 -3.121514 -5.497725 -2.573380 1.011099 2.905441 -3.207151 4.004670 5.654438 -4.089856
12.561356 -18.026276 -13.428653 -11.322616 0.725801 12.589643 -10.628129 5.109916 21.001841 -9.059485
3.303793 -1.692029 -5.030306 -2.944160 0.883298 2.774836 -2.445670 4.481082 4.349311 -4.114309
3.851666 -5.234296 -7.628187 -1.089335 -1.079357 4.702385 -3.371911 4.321354 5.172730 -4.170840
1.253892 0.232376 -2.384104 -1.185551 0.165008 0.765784 -1.238561 2.729012 1.316033 -2.437616
5.067162 -4.734876 -7.213643 -3.927544 0.532514 5.363614 -4.291379 5.245921 7.047246 -5.246848
2.164593 -0.722848 -3.341408 -1.576677 0.781438 1.004813 -2.303295 3.313820 2.993179 -2.985808
1.101767 -0.029490 -2.656929 -0.657044 -0.150043 0.957793 -0.828496 2.495708 1.413042 -2.591657
1.876383 -0.834108 -3.495907 -0.961156 0.049590 1.380121 -1.673964 3.130495 2.416673 -3.178456
10.941012 -7.478892 -8.566161 -16.932690 5.387930 7.131762 -5.936056 4.922797 23.803398 -5.750178
2.908493 -0.878247 -3.453093 -3.335836 1.847649 1.131693 -2.911999 4.165206 3.709642 -3.608661
2.021329 -0.790142 -3.357998 -1.232525 0.293880 1.361278 -1.915666 3.198318 2.475345 -3.030932
5.028913 -5.057928 -7.689040 -3.869210 0.312161 5.852816 -3.777127 5.281085 7.054939 -5.092983
5.656759 -6.067517 -8.270043 -4.845356 0.489999 4.207527 -4.779509 4.865254 10.255861 -6.327818
9.938175 -4.237307 -4.280885 -12.843715 9.356258 1.962589 -8.059875 5.974331 16.127220 -4.726912
1.513570 0.261761 -2.604456 -1.863422 0.631973 0.815604 -0.842765 3.012320 2.081131 -2.916711
9.321230 -10.667397 -11.051991 -7.599167 3.335572 5.651399 -7.002791 4.595420 16.288248 -6.802922
4.173827 -1.172468 -5.097178 -4.298618 3.428171 1.519245 -3.409168 4.992487 6.769938 -3.862474
1.841404 -0.802002 -3.475449 -0.412809 -0.051294 1.344999 -1.690350 3.107526 2.351261 -2.838090
8.258549 -6.835049 -8.247419 -8.591524 3.257839 5.930062 -5.090840 6.682159 12.404466 -6.670900
10.695604 -15.446790 -14.768458 -7.886162 -0.779556 10.833589 -8.280687 5.149526 18.216694 -8.423434
6.300325 -3.648599 -6.733485 -7.634648 2.221595 5.138636 -3.975801 5.645941 10.543024 -5.013879
5.328619 0.228259 -5.575610 -8.098411 4.609024 0.729881 -1.217305 5.148234 11.043229 -4.187557
4.326672 0.043355 -2.651492 -6.020720 4.336712 0.967102 -4.663916 5.021785 6.529832 -2.762935
1.011195 0.181166 -2.201698 -0.658525 -0.131471 0.592773 -1.159155 2.384599 1.138728 -2.284106
