3.555429 12.295794 -7.842725 1.910943 2.578905 10.443209 7.169762 -9.295370 5.621128 -12.465724
3.551056 11.959281 -7.785519 1.880270 2.747362 10.229108 7.012720 -9.159188 5.526345 -12.265713
3.557110 12.137823 -7.795088 1.879780 2.713198 10.331141 7.065253 -9.173007 5.561171 -12.229087
3.680515 11.828604 -8.027600 2.059355 3.089211 10.134547 6.990376 -9.159367 5.464280 -12.184186
3.084989 10.558811 -7.290680 1.968209 3.906544 8.956767 6.354620 -8.301792 5.001543 -11.081606
2.461047 4.681472 -4.632752 1.791274 9.592447 3.639791 2.490012 -2.981721 2.056061 -1.429966
2.019045 3.997297 -4.013054 1.952960 9.735085 3.365431 2.262837 -1.878597 1.669488 -1.879524
2.455195 4.762517 -4.958028 1.969538 9.485147 3.966146 2.897928 -3.426587 2.193530 -2.737115
2.557000 5.434377 -5.084496 1.900326 9.003712 4.310490 3.423251 -4.021361 2.550024 -3.495653
2.529078 4.517464 -4.614240 1.630844 9.266322 3.450985 2.400482 -2.841386 1.894008 -1.178706
2.254731 4.114176 -4.260473 1.800549 9.388445 3.049320 2.195832 -2.315269 1.618785 -0.445393
2.723290 5.707647 -5.298442 1.821952 8.816352 4.553162 3.537091 -4.481466 2.457552 -3.668890
3.620319 12.346073 -7.823136 1.936169 2.417725 10.502252 7.184560 -9.341267 5.674717 -12.606095
2.335624 4.505695 -4.420005 1.876870 9.971161 3.385629 2.387817 -2.488987 2.104800 -0.789520
3.667542 11.941147 -8.008939 2.064768 2.922534 10.284009 6.962067 -9.178157 5.511339 -12.123499
2.097104 4.219165 -4.189508 1.726400 9.905340 3.260008 2.275617 -2.107326 1.847497 -1.187937
2.540086 4.528152 -4.783508 1.463352 8.146028 3.934170 2.778503 -3.681261 2.301958 -2.314476
2.778235 5.313068 -5.293050 1.688930 10.051663 4.137663 2.869650 -3.531723 2.534192 -1.398521
3.619698 12.151354 -7.815824 1.857099 2.752937 10.371133 7.120313 -9.233084 5.559282 -12.182837
2.890889 5.263676 -5.490355 1.476565 9.543303 4.145334 3.095436 -4.323818 2.335134 -1.820071
3.553364 12.357841 -7.818326 1.933213 2.372653 10.461448 7.184134 -9.302207 5.669186 -12.602827
2.522993 4.897080 -4.977406 1.696069 9.580383 3.870214 2.694163 -3.201471 2.206338 -1.295588
2.240053 4.310745 -4.023777 1.513979 7.774479 4.179389 3.037253 -3.668324 2.250108 -1.840642
2.390892 4.585563 -4.615164 1.770741 9.887560 3.521245 2.397310 -2.880437 2.060859 -0.520948
2.519225 4.495029 -4.695649 1.753623 9.917253 3.390776 2.472939 -2.659713 1.886346 -0.728248
3.556484 11.299296 -7.791905 2.138916 3.345634 9.671992 6.688428 -8.914032 5.302268 -11.760015
3.421879 11.955454 -7.748974 1.914285 2.646143 10.120545 7.062889 -9.110169 5.502644 -12.319612
3.495990 11.946449 -7.941371 2.012409 2.821641 10.012223 7.069594 -9.175563 5.572088 -12.424250
3.570908 12.142469 -7.834482 1.865257 2.711578 10.352377 7.130099 -9.214468 5.564997 -12.315067
3.209365 8.094746 -6.279429 2.089471 6.106806 6.657234 4.708915 -6.448664 3.772329 -6.877004
3.558172 12.344496 -7.803319 1.918079 2.462962 10.453094 7.136019 -9.291217 5.649918 -12.482338
2.446089 4.886359 -4.891698 1.595666 8.909483 3.940608 2.917932 -3.690966 1.968177 -2.607774
2.059000 3.968649 -4.015766 1.888427 9.676108 3.116053 2.213769 -1.910358 1.656890 -1.261433
3.562251 12.326701 -7.833963 1.913458 2.519234 10.442515 7.167629 -9.309241 5.646003 -12.458968
3.587937 12.353328 -7.844058 1.887762 2.569422 10.455474 7.183615 -9.312983 5.644318 -12.386611
2.520996 5.279509 -5.016402 1.932707 9.280588 4.167022 3.177257 -3.917978 2.229542 -3.351779
3.606217 12.022705 -7.809676 1.833176 2.908460 10.295915 7.097991 -9.150002 5.506090 -12.010469
2.729414 4.582369 -4.791815 1.689092 9.880607 3.498700 2.564852 -2.900607 2.161381 -0.748405
2.139068 4.409029 -4.353023 1.737010 10.145216 3.271099 2.455801 -2.526970 1.751123 -0.999746
2.121806 4.326540 -4.116534 1.884571 9.682389 3.188971 2.382971 -2.071148 1.991814 -1.138100
3.370198 10.983868 -7.686265 2.223861 3.922448 9.304606 6.582651 -8.705004 5.081941 -11.429610
2.043569 4.118226 -4.156449 1.774690 9.458054 3.170506 2.198948 -2.230711 1.799603 -0.960785
3.560876 12.134760 -7.824739 1.867036 2.653345 10.286420 7.133799 -9.226629 5.574445 -12.304194
2.191460 4.445454 -4.406366 1.995361 9.799309 3.475550 2.304777 -2.542160 1.988987 -1.134915
2.736631 4.662527 -4.782280 1.469483 9.342931 3.701112 2.640952 -2.668416 2.276495 -1.008543
2.383300 4.819717 -4.488488 1.802186 10.359501 3.227843 2.597574 -3.046920 2.013604 -0.402966
2.460103 5.246914 -4.968554 1.743147 7.888209 4.420142 3.616366 -4.325811 2.589897 -4.242071
2.244101 4.331964 -4.333628 1.771593 9.899200 3.379845 2.384957 -2.394504 1.980818 -0.897169
2.450133 5.055241 -4.964799 1.797641 9.773626 4.156810 3.027625 -3.598070 2.286870 -2.757891
2.109468 4.368680 -4.451926 1.777778 9.336374 4.102668 2.746463 -2.951153 2.264532 -2.564848
3.283221 10.424946 -7.489559 2.288726 4.382482 8.905132 6.255255 -8.420304 4.809781 -10.941405
2.103880 4.158748 -4.191715 1.907545 9.405113 3.312027 2.289117 -2.302288 1.825777 -1.330957
2.567130 5.174652 -5.034268 1.855448 9.136623 4.371884 3.246827 -4.060100 2.398976 -3.507863
3.550416 12.225525 -7.854729 1.901305 2.562256 10.399215 7.067370 -9.229381 5.604457 -12.494582
3.462046 10.165204 -7.309382 1.921018 4.526608 8.887429 6.209224 -8.194889 4.587451 -10.089578
2.315503 4.341619 -4.332477 1.711153 9.531899 3.197426 2.281487 -2.556722 2.032717 -0.233954
2.564429 5.202209 -5.027803 1.793191 9.417212 4.138362 3.051594 -3.568242 2.416542 -2.882893
3.642048 12.236684 -7.928077 1.899074 2.679627 10.395145 7.127055 -9.320617 5.630795 -12.377679
2.258953 4.452872 -4.446128 1.867782 9.845001 3.516894 2.450981 -2.495196 2.000427 -1.500348
2.201828 4.158749 -4.154337 1.908896 8.840982 3.241622 2.064631 -2.415676 1.866810 -1.410058
2.735842 4.896224 -4.893854 1.844673 9.570421 3.580870 2.554570 -3.176238 2.211102 -0.741349
3.162659 10.909496 -7.305032 1.692519 3.638396 9.281032 6.624966 -8.678770 4.906715 -11.017806
2.218538 4.205904 -4.198728 1.798802 9.195601 3.065243 2.168418 -2.427616 1.743401 -0.844150
2.317539 4.768284 -4.788078 1.895360 9.228893 3.674652 2.648233 -3.186515 1.951040 -1.930182
3.377099 9.976599 -7.117377 2.007649 4.560008 8.488099 5.801086 -7.804257 4.380759 -9.734956
2.181722 4.351252 -4.246809 1.854545 9.593675 3.254102 2.403606 -2.152214 1.998129 -1.214064
2.422353 4.359381 -4.539874 1.837088 9.838741 3.481283 2.489910 -2.330231 1.863506 -1.113631
2.216093 4.233613 -4.303374 1.911000 9.572932 3.143707 2.345214 -2.395534 1.864147 -0.519315
2.482880 5.002738 -4.885780 1.760908 10.023649 3.416212 2.624654 -3.367702 1.898415 -0.381351
3.319145 5.656715 -5.789284 1.317727 9.548378 4.057020 3.059780 -4.065472 2.553368 -0.179942
3.591499 12.225716 -7.913841 1.916827 2.612159 10.399487 7.175955 -9.300261 5.640686 -12.464575
