23.734047 18.775736 16.359118 -8.231332 -74.729958 55.296917 63.684303 -5.639086 -45.144829 53.843201
17.571442 10.897985 10.588097 -17.608738 -56.069904 37.173931 50.811558 -11.146473 -54.484131 29.714521
31.818426 23.880125 26.907448 -7.108559 -78.943970 61.034203 67.955444 -0.022085 -42.219875 64.063705
9.556401 6.651418 1.480289 -15.098663 -56.966866 37.810760 46.834362 -15.833718 -51.647621 33.172604
9.205423 9.033998 0.498874 -12.635591 -67.175140 49.133072 45.811935 -16.104893 -40.208565 60.902245
4.085267 -4.490719 -3.757957 -24.283787 -25.232437 8.527225 27.607777 -19.735849 -61.031162 -5.419035
-26.116793 -20.649927 -34.363541 -19.680441 -3.820521 1.783179 -21.868896 -28.016592 -11.540351 36.711212
-8.750193 -6.889082 -15.665253 -16.617510 -34.621132 21.525156 18.454681 -24.534761 -42.748859 27.079678
-5.849060 -8.062003 -15.494392 -16.657696 -37.365200 20.990202 26.315771 -25.647032 -52.656593 16.888998
-7.969708 -12.883237 -16.662987 -22.425550 -17.537241 4.976957 10.611488 -25.469276 -50.211746 3.081380
-28.163000 -21.555906 -35.747738 -25.611153 -1.119937 -4.351318 -23.479433 -29.330843 -16.930149 27.203377
-4.227144 -7.740971 -11.518315 -14.582759 -30.147709 16.543566 23.009077 -22.107962 -49.305168 10.955397
9.708407 0.951782 3.416444 -10.514476 -34.004433 20.844164 38.136303 -12.941628 -52.635315 2.591200
-16.837481 -20.747099 -27.129492 -27.839268 0.068518 -13.865336 -5.960320 -28.117319 -42.080563 -11.814636
14.702859 10.848201 5.425914 -9.343441 -69.169083 50.321899 53.406651 -12.598867 -44.504730 53.505436
-29.041288 -21.433741 -37.770313 -23.305670 -4.948784 1.843674 -25.257862 -30.133907 -10.600652 41.121277
4.922952 -2.909750 -1.010754 -23.486895 -24.666468 8.587499 29.500122 -18.299782 -63.016945 -10.079059
-6.777597 -9.887263 -17.773611 -19.497095 -23.223763 7.791336 19.120337 -23.942350 -52.115738 -1.184530
29.348848 21.170511 27.030544 -4.194701 -70.805710 55.734901 61.966953 0.362464 -39.765041 57.574333
-9.306863 -8.347796 -17.459946 -20.579241 -26.694384 15.424167 9.542629 -25.754421 -39.234726 28.818232
18.849401 11.726623 9.574804 -5.444264 -65.103485 46.729420 59.822491 -8.377180 -47.377663 34.865303
-19.039686 -18.150900 -32.029320 -18.641893 -27.134102 20.280348 -5.105178 -33.388298 -26.686874 55.185062
9.674881 -2.119557 6.351105 -23.372578 -20.429440 5.834287 29.037802 -14.636184 -61.564278 -12.049408
-19.575418 -26.297630 -32.268822 -27.687269 4.680052 -18.049711 -9.069939 -28.799528 -38.322605 -16.345209
-27.600969 -23.608080 -38.611641 -24.264158 -1.803113 -3.809230 -22.550426 -30.864660 -18.183323 27.679537
16.225061 9.739152 7.563787 -12.443735 -57.548630 39.368515 53.163597 -11.380492 -52.032143 29.684017
10.181711 4.376918 0.725436 -23.050863 -40.281113 19.143988 44.306419 -16.369938 -63.967339 -0.692245
8.525360 7.842512 -1.243856 -17.386421 -52.998756 31.927818 47.651760 -14.878740 -52.064358 19.736055
26.003832 21.879978 20.959122 -15.015080 -67.825203 47.606609 62.792229 -3.669628 -49.965965 40.705421
4.027155 -3.056518 -3.734126 -19.393526 -30.043659 13.890124 31.971907 -19.145403 -59.983566 -1.834526
17.159395 8.854004 10.882914 -2.338739 -63.983883 49.963287 50.973358 -9.236583 -39.161488 54.047974
-4.949926 -5.968785 -14.514499 -17.079844 -38.717079 22.807245 24.499380 -25.242004 -48.530930 25.047174
-31.158020 -24.383894 -41.425514 -22.006300 -1.461769 -3.465135 -24.972832 -30.237665 -11.479474 30.627216
26.388666 18.694181 18.289127 -1.705752 -78.842247 60.762756 67.889282 -3.500767 -41.681282 58.374069
18.503429 15.783529 10.408693 -2.786252 -79.531052 61.079174 59.660870 -7.511842 -34.813282 70.569580
-7.629879 -7.940938 -17.938234 -17.651724 -32.970757 15.557300 24.404579 -24.793369 -52.311310 7.863372
30.202921 25.820059 26.611252 -10.484296 -70.612289 52.547176 63.515324 1.588322 -40.753681 54.031059
-14.015468 -23.207514 -24.227423 -23.908148 5.194142 -17.261768 -3.057002 -24.595442 -41.468445 -24.329378
-31.412546 -24.289862 -41.830616 -22.221601 -4.049646 -0.221207 -26.341423 -31.252171 -10.501060 38.798172
-24.177710 -23.639059 -37.897446 -26.992464 -1.579687 -11.822968 -12.394089 -30.829496 -32.186146 0.670897
4.199798 4.053963 -4.535548 -14.968076 -51.476974 31.780991 42.763496 -17.669193 -51.130524 23.113327
-31.088839 -23.650141 -42.203449 -23.220158 -8.030034 3.001684 -24.343822 -33.353130 -13.443771 44.155579
9.325714 5.675895 3.098243 -13.270514 -49.510933 33.503395 42.099972 -14.005857 -48.943920 27.444799
-18.700293 -22.090441 -30.100836 -27.492464 1.910115 -13.269320 -10.235863 -29.264040 -38.506203 -6.109768
-29.691252 -24.150286 -39.944267 -18.742857 -4.595414 1.846336 -23.172949 -30.673903 -13.346555 38.537140
-12.553127 -17.012033 -21.411936 -27.787268 -0.460342 -13.293438 -0.452798 -24.939358 -45.842484 -18.310932
-9.311611 -4.931484 -14.589132 -16.868437 -36.296173 23.428106 16.861217 -23.356440 -37.535637 35.068970
-22.101446 -24.194609 -34.309357 -30.556103 1.901187 -14.358959 -14.615762 -29.230104 -32.990616 -0.628617
-5.331364 -6.602784 -16.071962 -20.945299 -32.552185 17.077978 21.113747 -24.461573 -47.914547 18.595444
-12.003016 -11.400629 -29.365639 -6.748784 -49.869911 41.086361 13.115381 -26.456034 -13.577487 83.416245
8.158070 4.346096 -2.415715 -13.470039 -56.582985 36.862114 47.411690 -17.560328 -52.628704 28.696098
-18.024103 -18.781157 -30.959291 -23.509695 -16.257587 4.396888 -0.570920 -32.917816 -43.594872 16.027954
-0.464592 0.319595 -8.307143 -14.944712 -53.198532 35.788139 35.040668 -21.613638 -47.124908 39.065460
20.476252 12.813047 11.773849 -12.535882 -65.953064 47.826790 55.078716 -9.939601 -47.586021 49.532684
4.089253 5.141451 -5.363678 -10.315001 -66.478943 49.322449 40.453297 -17.565632 -34.571045 67.785484
-18.965475 -25.146122 -28.352386 -31.720270 6.924654 -19.080164 -12.338622 -28.355175 -39.152328 -13.023356
-4.122177 -2.928226 -14.415405 -17.779360 -31.716648 14.192938 26.764900 -19.816748 -46.572594 5.556451
0.622101 2.013669 -6.296007 -9.219317 -54.695610 39.254753 35.140835 -17.978786 -36.579617 49.381386
-15.017228 -13.434860 -26.678612 -23.740742 -21.041054 9.219123 1.331033 -30.306087 -39.097023 25.771923
-15.111783 -13.508744 -21.021376 -20.330711 -6.154773 -3.682364 -2.516248 -22.842188 -32.967354 1.938609
-20.653212 -24.996111 -32.824238 -26.915300 4.523242 -12.938089 -12.880606 -28.141607 -31.522991 -3.196968
13.582657 8.036004 5.521627 -22.781666 -42.919693 22.843309 45.355122 -13.016941 -59.739857 7.239216
-24.820690 -21.641710 -35.228462 -22.978212 -2.275047 -1.965276 -18.636614 -29.677025 -19.848038 24.289576
-3.426402 -9.116860 -9.504417 -21.311764 -18.995943 6.552569 15.900446 -21.947275 -52.406246 1.831406
-1.775066 -2.629851 -11.973919 -4.270011 -65.915802 52.019585 33.429493 -21.992132 -28.410938 78.501671
-18.876444 -22.920372 -31.736574 -29.021017 0.230536 -15.224756 -9.193903 -29.705160 -38.739079 -8.590361
-28.080416 -24.348495 -41.029949 -24.087051 -3.515235 -3.747944 -21.174623 -31.822289 -18.322437 27.227821
-15.025124 -17.496687 -24.348150 -25.822330 -1.957670 -8.948293 -5.198618 -26.834360 -39.926636 -4.996654
-8.360978 -16.315794 -15.462267 -29.109972 -3.066817 -10.696597 4.007035 -24.641710 -52.720802 -18.670324
-5.459090 -14.974187 -17.044270 -20.232742 -12.373509 -2.272251 16.751942 -24.353039 -57.066444 -20.462526
10.558017 8.379192 2.581480 -9.758222 -60.991810 42.909626 49.935509 -13.966373 -46.488777 38.533691
