-3.793858 -3.098419 -8.578676 4.428443 4.212611 -4.301122 8.453721 -3.817155 -6.729755 -8.865463
-7.430279 -6.529405 -6.490362 -6.783646 2.643607 5.236525 5.030411 -5.307868 2.711093 2.534790
-13.528571 -13.926348 1.157721 -10.168688 9.037393 12.031008 -7.575803 -6.717512 -0.743387 5.713004
-3.910667 -12.313133 -8.098932 -2.650763 1.336199 5.108910 -3.592036 11.080465 9.886646 -17.175972
-8.171190 -15.017599 -2.110339 -12.711681 7.393461 14.827942 -8.646501 0.046733 0.678268 -5.573803
-10.350261 -12.458166 7.243876 -14.280386 9.002037 16.639269 -15.479035 -3.505009 -0.008675 6.086416
-3.438544 -8.062016 -3.000860 -12.066992 -0.634747 10.598097 -2.277141 3.092599 5.554504 -10.875282
-11.061376 -12.119730 -0.969270 -0.280870 7.785271 4.631158 -2.593369 -5.330452 -4.525739 -6.352416
-14.936677 -15.198528 8.399685 -8.305454 3.843811 13.020742 -14.902678 0.645743 10.449750 1.476825
-6.905894 -10.817110 -2.216140 -9.994731 2.482860 10.088961 -3.605551 0.350884 3.760670 -8.516102
-8.054983 -5.134628 -12.769506 0.523755 1.452759 -4.235147 12.264734 -1.865322 0.765439 -10.445851
-13.303744 -10.984806 0.566198 7.362577 3.743593 -3.677362 -0.094597 -1.592631 1.580940 -12.278908
-9.369283 -10.077816 -6.098231 -4.283420 7.670493 4.518093 1.519686 -5.742802 -4.950282 -1.212369
-4.145726 -7.138110 6.956258 -12.213773 0.031752 14.015846 -7.627830 -2.089936 0.464901 -7.318066
-2.417323 -7.128963 -7.220482 -6.022203 5.658150 5.934062 1.306565 -1.613967 -4.600006 -7.140070
2.386193 -3.194984 -8.268215 -4.671564 5.609305 4.622506 5.296821 -4.334598 -11.016999 -6.988505
-3.761019 -8.043554 9.190132 -9.429472 8.841640 12.659080 -11.065377 -5.577490 -8.817514 -1.571063
-11.547811 -12.924820 3.066160 -9.127258 8.557565 11.833338 -10.650461 -3.498522 1.624479 6.011081
-7.426950 -9.037165 -1.983179 -14.700861 2.016501 13.135732 -4.269794 -2.507303 6.924044 2.228879
-11.275791 -19.238674 2.062705 23.891378 20.539968 -6.252817 -13.936254 1.319178 -21.821638 -9.101974
-5.479548 -10.885289 -7.253747 -4.668386 12.587591 6.645087 -2.273777 -3.997857 -9.611396 0.699977
-4.134767 -6.722737 -4.609250 -9.238507 0.557621 7.833961 0.572784 -1.041565 2.147355 -8.272492
-10.181943 -13.965077 -0.850218 -9.576633 12.623876 11.838959 -10.023204 -4.013422 -4.480428 5.064124
-5.457366 -4.907973 -4.230740 9.689095 4.863397 -6.122024 3.453296 -2.467503 -3.603706 -13.668166
-10.310306 -11.338367 -6.612164 6.490667 9.610631 -2.732813 2.948168 -3.341902 -7.901648 -10.244252
-0.572571 -0.811224 4.661209 -11.238120 1.152407 10.555130 -2.855625 -7.324713 -3.582132 3.224045
-5.574337 -8.401714 -6.470708 -6.716080 7.404211 6.534641 -0.196282 -4.591424 -4.452876 0.810389
-0.072051 -4.500428 -25.743290 -9.337347 -14.719161 -2.255869 17.058218 20.983835 33.537064 -17.066057
2.349725 -4.561275 -4.040351 -13.660950 2.077954 11.815394 -0.571285 -0.363396 -2.554964 -5.985899
-11.660310 -11.105297 10.733142 -16.125870 2.919739 17.598555 -13.954267 -4.436730 7.121272 6.965654
-14.172366 -15.089988 -9.260799 -0.879824 8.251449 2.258704 0.753259 -0.882674 1.655841 -5.959828
-4.131772 -10.917256 -8.071026 -9.818264 9.176133 10.296272 -3.346030 -0.652788 -4.426546 -1.616363
-3.047669 -7.962772 4.493697 -14.400297 6.914164 15.589796 -11.733017 -3.193738 -3.913745 1.627083
-11.170578 -7.878189 6.745171 -8.308023 2.011819 9.821640 -7.659346 -4.497275 8.115018 9.865006
-7.807281 -2.514734 10.140013 -4.201426 -5.496026 5.637681 -5.618860 -2.600135 11.838606 1.158904
-7.415206 -7.780486 -3.440305 -6.444882 4.115371 6.401165 0.661781 -5.371490 -0.779065 -1.547360
-24.160261 -21.859346 11.161608 5.421340 9.377762 4.272505 -14.622966 -1.146857 3.814337 -4.349936
3.968565 -5.661153 4.116335 9.417934 16.785526 0.658551 -8.386319 -6.729222 -26.686972 -9.236613
-8.122380 -7.283601 -8.279152 4.447267 4.357461 -3.939570 5.425602 -0.782578 -0.431435 -7.450108
-3.295583 -6.758518 2.477181 -15.764849 4.327235 15.451053 -8.052576 -3.787529 0.176076 3.306601
-6.288081 -7.439228 0.936319 -1.404314 6.773610 4.709278 -2.883965 -5.756707 -5.359525 -0.370739
0.413880 -0.862737 -2.048205 -1.054932 -0.250508 0.551004 1.033660 -0.322986 -0.507852 -4.652051
1.392652 -5.025826 -13.441290 -4.870414 7.708776 3.603167 5.799477 -1.490697 -6.642533 -2.844013
1.246961 -2.102899 -9.635769 -7.912534 2.777724 4.801343 6.950668 -2.611799 -2.490618 -2.760648
-0.778111 -4.559678 -7.391898 -8.853858 2.861310 6.878235 3.238423 -1.765969 -1.668354 -3.476497
-0.193621 -6.390828 -2.289367 -7.450807 9.749862 9.232080 -4.185997 -4.179812 -12.259724 -1.834101
-5.901067 -6.855379 5.634346 -9.720614 7.970358 11.417736 -8.574089 -6.863759 -5.609358 6.473201
2.939220 0.533717 -0.667628 5.096221 1.180684 -2.865116 3.290603 -3.802632 -8.802688 -10.495149
-0.426985 -9.441428 8.963530 -0.919541 15.899536 9.390368 -16.921696 -3.825080 -20.127737 -6.706430
1.820793 -2.333425 -8.902275 -3.737298 8.559699 3.297500 4.965938 -5.110976 -11.325936 0.107439
-5.269238 -5.571083 3.418343 -15.487787 3.188562 14.671837 -7.455257 -5.289551 3.129637 8.729286
-4.092320 -4.256506 -7.196358 4.515970 5.287446 -3.045998 6.823496 -4.565430 -6.356278 -6.923856
-7.334624 -11.693500 -2.451375 -9.043734 8.691405 10.668055 -5.757910 -3.666883 -3.028923 1.129323
-4.679479 -4.268081 -0.778049 0.691136 -0.596251 0.885798 -0.280703 -0.741493 2.903257 -8.681086
-4.308252 -1.646942 -1.396649 -0.042935 -0.368178 -0.349504 4.618197 -5.266154 -0.380792 -5.182714
-0.064796 -4.582664 -11.957918 -3.585623 6.747276 2.540133 7.453947 -3.155354 -7.988769 -4.757256
-11.011690 -10.216251 -0.022362 5.075048 6.464359 0.425580 -1.134713 -4.063655 -3.412105 -8.270576
-5.025133 -3.526642 -4.380754 -0.200872 1.204420 -0.260410 4.674547 -3.831056 -1.894902 -8.450808
-4.902017 -3.958899 -6.619805 -0.477212 1.775524 -0.057332 5.357724 -2.176281 -0.087287 -7.028611
-6.180000 -7.817641 2.791442 -4.687713 8.763211 7.362915 -4.523037 -6.149759 -6.877103 0.853345
-6.097763 -5.134346 7.665601 0.710527 5.456816 3.799941 -4.157601 -6.146460 -2.633916 4.001863
2.660639 -0.049253 2.405992 -6.469437 4.691231 7.294547 -2.418267 -5.808154 -8.682413 1.945737
-3.733936 -5.559860 13.906543 -14.613753 0.431561 16.890520 -12.198336 -4.492769 -1.534346 -3.681741
-8.227597 -9.673850 -1.588694 -6.842072 5.894943 8.457165 -3.368134 -5.044962 -1.961250 0.293649
-1.541558 -3.853335 -1.787535 -14.803993 0.908275 11.749732 -0.862099 -4.099952 1.292718 0.607941
-3.024581 -2.110616 8.083715 -19.574743 -1.972059 17.415630 -6.985468 -7.148466 4.208450 6.663311
0.604521 -1.077742 -8.999621 4.514781 4.442070 -3.673800 10.019185 -4.836214 -10.035275 -10.334338
-3.905312 -4.938667 2.544785 -9.907725 -2.728097 9.461880 -3.275934 -0.792180 4.225136 -9.267567
