25.446444 97.095146 -79.389191 65.666008 -98.789848 -77.203911 73.859711 -70.584106 -101.789818 -111.746475
19.793741 82.756157 -69.580475 59.131359 -91.452332 -63.820400 60.719662 -62.519146 -85.891579 -93.126457
4.126278 102.799232 -82.164429 69.409355 -129.217621 -54.046295 53.639885 -77.971924 -90.227699 -95.283394
11.841958 96.622353 -79.186234 64.749062 -108.977722 -64.474205 62.953548 -71.321404 -93.244354 -99.655838
26.865286 87.610870 -71.438141 59.334679 -89.182114 -70.093559 65.543037 -63.763927 -91.482254 -100.943054
32.401173 74.235832 -60.441963 51.911980 -64.377495 -77.246803 70.628525 -49.907276 -86.811684 -97.587936
33.598766 82.269798 -67.287781 53.631413 -71.504433 -78.113838 73.111610 -57.851818 -90.989418 -104.201805
23.011677 94.991989 -78.130119 63.133606 -98.905052 -72.447823 68.887955 -69.930336 -97.296036 -106.300674
24.436537 76.669136 -63.906944 43.435108 -59.118576 -74.298256 74.405930 -52.633724 -86.001869 -96.560608
6.928835 102.530128 -82.198181 69.685661 -127.283730 -56.303272 55.036598 -77.808022 -91.325882 -97.076477
24.839437 84.045425 -69.373215 49.088749 -67.027786 -77.873360 77.963043 -57.669170 -90.655937 -103.483505
31.261921 83.782700 -68.900597 53.735302 -66.672714 -84.160683 79.070129 -57.184643 -96.161980 -107.428146
17.806303 97.396118 -79.033371 65.547188 -107.907646 -68.885735 65.811974 -71.564507 -96.855553 -104.683762
19.899302 72.585655 -61.074265 41.612110 -56.670723 -71.194023 69.549713 -50.116348 -81.576332 -92.309807
25.215183 81.813744 -66.594360 48.423885 -67.043266 -77.260483 75.145981 -54.828938 -88.380562 -102.800728
22.287073 83.100075 -68.019897 48.495953 -70.537231 -74.344315 73.355530 -57.675285 -89.324715 -100.044449
22.812248 101.038383 -82.204735 64.573044 -99.355858 -78.151253 76.432045 -72.639496 -102.810738 -113.578201
34.854317 82.922264 -68.033371 55.703838 -71.803963 -81.451012 76.082306 -57.470211 -94.137901 -106.534111
3.430770 104.053398 -83.635872 71.990601 -134.332596 -53.191502 52.143822 -79.761772 -91.073555 -95.780396
28.310289 87.142937 -71.275787 55.078228 -75.225006 -79.882622 77.101059 -60.408680 -94.668716 -106.678459
20.863880 96.770500 -78.331985 65.103554 -104.312950 -69.597672 66.723427 -71.041832 -96.045120 -104.950394
32.171993 85.390297 -69.982452 54.832512 -69.812012 -83.364326 79.672363 -58.531509 -95.473869 -108.668121
30.300238 81.866364 -67.770340 49.475872 -62.337418 -84.148911 80.909264 -55.363876 -94.283562 -106.922745
26.372108 80.988365 -69.244339 50.325558 -65.488274 -78.241875 76.903183 -57.413265 -91.097755 -102.279106
28.833464 85.026329 -71.351181 58.139427 -76.689812 -78.876122 74.235687 -60.877750 -95.797256 -105.178314
29.252890 87.225159 -72.200699 56.812763 -79.479805 -77.261124 74.615608 -62.405296 -94.314903 -105.613708
31.563951 75.669350 -62.601170 49.243862 -59.190434 -77.548569 73.451614 -51.927380 -85.832954 -97.905960
35.173176 81.120766 -67.004486 57.847672 -73.965637 -79.450356 72.684212 -56.521984 -93.305717 -104.407135
4.766728 103.279411 -82.645912 70.800880 -130.207108 -55.152950 54.269642 -78.379509 -91.245110 -96.684784
34.620682 82.368195 -67.185272 53.114861 -64.196968 -83.994919 79.200325 -55.999218 -92.707558 -106.781418
28.210077 72.488243 -59.893234 46.018383 -56.430344 -76.858269 71.646332 -48.774738 -85.410896 -95.567230
13.356600 103.161583 -82.599564 69.315819 -120.387169 -63.981892 62.218544 -76.678619 -96.156578 -103.469452
31.897345 77.755508 -64.319214 50.693203 -61.017162 -80.305763 74.478081 -53.324272 -90.333382 -101.288208
24.327284 94.000648 -76.837128 62.368725 -94.260117 -75.181686 71.492706 -67.524010 -98.008034 -107.270493
3.422579 104.976234 -84.214401 72.962914 -136.186737 -52.811214 51.970684 -80.505272 -91.568954 -96.095520
31.185316 81.711296 -66.940239 49.428921 -63.843201 -80.588028 78.262177 -55.875538 -90.777412 -103.884537
4.668466 103.651962 -82.487122 71.450180 -133.094238 -53.671429 52.283375 -78.816536 -90.516167 -95.571587
6.909389 103.001297 -82.808929 71.014519 -129.054962 -57.022877 55.393967 -77.755577 -92.464821 -97.977936
32.371906 80.148895 -65.411972 50.451107 -62.654274 -81.361649 77.308144 -54.305729 -90.765244 -104.061935
12.197806 98.548744 -79.710556 64.430099 -110.301285 -63.909920 63.246944 -72.537498 -93.318970 -100.650230
30.525564 91.164848 -74.549103 58.634686 -84.823837 -78.220497 74.467773 -65.564102 -97.528290 -108.909409
19.931093 96.809746 -79.440994 64.420586 -101.689888 -72.963020 70.562119 -70.298210 -98.418404 -107.678307
16.382206 101.452888 -81.806404 66.216347 -111.238029 -68.880997 67.480499 -74.510902 -97.612694 -106.688835
27.078388 82.905174 -67.596649 51.905308 -73.562180 -75.511024 72.055412 -57.483875 -89.978432 -102.135925
9.865533 104.543999 -83.443893 70.388229 -126.384941 -60.270229 58.895813 -78.339851 -94.360573 -101.132462
23.595877 67.395546 -55.667072 37.543461 -50.553886 -71.790474 69.042725 -43.661793 -78.721504 -89.778366
20.022085 92.680580 -75.521072 56.950031 -88.328575 -73.744240 72.178436 -66.229179 -94.944901 -105.064774
32.950626 78.517662 -63.808605 54.255024 -68.185013 -79.936256 73.239655 -53.192856 -91.131485 -102.385239
13.486339 97.602913 -79.049469 60.544174 -102.719284 -67.366859 67.755577 -71.296402 -93.905144 -102.743622
16.339603 102.613998 -83.535721 69.318825 -114.389839 -69.191849 67.410995 -76.269516 -100.127953 -107.101334
19.192228 96.552612 -78.124481 64.883095 -106.923592 -67.411186 64.252518 -71.090782 -95.333694 -103.603897
29.912830 74.665321 -61.966190 47.775925 -57.463554 -80.337227 74.263390 -50.189575 -89.112373 -99.457520
22.168642 97.719864 -79.422127 67.656326 -105.446396 -71.767662 68.593292 -71.158630 -98.413872 -107.436905
6.101796 106.176369 -84.745148 71.918083 -131.460083 -58.015675 57.348652 -80.014755 -94.389725 -100.300369
32.284790 78.962440 -65.133820 50.120399 -59.803185 -81.402344 77.463234 -53.090343 -89.556282 -102.779037
32.934444 80.491325 -66.527527 54.174145 -64.864563 -84.484138 78.156937 -55.089619 -95.341850 -106.320580
23.410181 90.754478 -74.611137 61.435963 -94.646439 -70.227135 66.504974 -66.388573 -93.573807 -102.389191
9.528457 102.318398 -81.995163 70.858070 -127.072395 -58.331722 55.784298 -77.388939 -93.017593 -98.937447
28.203653 88.300514 -72.342873 57.945641 -80.613235 -79.189850 75.198013 -61.800541 -96.179527 -106.973587
29.790123 75.372002 -61.986244 47.362167 -61.637955 -75.271263 70.282990 -51.226826 -86.801064 -97.792664
26.530462 69.638680 -59.658222 40.186092 -51.359325 -74.608101 73.512520 -45.972439 -82.585526 -93.419312
28.135057 77.012383 -63.237709 48.508076 -62.113949 -79.686699 74.640205 -51.301800 -89.671570 -100.607101
26.784758 82.132263 -68.148071 49.990292 -69.580032 -77.410484 75.590652 -56.740944 -91.726227 -103.378685
25.722128 98.709297 -81.495300 64.462410 -93.026131 -81.247620 78.011574 -72.083374 -104.276192 -114.408890
29.229763 93.791603 -77.315369 62.627728 -91.843094 -78.313545 74.239441 -67.738548 -99.650459 -110.181221
33.267986 79.996010 -65.301880 53.648285 -68.331924 -79.085205 72.531250 -55.124683 -90.681953 -102.677948
30.085150 77.476311 -63.046925 45.518986 -54.602814 -81.428474 78.518433 -51.075611 -87.933815 -101.379883
30.665688 75.605690 -61.890965 48.657757 -59.168407 -80.666374 74.363953 -50.497524 -89.126076 -100.508156
28.138445 93.427933 -76.558212 61.354900 -87.353065 -80.419426 76.613434 -66.582611 -100.172096 -111.821701
32.708054 87.908226 -72.586731 59.672840 -76.344009 -83.461021 79.256172 -62.044621 -99.597923 -110.477989
29.711298 87.335487 -72.287338 59.790829 -83.503624 -78.391685 73.504089 -61.912540 -97.671661 -107.254242
