4.269076 -30.209641 17.358992 -23.896454 -17.185553 -38.362156 -2.388934 -25.258183 -19.764870 -25.110607
6.814755 -22.497734 4.791975 -18.080414 -13.360015 -28.183075 -4.244548 -18.994352 -12.771399 -8.314461
3.361363 -32.982761 21.131147 -25.059402 -18.888140 -41.068867 -0.583082 -27.533648 -23.400768 -30.098433
7.883739 -19.463566 -1.837098 -15.964755 -11.783216 -24.767241 -3.275045 -16.397720 -7.507435 -0.572623
7.258261 -20.061510 0.428838 -17.299862 -12.509580 -26.620476 -5.272632 -16.437124 -8.265140 -4.272129
8.895550 -12.688708 -8.678922 -9.200598 -6.319933 -14.112237 6.672711 -11.918074 -1.292442 10.173565
7.622330 -2.682224 -20.622404 -5.331199 -5.685396 -3.325487 -4.093269 -0.918802 0.084075 15.891617
7.713651 -9.753024 -7.638581 -8.687604 -5.882455 -13.099150 0.676626 -8.532022 -0.579060 6.561275
8.525446 -11.985641 -8.878326 -10.042424 -6.893220 -14.664582 2.777197 -11.089920 -1.087142 10.362160
8.403295 -8.817460 -13.675971 -7.364768 -5.880625 -10.220280 5.299088 -8.015955 1.747760 13.502417
8.278763 -1.803706 -21.879299 -5.045185 -5.979066 -2.955967 -3.711993 0.109992 1.481628 18.499884
8.577508 -11.789322 -9.116786 -8.359353 -5.870644 -13.269769 7.026460 -11.144587 0.088817 10.359665
6.862803 -16.214258 0.328751 -9.216733 -6.954413 -17.016375 8.951595 -13.723450 -4.441833 -0.410140
8.683384 -1.652327 -23.633184 -5.367513 -6.146224 -3.337419 -4.727890 0.360536 2.838223 20.577375
6.684055 -23.229010 5.130449 -18.999559 -14.294186 -29.957182 -5.543302 -19.876467 -13.148488 -9.668420
7.731262 -2.197273 -21.563604 -5.454422 -5.912339 -3.143804 -4.737895 -0.321217 0.556440 17.126497
8.568481 -11.457988 -8.083438 -7.825099 -5.495327 -12.629282 6.682553 -10.455383 -0.118339 10.195550
9.102806 -9.594567 -10.743855 -7.547394 -5.132952 -10.293280 6.510872 -9.187988 0.137695 12.806650
3.527364 -32.396732 21.677858 -24.446095 -17.969152 -40.384605 1.277472 -27.635546 -21.773289 -30.742527
7.489151 -9.241623 -12.602455 -7.574174 -6.703096 -11.039978 4.131310 -6.457817 0.789788 10.405890
3.576603 -32.135929 20.397310 -24.228897 -17.789762 -39.622334 0.254099 -27.205738 -22.311226 -28.559393
8.116504 -4.394042 -21.609846 -7.310615 -7.780258 -7.252965 -4.113963 -1.717884 2.641371 16.432844
6.382778 -12.596350 -4.143243 -5.943260 -4.897695 -11.644852 13.833309 -11.524054 -2.315013 5.079993
7.719681 -1.946867 -21.638502 -4.991643 -5.372685 -2.721123 -4.261186 -0.060011 1.387776 18.237007
8.132638 -2.154118 -23.774082 -6.480313 -7.507010 -4.437552 -5.501931 0.056152 2.677664 17.830854
4.788872 -25.876526 10.372290 -19.862070 -15.032739 -31.982460 -2.172950 -21.504303 -16.843945 -15.768217
7.585124 -20.769552 3.076189 -17.032825 -11.786435 -25.911104 -3.952903 -17.054832 -10.565288 -5.513824
9.201525 -20.023842 1.550323 -17.423656 -11.298664 -25.566019 -6.638787 -17.083086 -9.710965 -2.822020
4.158679 -31.495232 19.894035 -24.814583 -17.647495 -39.732529 -2.533389 -26.483290 -21.706161 -27.329712
8.055953 -13.178785 -6.982955 -8.345641 -5.985803 -14.190716 9.085282 -11.771025 -1.285772 8.097412
1.984839 -28.973740 13.895627 -20.849098 -17.063635 -35.460133 3.499337 -23.689953 -18.298615 -23.678534
8.926314 -12.233753 -9.284828 -8.984967 -6.400315 -14.739596 5.812419 -11.369328 0.027339 10.005663
8.137671 -1.926092 -21.824453 -5.179296 -6.161831 -3.216638 -4.398223 0.155838 1.331591 18.015453
3.504043 -33.546867 22.324118 -25.684349 -18.970470 -41.974888 -0.537562 -28.361980 -23.382998 -31.296721
3.683758 -30.415287 17.298159 -23.933342 -17.828619 -38.884453 -2.357142 -25.703150 -20.902414 -26.856449
9.855139 -11.436155 -9.473895 -9.816336 -6.115562 -14.342064 1.420986 -11.300514 -0.603664 10.960494
3.488674 -31.954861 21.808397 -24.669439 -17.441795 -39.855148 0.184376 -27.000580 -22.482899 -30.288347
7.108747 -2.098746 -18.148546 -4.020523 -3.751623 -1.675483 -0.412582 -1.077327 0.479970 15.729657
7.826581 -2.171640 -21.314516 -5.240806 -5.907036 -3.230595 -4.241797 -0.388310 0.855722 17.078905
8.568698 -0.918910 -25.764250 -6.121305 -7.268912 -3.437059 -8.071939 1.459490 2.773161 21.405945
7.586007 -20.394444 2.651449 -16.665684 -11.427313 -25.656290 -3.740036 -16.834568 -9.049638 -5.574746
8.480424 -1.229578 -25.147778 -6.574567 -7.400612 -4.104079 -7.560711 1.089171 3.285012 20.305769
6.235420 -18.537251 3.630576 -12.812582 -9.195893 -21.245481 2.950476 -16.021139 -8.350614 -7.229531
8.446837 -1.769061 -23.569883 -5.449405 -6.134742 -2.633631 -3.617606 -0.077428 2.189055 19.397110
7.868015 -1.356941 -24.056240 -5.972171 -7.160265 -3.098484 -6.639918 0.863305 2.373968 17.910006
8.315865 -1.655971 -23.743237 -6.738904 -6.976530 -4.521827 -7.326915 1.043152 2.417183 19.787903
8.484569 -1.372803 -22.722416 -5.362217 -5.579680 -2.730393 -4.095870 0.168231 2.446270 20.021544
6.630149 -12.522066 -6.511488 -8.534135 -6.858039 -14.790331 6.654267 -10.537521 -0.203187 2.942781
7.742081 -2.364677 -20.684977 -4.778109 -5.353218 -2.895257 -3.202010 -0.494141 0.581428 17.064802
8.263687 -9.325804 -13.020186 -8.851235 -6.332436 -11.188255 0.594935 -7.335021 -0.740143 12.360688
5.009040 -10.489262 -10.589510 -12.087354 -10.940379 -13.428329 -11.548946 -5.604249 -8.071703 1.353711
8.727060 -20.614794 0.105056 -17.625877 -12.332462 -26.473017 -6.277662 -17.593090 -9.526813 -2.171248
8.501509 -5.618125 -20.011267 -7.488304 -7.466094 -8.190286 -1.856242 -3.025127 3.048193 17.150892
9.459105 -15.496661 -3.618260 -14.094098 -9.581038 -21.754093 -4.974939 -14.408674 -4.581180 2.808973
6.151511 -22.305504 4.153471 -18.087036 -14.092209 -28.534891 -5.313095 -18.572905 -13.831793 -9.210986
7.380744 -20.439054 -0.051220 -17.369759 -13.099207 -27.407804 -6.265778 -17.140829 -9.409904 -5.420904
7.931828 -2.262260 -20.800577 -4.558783 -5.078904 -2.382079 -2.313284 -0.334703 1.049025 17.473375
9.134335 -9.537275 -9.572341 -8.283519 -5.251762 -10.967028 3.093343 -8.780903 -1.517674 11.299660
7.726931 -18.638628 0.773420 -15.916344 -10.996977 -24.894876 -5.099707 -15.889203 -7.877337 -4.484685
8.127777 -3.127843 -23.333193 -7.376026 -8.053745 -6.498445 -7.339283 -0.231761 3.146868 18.238726
6.905390 -7.314245 -12.109918 -6.365494 -4.801727 -7.199419 6.282138 -4.789487 -0.396755 10.883198
7.839287 -2.283982 -19.699999 -4.348228 -4.508064 -2.389363 -1.229858 -0.590364 0.756519 16.691458
7.654237 -20.309137 1.036373 -16.698309 -11.631210 -24.922747 -3.343765 -16.596279 -10.473977 -3.234636
8.459728 -1.448573 -23.373396 -5.493338 -6.113866 -3.111613 -4.436718 0.261520 1.891798 19.020952
7.994252 -1.319308 -23.363354 -5.141121 -5.792073 -2.211433 -4.898947 0.316694 2.314187 19.692953
7.663068 -17.535753 -4.059951 -15.072604 -11.825813 -23.976978 -4.112901 -14.660843 -5.973113 -0.983135
8.738454 -1.847473 -24.804438 -6.151363 -7.121511 -4.059999 -6.426456 0.846040 2.437855 21.033590
8.221714 -2.484414 -21.113678 -5.027052 -5.776522 -3.257719 -3.070558 -0.600292 0.856563 17.474985
8.677886 -2.013687 -23.101202 -5.738303 -6.436800 -3.664295 -3.788306 0.101111 2.549660 20.104620
8.407092 -4.720893 -16.977793 -5.539790 -4.665967 -5.228108 2.657673 -4.054036 1.845415 16.298162
8.332150 -8.321204 -11.706746 -6.283503 -4.463118 -8.096185 7.520215 -7.652884 0.694324 13.089396
6.208998 -24.703449 8.406087 -19.793961 -13.988319 -31.538774 -3.143235 -20.505611 -12.466692 -13.350882
