-8.207660 1.992691 -20.833244 -0.900087 -16.070293 -11.958220 -4.931726 -2.870540 -13.684677 -24.831366
-0.254246 0.621405 -20.095043 2.177280 -12.570587 -12.654644 -2.344129 -5.282118 -9.457838 -20.817583
13.240972 -8.563963 -49.660656 2.759369 -22.072248 -23.590471 0.139871 -18.897757 -16.990250 -44.527885
5.360049 -0.651963 -30.595831 9.426252 -14.313186 -19.202097 -3.855870 -5.978742 -15.252552 -24.354662
-3.622747 1.738441 -20.782728 2.159117 -13.755720 -12.187485 -2.897319 0.901825 -11.128548 -19.910717
-21.840555 8.942089 -10.403060 -3.280204 -13.167147 -8.619600 -5.079185 7.930914 -13.706820 -14.660709
-14.605358 7.142305 -8.495210 3.480185 -10.794194 -9.963207 -4.112740 11.441503 -10.908647 -8.083741
-0.416542 0.483345 -23.993364 3.034400 -14.941177 -14.031143 -3.515982 -2.943317 -12.079640 -23.521114
-13.053286 4.217563 -10.770492 4.863892 -10.546717 -9.904058 -5.396603 8.598148 -12.616356 -11.194362
5.656008 -5.262171 -36.635010 4.712229 -17.754749 -18.527536 -1.990728 -9.700728 -15.036695 -32.877346
-11.766787 3.009192 -16.463858 7.439413 -12.665099 -11.272955 -5.821548 8.129168 -16.046703 -15.485826
-16.569319 7.170197 -15.241961 2.964383 -14.859505 -11.589094 -7.068349 8.277250 -16.388163 -16.987173
-4.501238 0.120749 -23.721586 -0.564729 -14.865407 -12.415505 -3.672469 -4.533450 -12.704229 -25.428047
-19.438244 5.918626 -4.769584 3.880611 -7.868176 -7.903069 -5.675556 12.038869 -13.579297 -7.140754
-20.218441 6.508412 -9.763672 1.887714 -10.852255 -7.605482 -5.699484 10.586269 -14.792517 -12.199787
-9.237056 4.027070 -14.492518 7.682962 -11.278121 -11.914275 -5.417243 8.500311 -13.717970 -12.052785
-4.008119 1.585325 -25.726603 7.509092 -16.838633 -15.640053 -5.655596 0.944891 -16.587055 -23.356319
-18.381514 8.654737 -7.075955 0.449034 -11.393433 -9.032495 -5.186679 10.034768 -12.519373 -10.144441
13.286934 -8.537777 -49.040089 2.454554 -21.817106 -23.253368 0.174426 -18.765432 -16.572313 -44.168022
-9.560063 4.040084 -20.711130 4.569608 -14.784333 -13.271663 -4.781826 4.656018 -15.039498 -19.739054
-0.487156 -0.621221 -27.696375 1.730222 -15.864998 -14.303889 -2.347134 -4.227847 -12.771372 -26.819065
-14.235518 6.629936 -17.441360 4.238173 -15.728683 -12.461914 -6.354001 8.149324 -16.284523 -17.924500
-21.447203 7.343728 -13.031185 0.647745 -14.888181 -10.223595 -7.336876 10.628429 -16.693014 -16.951054
-21.615721 9.021665 -1.558400 3.635801 -8.287747 -8.622583 -5.169284 13.975458 -12.269062 -2.405796
-13.126451 7.275702 -11.478189 2.574581 -11.861377 -11.150355 -5.384809 6.222988 -12.834458 -12.387801
-7.244240 3.856812 -15.562813 3.925164 -12.261093 -11.468003 -4.367520 4.093811 -11.870766 -15.597920
-14.468067 7.332448 -12.215366 4.344401 -11.939678 -11.131718 -3.854843 10.661510 -13.107775 -10.567371
-14.585356 6.208751 -14.214540 -2.433965 -14.819506 -9.980579 -5.517162 3.569864 -12.831945 -18.930996
2.207845 -3.138758 -33.476170 2.835617 -17.945868 -16.986485 -3.124125 -8.404357 -15.410973 -32.338921
-19.037748 8.734138 -9.818646 3.926006 -12.070988 -10.622804 -4.879786 13.490973 -14.790384 -9.464393
-24.008175 9.322074 -9.193974 -0.124980 -12.306347 -9.182562 -5.938404 12.893085 -15.323611 -11.825480
6.121016 -3.442312 -39.375130 4.203239 -19.570303 -20.453169 -1.916792 -10.317870 -15.921890 -35.436966
-23.635675 10.916327 -5.988289 3.262719 -11.444590 -9.850190 -5.713753 16.099955 -14.581867 -5.881533
-2.859627 1.180341 -25.579706 4.114777 -15.619440 -14.741028 -3.600353 -1.298984 -13.958985 -23.653967
11.580968 -7.590792 -46.034283 2.052317 -21.300585 -22.175138 -0.503412 -16.777393 -15.882322 -41.769398
-11.940127 4.529220 -14.302524 5.809335 -12.377664 -11.306210 -5.440709 9.599202 -13.922803 -13.261050
11.000242 -6.798542 -42.881626 1.681873 -20.057852 -21.049509 -0.635803 -14.910138 -14.724817 -39.287487
1.112810 -3.162616 -34.642071 2.911759 -18.280046 -17.260038 -2.754576 -8.063007 -15.983223 -33.083672
-22.449478 9.598406 -9.578981 3.086844 -12.652252 -10.268826 -5.437288 15.472422 -15.134827 -9.033732
3.779805 -1.569395 -27.872244 9.113064 -13.713658 -16.773151 -3.223130 -2.755265 -13.346092 -21.849712
-6.774865 3.763287 -15.045794 3.659977 -13.028032 -11.675352 -5.467079 4.589857 -12.245960 -15.842054
-5.061869 0.451215 -24.966320 2.688594 -16.140821 -13.912666 -4.090567 -2.408283 -14.154510 -25.073198
2.512268 -2.776295 -31.911116 5.659528 -16.661470 -17.076981 -3.013675 -5.101056 -14.784389 -28.373615
-23.045317 9.180984 -5.591155 0.874789 -10.522080 -8.248646 -5.452816 14.021940 -13.309578 -7.155014
2.429296 -2.338972 -35.324398 4.599813 -18.517057 -18.358387 -2.960642 -7.376898 -16.136593 -32.548843
-26.577375 6.796603 -11.171260 -2.591075 -12.385807 -7.695005 -5.656658 12.368322 -15.715109 -15.151561
-3.796700 0.703669 -22.737705 6.819157 -13.693754 -13.541818 -4.636975 1.632123 -14.594744 -20.181889
-22.457022 8.708548 -11.110997 -3.657523 -14.244985 -8.491257 -5.828382 7.899173 -14.706409 -16.332237
0.451924 -1.744212 -24.312086 8.791414 -12.922766 -14.613430 -3.862817 -0.111661 -13.528545 -19.700943
2.266166 -0.689781 -31.061312 5.753556 -17.045841 -18.172155 -4.414982 -6.905599 -15.252184 -28.254688
-1.638297 -0.530876 -25.889460 -0.189386 -15.789762 -13.216600 -2.912921 -5.167457 -12.047437 -26.807259
-26.894464 10.485977 -7.321668 0.377001 -12.812832 -9.071179 -6.569734 15.272177 -16.386511 -10.530448
-6.626899 3.190447 -22.851980 0.162672 -16.300285 -13.123531 -4.801658 -1.771075 -14.015028 -24.942768
6.062382 -4.202269 -37.307266 -0.196976 -19.805689 -18.166342 -2.087361 -12.625071 -14.263833 -36.700294
-20.796434 9.512617 -9.532692 4.499063 -12.609372 -10.718962 -4.975637 14.413321 -15.436982 -8.750724
-27.818403 11.363765 -2.869750 -0.528796 -11.647226 -7.820180 -6.457059 14.664536 -15.256378 -7.652326
-0.581028 -0.173631 -24.871019 3.005694 -14.707938 -13.705157 -2.675380 -2.632292 -11.772565 -23.290266
9.756368 -6.509174 -45.044910 3.102332 -21.158667 -22.119244 -0.868422 -15.213760 -16.658085 -40.793610
-9.141010 3.735622 -20.396109 3.138340 -14.455364 -12.561908 -4.870585 2.287679 -14.441135 -20.468227
-21.892324 9.971558 -5.485103 2.581509 -11.321804 -8.979811 -5.462363 15.502118 -12.745363 -5.435550
-21.270151 6.886907 -4.565136 1.071346 -8.955406 -7.602007 -4.833934 10.759270 -11.541872 -7.558639
-23.924345 7.058335 -13.559506 -2.816382 -14.755315 -8.773069 -6.590532 8.181973 -16.488461 -18.967787
-11.326320 3.279163 -15.791757 2.545776 -13.140619 -10.176517 -5.236136 4.849252 -12.731134 -17.147787
-6.257401 3.436897 -16.797630 7.355197 -13.771940 -13.500270 -6.265226 3.322756 -15.338729 -16.377518
-5.219394 2.806306 -22.243364 2.905639 -15.496143 -14.107243 -4.371463 1.251754 -13.488672 -21.929707
-13.749284 6.221066 -17.135469 1.771426 -15.135053 -11.612333 -4.975718 8.193162 -14.741148 -17.662823
-23.448381 8.791958 -9.902129 3.468362 -12.254997 -10.297914 -5.460449 16.412802 -16.059837 -9.719098
-27.527411 10.859674 -6.166728 0.052087 -12.004110 -8.174191 -6.227249 15.620346 -15.689335 -9.219304
-9.550232 4.198065 -18.456656 2.930719 -15.679021 -12.021307 -6.337714 3.059152 -14.946352 -20.438618
-13.446148 6.741831 -13.970327 1.539658 -14.470885 -11.446764 -6.943509 3.604206 -14.230472 -17.371185
-11.846297 3.881362 -16.465864 -2.878840 -15.382745 -9.978437 -5.853154 -0.347196 -12.436852 -21.749790
