1.299295 -2.922869 3.318365 4.908582 7.243709 -6.644279 6.156832 -4.007237 5.926649 -2.583128
1.198796 -2.759720 3.178719 4.668300 6.960568 -6.340469 5.940886 -3.906518 5.742598 -2.487736
1.072053 -2.835573 3.163791 4.839565 6.986582 -6.545876 6.095793 -4.041766 5.807703 -2.604316
0.902855 -2.801905 3.100623 4.666920 6.809320 -6.374558 5.962518 -4.040959 5.769636 -2.561888
0.554997 -2.739990 2.731086 4.369663 6.106994 -5.908503 5.718525 -3.955964 5.403976 -2.663196
-4.304015 -0.800282 -0.026005 1.612824 1.226024 -3.174476 3.110556 -3.415723 3.088932 -2.163346
-0.883922 -1.816104 1.089975 2.150795 2.681068 -3.353938 3.533616 -3.095016 3.081601 -2.918629
-0.915950 -2.064931 1.729210 3.075143 3.993169 -4.711009 4.500007 -3.494527 4.306903 -2.803174
-1.198143 -1.935752 1.442046 2.773116 3.521689 -4.311893 4.469620 -3.475596 4.071379 -2.592698
-5.135790 -0.541741 -0.548985 1.131337 0.513271 -2.756493 2.824734 -3.214398 2.732959 -2.236943
-5.241237 -0.804141 -0.556164 1.233570 0.372621 -2.682477 2.672576 -3.206824 2.604992 -2.158649
-1.300387 -1.911940 1.382810 2.845084 3.559508 -4.495291 4.391442 -3.560488 4.135987 -2.708884
1.217853 -2.775050 3.258441 4.789113 7.086538 -6.625077 5.992877 -3.957400 5.891174 -2.524260
-5.586805 -0.738981 -0.520017 1.396803 0.617600 -3.236358 3.191502 -3.526978 2.982032 -2.380454
0.900843 -2.753322 3.063294 4.610689 6.801634 -6.276338 5.967188 -4.104762 5.742343 -2.534577
-1.990217 -1.666047 0.766134 1.800691 1.933895 -3.060822 3.465838 -3.181025 2.833519 -2.801071
-0.573232 -2.009170 1.817085 2.930417 3.904486 -4.284714 4.099473 -3.074406 3.877262 -2.306217
-4.935939 -0.955075 -0.238728 1.539800 1.230037 -3.386479 3.435541 -3.700617 3.278775 -2.343097
1.069513 -2.893743 3.193172 4.895846 7.026671 -6.571396 6.160144 -4.102737 5.903782 -2.565205
-1.549211 -2.002828 1.286500 2.659185 3.447820 -4.058475 4.254796 -3.395160 4.003443 -2.428840
1.509028 -2.904068 3.460242 4.952725 7.427064 -6.649028 6.152089 -3.914531 5.948907 -2.467616
-5.241524 -1.015799 -0.163845 1.721427 1.309002 -3.690502 3.440155 -3.745201 3.452726 -2.292191
1.246931 -2.237329 2.835726 3.821713 5.825327 -5.518971 4.964598 -3.319222 4.760627 -2.129667
-5.715879 -0.757323 -0.599153 1.408063 0.566359 -3.081052 3.088668 -3.550154 2.909738 -2.320396
-5.541423 -0.678803 -0.552223 1.344076 0.588118 -3.085012 2.881012 -3.381032 2.958048 -2.293400
0.763684 -2.734349 3.035708 4.545332 6.711796 -6.240158 5.886654 -4.033558 5.699552 -2.626580
1.424136 -2.806201 3.320212 4.680267 7.050735 -6.337249 5.955513 -3.689841 5.767230 -2.386524
0.947748 -2.956667 3.291609 4.924539 7.002467 -6.475784 6.112695 -4.017405 5.928169 -2.568715
1.057341 -2.849531 3.194229 4.810897 7.062657 -6.530730 6.086689 -4.041162 5.896284 -2.470064
0.453201 -2.468584 2.648854 4.052152 5.849537 -5.742379 5.388594 -3.812607 5.229747 -2.454824
1.521448 -2.884351 3.309959 4.884959 7.228989 -6.573781 6.109845 -3.953789 5.844276 -2.517424
-1.300199 -1.841506 1.227849 2.511625 3.144396 -4.022195 3.941099 -3.392117 3.725993 -2.558011
-2.725873 -1.373510 0.285306 1.531112 1.461507 -2.762432 3.105216 -3.106541 2.694786 -2.851522
1.272022 -2.882191 3.361581 4.919395 7.333859 -6.670149 6.177557 -4.077953 5.946538 -2.564896
1.135961 -2.878704 3.207036 4.842948 7.065222 -6.571913 6.080488 -4.025631 5.833756 -2.589999
-1.709315 -1.829133 1.258051 2.662049 3.205173 -4.283162 4.328824 -3.542453 3.975071 -2.683773
1.007018 -2.887412 3.135972 4.832113 6.951277 -6.475214 6.093971 -4.096905 5.845344 -2.576091
-5.398787 -0.667522 -0.516244 1.613264 0.651301 -2.965322 3.009543 -3.327839 3.009064 -2.094561
-1.521443 -1.838856 1.105899 2.137727 2.491606 -3.534417 3.875257 -3.250226 3.291871 -2.830003
-4.228668 -0.938677 -0.236026 1.444332 0.873902 -2.993319 2.971422 -3.149791 2.705906 -2.461149
0.625440 -2.762718 2.986827 4.462903 6.411711 -6.115738 5.835239 -3.976652 5.595693 -2.531165
-4.581551 -1.088524 -0.263591 1.300313 0.786222 -2.803972 3.077327 -3.394701 2.629567 -2.488080
1.122168 -2.848143 3.174795 4.791476 7.014635 -6.502874 6.009386 -3.888015 5.829908 -2.607535
-5.263402 -0.851811 -0.352566 1.510130 0.707149 -3.087662 3.076054 -3.550834 2.879934 -2.264590
-4.768269 -0.806789 -0.465926 1.245716 0.632293 -2.951847 2.884522 -3.373540 2.657798 -2.410254
-4.268973 -0.945735 -0.219043 1.445051 0.912347 -3.034969 3.058233 -3.387948 2.787725 -2.657894
-5.044821 -0.854505 -0.479641 1.535516 0.702419 -3.069097 3.042431 -3.232791 2.923217 -2.141302
0.257925 -2.537820 2.288059 3.767715 5.242029 -5.380080 5.197041 -3.503914 4.993166 -2.770009
-5.155722 -0.772087 -0.526283 1.318211 0.586685 -2.961031 3.002377 -3.465034 2.815876 -2.424092
-1.660027 -1.905679 1.266554 2.766224 3.223957 -4.145980 4.252534 -3.523785 3.940634 -2.585228
-0.112658 -2.498313 2.354257 3.520398 4.836279 -4.855636 5.159091 -3.619193 4.627523 -2.505697
0.687075 -2.717244 3.028820 4.471228 6.514457 -6.115125 5.877442 -4.048309 5.633619 -2.587480
-5.547135 -0.663661 -0.658151 1.258228 0.582401 -3.007240 2.893774 -3.453866 2.964824 -2.461182
-0.345434 -2.361989 2.143760 3.376469 4.619880 -4.923867 4.937681 -3.705839 4.563602 -2.760923
1.278315 -2.772990 3.217523 4.740870 7.109424 -6.514386 6.012595 -3.887402 5.786762 -2.589913
0.977727 -2.751070 3.020805 4.504381 6.462441 -6.071358 5.797811 -3.957839 5.551260 -2.594442
-5.159389 -0.739785 -0.204131 1.562388 0.866817 -3.185609 3.021836 -3.462463 2.997798 -2.082618
-2.410153 -1.621378 1.058779 2.542498 2.940574 -4.165435 4.273980 -3.682663 3.922673 -2.592450
1.075774 -2.746074 3.088480 4.596133 6.762844 -6.315756 5.831117 -3.883003 5.644686 -2.512890
-4.963596 -0.870189 -0.267851 1.515643 0.997604 -3.250639 3.220422 -3.530427 3.110617 -2.489118
-1.470215 -1.734595 1.164152 1.885634 2.705984 -3.519082 3.821152 -3.152254 3.217547 -2.609513
-5.871613 -0.442216 -0.620397 1.321330 0.336462 -2.909189 2.945530 -3.253302 2.775097 -2.076718
1.248431 -2.801460 3.321768 4.794092 7.116054 -6.453053 5.995592 -3.858691 5.877845 -2.458174
-4.143105 -1.023061 -0.278330 1.115054 0.694864 -2.345724 2.864553 -2.982306 2.351879 -2.293291
-1.461890 -1.825930 1.314880 2.413818 2.942190 -3.899080 4.164477 -3.308342 3.525570 -2.711588
0.022818 -2.280803 2.243838 3.660156 5.130056 -5.209292 4.979614 -3.691309 4.764483 -2.506917
-4.765970 -0.787293 -0.413605 1.267408 0.631915 -2.862944 2.951396 -3.262169 2.686624 -2.359617
-5.324278 -0.573986 -0.766867 1.067536 0.377604 -2.837733 2.668959 -3.212169 2.749374 -2.418128
-5.356172 -0.730467 -0.363167 1.473602 0.818148 -3.143407 3.085127 -3.465355 3.001549 -2.194617
-5.460711 -0.660532 -0.357988 1.618401 0.972413 -3.307239 3.147192 -3.496628 3.155421 -2.058504
-5.772055 -0.554488 -0.412732 1.525478 0.962148 -3.396521 3.185140 -3.603714 3.330368 -1.985373
1.195633 -2.869857 3.315941 4.862984 7.140501 -6.551768 6.086778 -4.042449 5.885957 -2.487689
