-2.372967 -25.080256 22.118038 -11.269410 4.223211 15.178037 -4.191183 12.333252 9.762187 -17.246376
-3.320576 -29.616611 27.432564 -10.194406 2.006232 18.092579 -1.362122 16.270515 4.711818 -15.092349
-8.640663 -46.769196 39.358707 -11.509479 -3.197888 26.801973 -1.992053 26.560043 3.911018 -16.626398
-6.586204 -42.726734 37.509731 -13.474568 -3.713250 23.694447 -2.511848 24.634092 2.359691 -16.793570
-0.548234 -16.528246 16.027456 -10.260794 8.609670 12.372341 -2.554106 8.212183 13.998344 -17.621275
4.886652 -5.975904 -0.094877 -15.752041 16.644424 1.860961 -8.909809 2.349978 25.014650 -19.475689
5.065144 -3.436157 -3.096112 -14.934859 15.541603 -1.613112 -11.199258 -0.818211 24.841482 -17.627850
-0.961100 -20.364300 21.420300 -10.668784 4.697942 13.945738 -0.956515 10.941461 7.650116 -16.531511
5.294604 -4.014747 -1.116256 -14.916911 10.524441 -2.722334 -10.998925 -1.110846 20.723410 -16.266014
-6.079700 -43.453342 30.685671 -15.719986 -8.501627 17.035709 -11.128858 19.983412 3.416168 -15.707910
1.627081 -14.880776 11.117647 -16.636766 1.314064 3.629092 -12.184379 4.357634 12.228912 -17.754078
2.436703 -16.223919 11.513718 -17.525953 0.815657 2.871393 -11.897931 6.046333 12.293727 -17.765564
-3.965707 -31.211512 27.041075 -11.067730 0.970072 18.304741 -3.546223 16.009855 6.758877 -15.833137
15.237585 12.267289 -0.167179 -19.697229 17.035280 -10.667150 -6.626005 -11.125780 11.871908 -24.994299
9.675310 6.351517 1.443425 -15.987414 16.825562 -3.264084 -4.551827 -5.318532 15.287939 -22.781221
2.403267 -18.971245 11.352788 -18.394203 -4.770905 0.141061 -17.105911 4.360940 7.842925 -15.973182
-0.142716 -32.965206 24.233070 -20.905746 -10.915042 6.632904 -16.414564 13.196474 2.177899 -17.038223
4.262930 -2.067537 -4.774652 -11.067784 20.082222 0.413650 -6.544708 0.614026 25.039927 -15.659824
-8.914143 -48.152386 38.948803 -11.819268 -4.170530 26.467499 -3.180993 26.755278 3.995993 -16.333176
-2.867080 -30.801168 21.861080 -14.648389 -3.075184 12.009018 -10.914122 12.259534 7.496682 -16.352642
-4.392479 -38.686680 28.863174 -12.907913 -3.095263 17.733305 -8.196509 18.065481 5.211847 -15.760468
2.216418 -17.858803 9.515160 -16.894344 5.539633 4.561293 -12.850348 6.448833 16.712955 -18.848938
0.207072 -5.247731 11.185087 -6.750978 19.474068 13.365575 3.410288 4.412049 20.392801 -19.947147
13.737347 10.548604 1.062545 -19.965702 17.230053 -8.394668 -6.234133 -8.501354 17.376684 -26.420795
7.354037 -14.778776 5.619043 -25.211649 -8.796744 -10.836096 -22.277058 1.213305 7.498512 -16.122332
2.366535 -21.271267 10.995973 -19.201107 -6.021144 -1.265538 -19.817137 4.571698 8.981677 -15.943254
12.648264 -7.266103 1.660245 -30.296532 -3.720241 -14.189802 -20.166559 1.099487 9.938875 -19.612072
1.158873 -10.688922 5.910849 -9.645865 16.581497 9.115751 -3.496938 5.799663 22.085142 -17.109806
-6.016953 -37.408535 29.710884 -11.284222 -0.468570 20.862793 -5.087887 19.371149 7.606358 -16.471537
11.851449 7.837402 -3.771843 -18.626980 21.831326 -6.015037 -6.812752 -5.816898 22.027561 -24.104084
9.656754 1.293307 -3.073219 -19.889156 16.023851 -4.767848 -10.000377 -1.838794 20.129860 -20.660765
-6.038023 -49.724976 35.861816 -16.978722 -10.231212 19.339294 -11.954400 23.709936 1.130278 -16.409117
13.294771 3.708953 -13.849599 -23.742123 18.452000 -15.276905 -17.710751 -5.534012 27.205725 -20.432854
-0.355066 -33.447727 21.435139 -19.073997 -9.670141 6.203490 -17.805157 11.640431 3.120396 -15.450623
-7.839895 -48.211689 36.013256 -12.587638 -5.416471 23.360828 -6.740671 24.651764 4.146389 -15.789683
7.049136 -5.386971 2.754096 -19.557903 5.749915 -5.467272 -13.471042 -0.503301 17.873777 -19.956329
-8.011600 -45.996262 35.347504 -12.450083 -4.922655 23.341604 -5.877791 24.032518 4.702648 -16.202774
-6.927352 -42.867558 34.376312 -12.618133 -3.636546 22.640152 -5.245317 22.455606 5.048401 -16.854321
6.827945 -4.895328 -0.407284 -20.949543 7.349820 -5.588699 -15.400072 -0.203702 20.024181 -19.504078
-1.162117 -27.375412 24.653282 -17.391422 -7.056540 9.665874 -9.885137 11.837234 1.545008 -15.988002
4.120286 -5.636693 6.394973 -13.968524 8.884109 2.153288 -6.974470 0.633742 15.500241 -18.312120
-2.529309 -23.343924 25.329418 -10.465847 5.076641 18.096729 1.139937 13.503582 7.118186 -17.626528
-3.434613 -39.034111 29.689854 -16.733448 -8.562604 14.284204 -10.937471 17.931475 1.150606 -15.691485
18.568014 18.155869 1.888484 -19.204708 25.874271 -7.503590 0.052090 -11.820255 13.311255 -29.891720
-5.516918 -45.474529 33.036457 -15.842229 -7.634397 18.684219 -11.053980 21.725393 3.204907 -16.606827
-1.134314 -11.545747 9.928895 -7.121372 12.240955 10.525831 -3.705720 4.636678 18.540594 -16.532860
-3.158064 -28.269337 26.600834 -11.796687 1.025334 17.032970 -2.977048 14.654484 6.171275 -16.817053
5.103633 -16.155214 5.508319 -20.867779 1.973202 -1.462367 -17.024235 5.704980 15.747443 -18.461761
-1.916753 -27.739843 20.798805 -15.508589 -3.673952 10.279995 -10.667674 10.873892 6.194594 -16.024204
-2.070163 -36.907391 25.569510 -17.533092 -8.861039 10.967729 -14.324673 14.628468 2.364015 -15.737967
-4.456055 -46.072193 31.651392 -17.012037 -9.783648 15.972357 -14.006536 20.409208 1.901403 -16.002947
5.667168 -5.568082 -2.740653 -18.400148 14.654408 -2.432506 -13.378011 0.918635 26.170353 -19.741455
-3.395147 -25.831383 26.057220 -7.877529 7.944581 20.635702 2.767188 15.506233 10.013772 -17.217506
-6.421294 -28.931839 33.475132 -5.877379 9.001664 27.859400 9.437597 20.267851 8.088819 -17.977776
13.079898 -4.794868 0.173052 -29.634512 -0.026107 -14.556587 -18.757380 -0.086116 14.114713 -21.194607
13.878607 7.267186 -14.016594 -22.716774 20.563171 -15.960705 -15.458570 -6.342330 26.284388 -21.309834
-1.165385 -26.112183 20.604292 -14.393746 -2.282433 10.228097 -9.030394 11.138033 5.550877 -14.971597
-6.975616 -49.743145 34.620525 -16.385159 -9.903625 19.413940 -12.109649 23.413099 2.580962 -16.123932
-0.307051 -17.476910 20.475632 -11.151317 6.887437 13.672350 -0.628633 9.123217 9.420871 -18.163589
19.035501 9.705448 2.219297 -26.871351 15.380008 -11.519480 -7.241689 -8.022585 12.818371 -29.768003
9.282073 0.315298 -4.692454 -19.734282 9.272723 -10.986783 -14.779982 -3.670582 20.482470 -18.030605
2.315356 -6.545239 6.160281 -11.822278 14.467425 5.699567 -4.740936 2.418200 20.771185 -19.660536
-1.043875 -17.752720 21.063480 -9.976008 5.423495 14.185555 0.796950 9.582272 7.263427 -16.652763
1.750820 -21.732941 17.601406 -17.584023 -5.143440 4.048671 -12.886179 8.002214 4.015587 -15.729686
0.921238 -23.301044 14.638090 -16.474972 1.360596 6.442086 -12.853764 8.885580 13.369502 -17.877720
2.679708 -13.173591 11.150175 -14.976269 8.609242 6.383859 -7.059916 5.704035 15.592969 -19.764935
13.982405 3.428003 -7.713378 -24.899117 15.344085 -12.431984 -15.061719 -4.432085 21.496634 -21.886629
10.785175 4.666917 -13.276958 -19.374281 22.594799 -10.172756 -13.529339 -4.555430 27.818167 -19.509007
-0.733128 -18.825172 17.765369 -11.807753 5.595676 11.781609 -4.271945 8.973396 11.294060 -17.574778
2.517515 -14.547975 9.675352 -17.316143 1.184176 1.755358 -12.945998 4.649839 12.242535 -17.691631
-1.465121 -23.673840 16.072609 -12.365136 3.133255 9.907143 -9.756209 9.085936 12.697443 -16.583942
