1.077993 3.884233 2.707201 0.491422 -3.018489 1.170151 -2.082476 2.287471 -0.569305 -1.016244
1.075174 3.856857 2.707938 0.486105 -2.966047 1.130193 -2.052667 2.269336 -0.555154 -1.014095
1.093441 3.805907 2.712647 0.480693 -2.925848 1.155865 -2.020258 2.261214 -0.579779 -1.036147
1.076180 3.798406 2.684815 0.493999 -2.920759 1.184135 -2.031189 2.222948 -0.583786 -1.034792
1.077861 3.809556 2.679465 0.488058 -2.945094 1.173540 -2.019161 2.234400 -0.608233 -1.027212
1.081174 3.837503 2.702479 0.489332 -2.951907 1.158675 -2.043307 2.279656 -0.569741 -1.029828
1.060407 3.816646 2.691280 0.487803 -2.937443 1.155492 -2.065232 2.237382 -0.560984 -1.014290
1.068147 3.798915 2.705470 0.481426 -2.894941 1.109730 -2.014427 2.260083 -0.553878 -1.024146
1.071588 3.837343 2.694210 0.478298 -2.943826 1.107894 -2.047115 2.259273 -0.557354 -1.007909
1.057286 3.840677 2.679103 0.494318 -2.997833 1.193231 -2.063221 2.255291 -0.602801 -1.015914
1.077015 3.839074 2.706027 0.490987 -2.935084 1.179607 -2.062855 2.261820 -0.537035 -1.031645
1.064064 3.814029 2.686768 0.483591 -2.961553 1.190586 -2.055873 2.239392 -0.580466 -1.015666
1.077276 3.770781 2.690309 0.472043 -2.883473 1.132451 -1.999843 2.229810 -0.570733 -1.022631
1.059071 3.778002 2.634486 0.485263 -2.883957 1.114944 -1.986190 2.180346 -0.588328 -1.011838
1.067881 3.830587 2.694839 0.486676 -2.921099 1.133230 -2.039047 2.244604 -0.547408 -1.022510
1.062803 3.825609 2.653991 0.480597 -2.961204 1.109208 -2.023508 2.234833 -0.593514 -0.993968
1.072474 3.797897 2.680021 0.486508 -2.913223 1.135905 -2.005011 2.224111 -0.580974 -1.021518
1.052660 3.810225 2.688233 0.494666 -2.960702 1.172969 -2.077990 2.242474 -0.577512 -1.004257
1.078342 3.840356 2.703024 0.483927 -2.952018 1.135487 -2.045973 2.268230 -0.567977 -1.018316
1.082496 3.792432 2.704840 0.478246 -2.907617 1.151779 -2.020541 2.249608 -0.565887 -1.026586
1.083762 3.854572 2.693400 0.494383 -2.978012 1.195191 -2.055781 2.256129 -0.581957 -1.026071
1.073390 3.820228 2.682885 0.488560 -2.970584 1.195945 -2.070775 2.262286 -0.586962 -1.013995
1.075281 3.795034 2.710004 0.480051 -2.903805 1.139550 -2.033399 2.264794 -0.546168 -1.033709
1.055142 3.831506 2.670804 0.490149 -2.975339 1.192573 -2.074779 2.240030 -0.565583 -1.011843
1.077552 3.831812 2.691962 0.486686 -2.946772 1.158057 -2.040664 2.260351 -0.577209 -1.021757
1.068017 3.790353 2.671591 0.485689 -2.929743 1.184722 -2.031475 2.228295 -0.586757 -1.015634
1.077253 3.802822 2.631512 0.486910 -2.909021 1.105884 -1.976192 2.206708 -0.583215 -1.005180
1.063738 3.829783 2.686703 0.480955 -2.952071 1.109038 -2.033165 2.252111 -0.574086 -1.009265
1.078782 3.864612 2.688374 0.482344 -3.026545 1.203372 -2.089877 2.267164 -0.588421 -1.005205
1.085474 3.832845 2.694196 0.489452 -2.936608 1.153170 -2.035329 2.259270 -0.576410 -1.027527
1.072721 3.849146 2.688732 0.484667 -2.992314 1.171568 -2.053394 2.256390 -0.588214 -1.015518
1.069665 3.896719 2.687392 0.493514 -3.048807 1.176589 -2.096502 2.270586 -0.589810 -1.010548
1.096817 3.759831 2.691582 0.478534 -2.857143 1.152393 -1.968110 2.232153 -0.584519 -1.044384
1.078425 3.854094 2.692765 0.484163 -3.008250 1.183791 -2.083403 2.278491 -0.591898 -1.008265
1.050665 3.823202 2.701324 0.489134 -2.971106 1.162965 -2.072536 2.258873 -0.561966 -1.015933
1.074676 3.833419 2.704562 0.482320 -2.969754 1.175084 -2.052485 2.255955 -0.583044 -1.025387
1.074474 3.846855 2.694810 0.481321 -2.942032 1.126356 -2.033063 2.243218 -0.564222 -1.019450
1.088442 3.795949 2.662654 0.483707 -2.857258 1.113704 -1.977634 2.220797 -0.541057 -1.021135
1.076702 3.817069 2.689485 0.487889 -2.895241 1.088442 -1.999500 2.254301 -0.553491 -1.029162
1.053691 3.858809 2.686608 0.495099 -3.001385 1.161481 -2.081642 2.256004 -0.578683 -1.011366
1.044643 3.780721 2.596165 0.475778 -3.022717 1.289740 -2.081886 2.151362 -0.622996 -0.986751
1.097350 3.834603 2.717846 0.477654 -2.916120 1.124208 -2.001052 2.276382 -0.546369 -1.037223
1.084511 3.876733 2.707060 0.481853 -3.002158 1.155843 -2.080279 2.277148 -0.571783 -1.011747
1.065616 3.846315 2.691032 0.486187 -2.972384 1.154034 -2.051883 2.254431 -0.575912 -1.016390
1.077714 3.810026 2.642156 0.486078 -2.934805 1.122768 -1.992434 2.214039 -0.605555 -1.008492
1.072432 3.817593 2.658461 0.493982 -2.935142 1.131663 -2.017138 2.226606 -0.608284 -1.019758
1.051225 3.763527 2.672641 0.499538 -2.934047 1.200731 -2.050748 2.234617 -0.599132 -1.016335
1.072374 3.707661 2.695826 0.482634 -2.820043 1.165590 -1.986491 2.228710 -0.550654 -1.043295
1.101753 3.877133 2.701883 0.484009 -3.009485 1.190538 -2.071980 2.279373 -0.584203 -1.026500
1.086035 3.835026 2.684544 0.490564 -2.946110 1.173880 -2.038568 2.249695 -0.578590 -1.030265
1.088733 3.833501 2.682433 0.478431 -2.938739 1.137830 -2.028844 2.259372 -0.586950 -1.031680
1.039361 3.778803 2.631390 0.494161 -2.911599 1.146346 -2.044421 2.193863 -0.580810 -0.995071
1.087803 3.849822 2.704532 0.486745 -2.977506 1.183276 -2.046819 2.263132 -0.578675 -1.026714
1.063818 3.790662 2.693636 0.495087 -2.890042 1.120635 -2.011799 2.218549 -0.582103 -1.037399
1.060618 3.790447 2.685885 0.485244 -2.902607 1.144347 -2.031208 2.210628 -0.559866 -1.029431
1.070215 3.807757 2.674697 0.489752 -2.905393 1.132715 -2.032901 2.231517 -0.559914 -1.013588
1.072769 3.806283 2.650540 0.480234 -2.951106 1.139955 -2.020812 2.229394 -0.602343 -1.001595
1.050697 3.807690 2.647521 0.492473 -2.932056 1.130134 -2.045013 2.218337 -0.585040 -1.003901
1.077185 3.871575 2.700608 0.492871 -2.995722 1.165262 -2.074953 2.272242 -0.570135 -1.019130
1.046966 3.758847 2.672088 0.476324 -2.926869 1.167312 -2.059266 2.206165 -0.574125 -0.999517
1.065833 3.835736 2.698369 0.485644 -2.924583 1.103713 -2.041636 2.247902 -0.544863 -1.016142
1.073608 3.849420 2.707291 0.494486 -2.951048 1.107146 -2.033596 2.263684 -0.573558 -1.034427
1.089701 3.824100 2.698478 0.488827 -2.917379 1.192278 -2.065815 2.245313 -0.541366 -1.022660
1.021683 3.657522 2.599620 0.496890 -2.883427 1.240445 -2.067073 2.166514 -0.605912 -0.992586
1.094036 3.837757 2.665471 0.490735 -2.977930 1.232669 -2.098929 2.242471 -0.574195 -1.013264
1.047692 3.698382 2.631732 0.488474 -2.856202 1.126804 -1.965935 2.183729 -0.617375 -1.014545
1.031494 3.802350 2.682596 0.491392 -2.957925 1.164428 -2.082329 2.228158 -0.558428 -1.003622
1.049985 3.810452 2.687392 0.486716 -2.977752 1.181103 -2.092389 2.252638 -0.582125 -1.010858
1.070832 3.835500 2.703624 0.489431 -2.984656 1.188441 -2.088680 2.275310 -0.576508 -1.020073
