6.626451 7.654537 -5.873867 -6.010411 -8.052746 -5.851121 -6.578535 -5.672389 -8.154380 -16.798672
-1.194426 -2.595398 -12.140555 -13.970615 -0.482982 5.743488 1.982343 -10.504397 7.847801 -6.076652
-15.145440 -2.634366 -17.916237 -13.068817 14.099190 7.168305 18.500246 -13.428990 16.681885 -10.496669
5.316303 12.841871 -7.271555 -11.759315 -3.389755 -8.664418 -2.638020 -12.347041 4.454244 -10.088319
-10.897711 -0.659314 -17.335182 -16.424257 12.559793 2.032882 16.961086 -17.009657 20.598989 -7.993300
-24.653463 -10.486799 -15.140651 -13.702089 24.343855 17.240641 29.789864 -13.959165 27.482924 -0.531286
-3.560568 -3.053021 -10.606717 -15.889477 3.798138 4.125500 8.567947 -14.438245 16.980316 -0.942303
-1.352020 3.286415 -13.821012 -7.888369 2.446219 -6.354795 3.553300 -7.867622 0.740611 -16.063660
-11.307326 -9.001412 -12.425221 -12.092472 17.870880 -1.025286 21.358032 -9.652308 18.792343 -4.048403
-4.160746 -0.740854 -13.665793 -15.063298 4.911728 2.475340 8.411563 -13.129851 13.691156 -5.876922
9.557210 6.664012 -6.339572 -10.375656 -9.477973 -6.576314 -8.130357 -7.610080 -5.219813 -15.538440
3.733792 5.386165 -8.482983 -6.022103 -3.005659 -8.627845 -1.765962 -4.287913 -5.787085 -18.500298
-1.737469 3.715080 -15.460378 -10.990458 0.694896 -1.021553 2.715580 -11.259677 3.434716 -14.619834
-8.870451 -10.512014 -12.365842 -14.812271 11.933541 6.144725 17.752350 -13.047630 21.355303 -1.206891
0.607308 4.760878 -12.070374 -13.010458 -3.085281 0.338855 -0.366549 -13.436661 6.462529 -8.882104
2.141272 4.902380 -9.610147 -10.905363 -6.378691 2.664518 -3.438704 -12.637521 3.024185 -10.680518
-19.033075 -2.505465 -12.821694 -4.410284 16.941288 5.939719 22.295490 -8.835961 11.091594 -10.772975
-16.112078 -4.546265 -13.950680 -11.850685 15.515188 10.212243 19.149239 -10.435178 15.380785 -4.606515
-7.772315 -7.418555 -12.425584 -19.072243 7.757559 12.554976 12.080447 -14.777492 22.755461 3.456389
-3.648496 19.972115 -10.825149 1.575158 1.788386 -16.178308 1.806749 -4.002929 -11.726242 -34.735325
-8.280098 7.113458 -16.057964 -11.399580 3.306499 4.617932 6.816841 -12.674712 6.836559 -13.638911
-0.536841 -1.433222 -11.567101 -14.576668 -0.093398 2.585484 3.746573 -12.726096 11.125566 -4.812734
-21.216520 2.725122 -17.719503 -11.158056 14.061084 13.997267 18.950134 -13.223351 15.389640 -10.634881
5.160927 9.082888 -4.090184 -4.031994 -7.007324 -8.058512 -4.381021 -3.803218 -9.442396 -19.047550
2.971158 10.193808 -11.800635 -6.327764 -3.745300 -9.408620 -3.025168 -6.358232 -6.991764 -23.449139
-9.557601 -12.871782 -10.541093 -12.219191 8.404269 14.837625 14.081873 -10.319697 17.470636 1.356268
-4.172461 2.079078 -13.410993 -13.708376 0.773648 6.366302 4.005979 -12.321698 9.394968 -6.380472
29.590521 29.707632 1.369801 -22.045502 -26.461855 -5.525628 -29.568859 -23.375538 7.368929 -5.781423
-4.753403 -2.197710 -11.107286 -15.621126 1.479247 9.097215 7.288967 -15.120345 16.860645 -1.157993
-18.813972 -15.913227 -14.510998 -18.098396 22.362381 17.379715 27.245659 -14.302621 31.753790 3.705238
0.598705 9.005810 -15.896325 -12.125523 -0.865111 -7.308064 -0.081694 -12.196947 1.898584 -18.825312
-6.333700 3.935714 -14.690484 -16.424013 2.934962 6.415378 6.998877 -16.657345 14.538492 -6.654371
-20.792767 -6.111152 -14.636253 -15.111227 17.862438 16.198952 25.329172 -16.425976 27.563280 0.201911
-11.480423 -12.369113 -10.605027 -14.068475 13.640442 9.996166 18.251984 -9.672369 19.064215 2.010436
-1.819289 -13.060081 -4.609457 -10.576171 7.726840 0.371520 12.412296 -4.301485 12.654560 4.331630
-3.391035 -1.574459 -13.013082 -12.725903 2.462749 2.571743 5.611618 -10.479274 8.288704 -7.818761
-8.976577 5.983302 -17.162834 -4.063838 15.327521 -15.181522 13.269759 -6.468232 1.799413 -25.232510
-9.681151 10.244789 -6.416108 4.553702 2.396454 -5.158966 9.010639 -1.402268 -10.344434 -23.412552
4.991180 8.526235 -8.187279 -7.857656 -6.290601 -7.202577 -4.188400 -6.316296 -6.251511 -16.159103
-15.954390 -9.531822 -13.483596 -16.798943 12.750359 20.384916 19.324345 -15.079793 25.728710 3.210543
-6.595828 0.556468 -12.162765 -8.322540 3.653015 3.322198 7.585064 -7.085706 4.339451 -10.061694
3.152861 -1.973831 -2.889145 -7.778903 -3.133620 -2.705684 0.984038 -4.009558 1.790660 -2.285825
0.881768 6.335008 -11.597091 -14.625367 -6.009798 5.231098 -3.363177 -15.247903 6.388773 -7.142608
0.774869 3.356108 -11.298635 -14.072443 -5.064141 7.899039 -2.725611 -13.857725 7.993721 -5.945493
-1.431069 0.094043 -11.847768 -16.029413 -1.021298 7.128555 2.990604 -14.494590 12.571629 -3.127640
-12.812737 1.494959 -12.865842 -9.284806 6.035602 10.235324 12.239491 -11.829700 10.278584 -7.904265
-20.956549 -9.676394 -12.302230 -9.002862 16.585217 18.880318 22.581463 -9.526343 17.438076 -1.408804
5.144813 5.120940 -0.911699 -2.697211 -7.577919 -5.589039 -4.152113 -2.959505 -8.574032 -12.420090
-20.410185 2.923093 -11.047279 -0.537469 16.023825 0.794922 23.068195 -7.160531 5.710107 -13.356849
-1.924753 6.028601 -11.533314 -9.975863 -4.400597 6.615495 -1.646107 -11.234937 2.457206 -9.833799
-16.974726 -11.144900 -12.415260 -16.253510 14.675537 21.402929 20.786228 -14.231614 25.934643 5.067867
4.509916 7.165535 -7.654671 -6.472021 -6.879779 -5.391148 -5.037807 -5.818275 -6.687727 -15.869460
-11.350720 -2.298983 -14.492167 -14.605751 8.852762 9.171727 13.374986 -12.613092 15.107939 -4.809675
2.482028 0.274963 -6.290470 -9.647656 -1.309682 -5.334963 1.977727 -6.682831 2.857037 -4.499948
3.329329 -1.231359 -7.234088 -7.534350 -3.129322 -2.407318 -0.949075 -4.860407 -1.153123 -8.417329
1.603604 5.717000 -12.484996 -13.077903 -5.212675 1.436559 -3.101817 -13.751824 4.394356 -10.795626
2.386624 3.754117 -9.985093 -6.501362 -2.143817 -6.742163 -0.194811 -5.337279 -3.617357 -16.226013
3.950391 2.111810 -9.311498 -8.602813 -3.591859 -5.136594 -1.828045 -7.038521 -0.553094 -10.850505
3.126960 1.867007 -9.166667 -10.046499 -3.176680 -3.023837 -1.211169 -8.514562 1.806841 -8.502496
-12.882676 -0.809751 -13.392963 -7.908031 9.817890 6.331122 13.751066 -8.546625 7.868851 -10.174529
-8.048428 -5.215593 -6.969115 -3.524207 8.527905 3.031772 11.474461 -2.542145 2.914559 -4.581114
-11.840737 -6.526483 -6.074299 -5.894581 6.376350 13.770395 13.486892 -6.026394 9.591236 1.512343
-15.031500 -16.604061 -11.923301 -13.659884 20.504230 9.636140 27.046856 -13.107763 27.576706 2.520770
-7.082434 -5.289028 -13.352046 -12.525993 8.104512 2.453900 11.437196 -10.801459 12.859299 -6.483077
-6.681234 -7.969743 -12.665241 -19.460718 4.672709 15.767471 9.876058 -16.125072 22.286884 3.219871
-12.304629 -18.085482 -12.234344 -21.066198 12.840838 23.998079 19.682991 -16.696991 33.689491 10.730012
5.699371 7.347013 -6.490603 -5.127774 -8.142646 -4.954741 -6.046096 -5.649937 -8.246737 -17.186134
-2.458784 -8.922026 -10.030669 -15.228909 7.146104 0.508576 11.742942 -12.107425 18.138569 1.054608
