-0.421705 -4.788073 1.271251 -11.035722 -4.721564 -0.500588 0.915360 3.576433 -3.130556 -3.339549
-3.350852 -7.070050 3.321074 -6.833154 -6.706134 -3.520672 -0.781888 6.509329 -4.492391 -0.965916
-3.853123 -7.712624 3.996221 -6.649566 -7.320352 -4.481311 -1.114950 7.614573 -4.982394 -0.263393
-0.631114 -5.084569 1.105128 -11.264578 -4.970136 -0.528373 0.751568 3.946197 -3.198142 -3.315279
-3.685477 -7.465876 3.861712 -6.903333 -7.179296 -4.316603 -1.043222 7.403840 -4.925512 -0.635882
-4.153358 -7.678114 4.221546 -6.316251 -7.506613 -4.737804 -1.296369 7.851559 -4.966203 -0.314349
-3.725692 -7.517399 3.834086 -6.935127 -7.262458 -4.230259 -1.119205 7.364682 -4.815412 -0.786190
-2.501662 -6.856042 2.959917 -7.847895 -6.356163 -3.156645 -0.338647 6.152261 -4.539445 -0.655251
-3.449697 -7.188841 3.809036 -6.820511 -6.974979 -4.153753 -1.008722 7.168915 -4.599125 -0.605168
-3.466757 -7.385263 3.554462 -7.038791 -7.057819 -3.977988 -0.930939 7.040019 -4.822473 -0.547992
-0.493685 -4.774671 1.214923 -11.036946 -4.816918 -0.473413 0.827828 3.641384 -3.055014 -3.232894
-0.534962 -4.954549 1.300846 -11.323608 -4.945988 -0.487258 0.652157 3.756633 -3.436411 -3.352909
-2.828145 -6.916766 3.186512 -8.470935 -6.523335 -3.419305 -0.500652 6.300704 -4.644347 -1.253770
-3.893766 -7.702715 4.050324 -6.710441 -7.456531 -4.545216 -1.189940 7.589987 -5.062762 -0.404310
-3.310754 -7.237285 3.557283 -7.423701 -6.778357 -3.947225 -0.864061 6.735903 -4.943742 -0.839086
-2.058568 -6.420024 2.547110 -9.624220 -6.005313 -2.266838 -0.031573 5.517007 -4.111917 -2.274933
-3.921872 -7.472985 4.031716 -6.342481 -7.319728 -4.387716 -1.045266 7.540188 -4.913056 -0.108993
-3.717908 -7.438631 3.922868 -6.683418 -7.210175 -4.293880 -1.001109 7.460699 -4.764611 -0.482186
-3.825074 -7.586797 3.894223 -6.539800 -7.145387 -4.375787 -1.120371 7.349669 -4.848304 -0.719185
-0.378269 -4.875787 1.328261 -10.995997 -4.698090 -0.507093 0.901053 3.602965 -3.227969 -3.351918
-3.473171 -7.430494 3.600799 -7.383540 -7.059902 -3.912171 -0.798656 7.088250 -4.842738 -0.795351
-3.425007 -7.231360 3.717421 -7.368523 -6.822457 -3.824982 -1.004982 6.977597 -4.661384 -0.968108
-3.917615 -7.656241 4.095112 -6.544744 -7.288266 -4.522677 -1.126669 7.631393 -5.008313 -0.289708
-0.480776 -4.843765 1.300080 -11.139823 -4.745997 -0.411525 0.907234 3.612804 -3.191604 -3.358123
-0.371186 -4.856683 1.231403 -11.176975 -4.779059 -0.483601 0.777057 3.579549 -3.219703 -3.271507
-3.893162 -7.641400 4.127014 -6.536140 -7.271478 -4.496840 -1.208471 7.402052 -5.059032 -0.441131
-3.504337 -7.368796 3.704755 -7.280426 -6.980181 -4.014835 -0.859117 7.093898 -4.886514 -0.837543
-0.579022 -4.741134 1.204530 -10.827646 -4.785497 -0.482529 0.748676 3.702476 -3.071359 -3.219656
-3.940102 -7.504515 3.938262 -6.868480 -7.185529 -4.345187 -1.093132 7.381099 -4.940422 -0.830944
-4.158675 -7.782185 4.214835 -6.301165 -7.496434 -4.764733 -1.294096 7.802442 -4.990239 -0.328605
-1.151900 -5.449888 1.712550 -10.263208 -5.407880 -1.323229 0.364861 4.368557 -3.279289 -2.819893
-3.849865 -7.604712 3.915170 -6.786232 -7.242263 -4.421878 -1.116368 7.446186 -4.920522 -0.691279
-4.265730 -7.844887 4.455815 -6.453729 -7.645881 -4.935605 -1.353834 8.045727 -5.197495 -0.395451
-3.782501 -7.518232 3.929578 -6.656768 -7.108587 -4.384714 -1.136500 7.379010 -4.712522 -0.638036
-3.490368 -6.928445 3.590629 -6.599360 -6.748058 -4.019415 -1.075340 6.762713 -4.355066 -0.747825
-3.514972 -7.513643 3.675484 -6.985530 -7.013093 -4.060040 -0.975232 7.089848 -4.835421 -0.641501
-1.044579 -4.560785 1.391835 -8.224806 -4.545800 -1.195634 0.207603 3.785232 -2.988054 -1.728579
-0.495250 -5.018589 1.429599 -11.131227 -5.012093 -0.668374 0.642914 3.911786 -3.403003 -3.413592
-0.373545 -4.767248 1.172999 -11.068904 -4.712493 -0.585270 0.793809 3.580231 -2.960415 -3.079334
-4.222672 -7.967170 4.370480 -6.409458 -7.606503 -4.884675 -1.311599 7.985976 -5.199151 -0.342093
-3.157290 -7.264879 3.489093 -7.326170 -6.924274 -3.852590 -0.766443 6.851015 -4.842238 -0.388196
-0.732148 -4.927238 1.046122 -10.319265 -4.675159 -0.695981 0.749625 3.681624 -3.112356 -2.853817
-3.379172 -7.216252 3.637249 -7.617409 -6.731255 -3.893613 -0.939625 6.776174 -5.036696 -1.027679
-3.583290 -7.143473 3.632838 -6.846057 -6.664136 -3.860073 -0.851525 6.642689 -4.878119 -1.026478
-3.673053 -7.302196 3.581829 -7.044342 -7.044775 -4.011234 -0.991467 6.980847 -4.755375 -0.942949
-3.829890 -7.662902 4.056613 -6.829012 -7.342015 -4.446455 -0.993604 7.610310 -4.970461 -0.581416
-4.024560 -7.727316 4.128717 -6.256918 -7.414562 -4.564327 -1.146724 7.657041 -4.998540 -0.203879
-0.632390 -4.883871 1.285250 -10.862427 -4.796511 -0.480732 0.889165 3.743929 -3.353003 -3.196655
-3.206931 -7.007102 3.711192 -7.045160 -6.819285 -3.886704 -0.778014 7.162044 -4.723036 -0.456545
-3.387348 -7.345678 3.645690 -7.064874 -6.692327 -3.835793 -0.753268 6.770700 -4.964299 -0.829013
-4.385211 -7.945783 4.350109 -6.222726 -7.628030 -4.925275 -1.431281 8.009824 -5.075700 -0.487287
-0.420895 -4.784411 1.186918 -10.924438 -4.756921 -0.569241 0.744403 3.499774 -3.149170 -3.110470
-3.853997 -7.694578 3.974699 -6.939074 -7.381294 -4.384209 -1.116316 7.582253 -4.993549 -0.510232
-2.235157 -6.069859 2.710261 -8.187792 -5.751027 -2.607352 -0.442368 5.454660 -3.888554 -1.738256
-0.920883 -5.376607 1.301822 -10.958878 -5.171197 -0.696776 0.704790 4.030334 -2.930638 -3.196752
-3.331696 -7.191293 3.499961 -7.865984 -6.700363 -3.678752 -0.736002 6.604612 -4.941582 -1.258282
-0.519962 -5.057460 1.267940 -11.438756 -5.103372 -0.611860 0.476530 3.774902 -3.389178 -3.591461
-1.128432 -5.390883 1.593601 -10.310356 -5.293771 -1.171986 0.431908 4.328166 -3.248154 -2.920540
-2.499865 -6.376208 2.699460 -8.555568 -6.049664 -2.556182 -0.274521 5.510577 -4.066571 -1.969206
-3.783380 -7.569332 3.913338 -6.785900 -7.171504 -4.216564 -0.962772 7.346197 -4.884954 -0.325878
-3.349150 -7.269676 3.604115 -6.895310 -6.759818 -3.811601 -0.768788 6.736453 -4.679683 -0.368421
-3.846971 -7.686026 4.165908 -6.659500 -7.332348 -4.459564 -1.114693 7.441410 -5.190532 -0.379258
-4.071349 -7.681700 4.285651 -6.287423 -7.549687 -4.772880 -1.346941 7.813872 -5.053264 -0.231259
-3.606203 -7.561248 3.933641 -6.815217 -7.087027 -4.374550 -1.059137 7.310636 -4.921937 -0.451101
-4.109127 -7.715872 4.056013 -6.470732 -7.355425 -4.579750 -1.293977 7.588602 -4.975626 -0.626043
-4.348931 -7.979606 4.376617 -6.288715 -7.660207 -4.943041 -1.426083 7.944574 -5.197640 -0.418676
-0.382480 -4.720868 1.216033 -11.073149 -4.737237 -0.490259 0.845511 3.514378 -3.081053 -3.403183
-3.604200 -7.163489 3.711434 -6.737494 -7.008049 -4.170331 -1.136441 7.073524 -4.659432 -0.804161
